ID,DT,Usage
239,46801,0.0
239,46802,0.0
239,46803,0.0
239,46804,0.0
239,46805,0.0
239,46806,0.0
239,46807,0.0
239,46808,0.0
239,46809,0.0
239,46810,0.0
239,46811,0.0
239,46812,0.0
239,46813,0.0
239,46814,0.0
239,46815,0.01
239,46816,0.01
239,46817,0.03
239,46818,0.05
239,46819,0.12
239,46820,0.19
239,46821,0.31
239,46822,0.59
239,46823,0.69
239,46824,0.72
239,46825,0.73
239,46826,0.71
239,46827,0.69
239,46828,0.64
239,46829,0.58
239,46830,0.48
239,46831,0.35
239,46832,0.26
239,46833,0.06
239,46834,0.01
239,46835,0.0
239,46836,0.0
239,46837,0.0
239,46838,0.0
239,46839,0.0
239,46840,0.0
239,46841,0.0
239,46842,0.0
239,46843,0.0
239,46844,0.0
239,46845,0.0
239,46846,0.0
239,46847,0.0
239,46848,0.0
239,46901,0.0
239,46902,0.0
239,46903,0.0
239,46904,0.0
239,46905,0.0
239,46906,0.0
239,46907,0.0
239,46908,0.0
239,46909,0.0
239,46910,0.0
239,46911,0.0
239,46912,0.0
239,46913,0.0
239,46914,0.0
239,46915,0.01
239,46916,0.01
239,46917,0.02
239,46918,0.03
239,46919,0.08
239,46920,0.28
239,46921,0.47
239,46922,0.64
239,46923,0.74
239,46924,0.78
239,46925,0.78
239,46926,0.76
239,46927,0.72
239,46928,0.67
239,46929,0.61
239,46930,0.53
239,46931,0.41
239,46932,0.29
239,46933,0.06
239,46934,0.01
239,46935,0.0
239,46936,0.0
239,46937,0.0
239,46938,0.0
239,46939,0.0
239,46940,0.0
239,46941,0.0
239,46942,0.0
239,46943,0.0
239,46944,0.0
239,46945,0.0
239,46946,0.0
239,46947,0.0
239,46948,0.0
239,47001,0.0
239,47002,0.0
239,47003,0.0
239,47004,0.0
239,47005,0.0
239,47006,0.0
239,47007,0.0
239,47008,0.0
239,47009,0.0
239,47010,0.0
239,47011,0.0
239,47012,0.0
239,47013,0.0
239,47014,0.0
239,47015,0.01
239,47016,0.01
239,47017,0.03
239,47018,0.05
239,47019,0.09
239,47020,0.28
239,47021,0.47
239,47022,0.64
239,47023,0.74
239,47024,0.59
239,47025,0.86
239,47026,0.81
239,47027,0.74
239,47028,0.68
239,47029,0.61
239,47030,0.5
239,47031,0.38
239,47032,0.33
239,47033,0.04
239,47034,0.01
239,47035,0.0
239,47036,0.0
239,47037,0.0
239,47038,0.0
239,47039,0.0
239,47040,0.0
239,47041,0.0
239,47042,0.0
239,47043,0.0
239,47044,0.0
239,47045,0.0
239,47046,0.0
239,47047,0.0
239,47048,0.0
239,47101,0.0
239,47102,0.0
239,47103,0.0
239,47104,0.0
239,47105,0.0
239,47106,0.0
239,47107,0.0
239,47108,0.0
239,47109,0.0
239,47110,0.0
239,47111,0.0
239,47112,0.0
239,47113,0.0
239,47114,0.0
239,47115,0.01
239,47116,0.01
239,47117,0.02
239,47118,0.04
239,47119,0.09
239,47120,0.28
239,47121,0.46
239,47122,0.64
239,47123,0.72
239,47124,0.75
239,47125,0.76
239,47126,0.75
239,47127,0.72
239,47128,0.68
239,47129,0.61
239,47130,0.53
239,47131,0.42
239,47132,0.31
239,47133,0.07
239,47134,0.01
239,47135,0.0
239,47136,0.0
239,47137,0.0
239,47138,0.0
239,47139,0.0
239,47140,0.0
239,47141,0.0
239,47142,0.0
239,47143,0.0
239,47144,0.0
239,47145,0.0
239,47146,0.0
239,47147,0.0
239,47148,0.0
239,47201,0.0
239,47202,0.0
239,47203,0.0
239,47204,0.0
239,47205,0.0
239,47206,0.0
239,47207,0.0
239,47208,0.0
239,47209,0.0
239,47210,0.0
239,47211,0.0
239,47212,0.0
239,47213,0.0
239,47214,0.0
239,47215,0.01
239,47216,0.01
239,47217,0.02
239,47218,0.04
239,47219,0.09
239,47220,0.29
239,47221,0.47
239,47222,0.65
239,47223,0.74
239,47224,0.77
239,47225,0.78
239,47226,0.77
239,47227,0.74
239,47228,0.7
239,47229,0.63
239,47230,0.56
239,47231,0.46
239,47232,0.33
239,47233,0.07
239,47234,0.01
239,47235,0.0
239,47236,0.0
239,47237,0.0
239,47238,0.0
239,47239,0.0
239,47240,0.0
239,47241,0.0
239,47242,0.0
239,47243,0.0
239,47244,0.0
239,47245,0.0
239,47246,0.0
239,47247,0.0
239,47248,0.0
239,47301,0.0
239,47302,0.0
239,47303,0.0
239,47304,0.0
239,47305,0.0
239,47306,0.0
239,47307,0.0
239,47308,0.0
239,47309,0.0
239,47310,0.0
239,47311,0.0
239,47312,0.0
239,47313,0.0
239,47314,0.0
239,47315,0.01
239,47316,0.01
239,47317,0.02
239,47318,0.03
239,47319,0.1
239,47320,0.29
239,47321,0.48
239,47322,0.66
239,47323,0.74
239,47324,0.78
239,47325,0.79
239,47326,0.78
239,47327,0.74
239,47328,0.7
239,47329,0.63
239,47330,0.54
239,47331,0.45
239,47332,0.33
239,47333,0.07
239,47334,0.01
239,47335,0.0
239,47336,0.0
239,47337,0.0
239,47338,0.0
239,47339,0.0
239,47340,0.0
239,47341,0.0
239,47342,0.0
239,47343,0.0
239,47344,0.0
239,47345,0.0
239,47346,0.0
239,47347,0.0
239,47348,0.0
239,47401,0.0
239,47402,0.0
239,47403,0.0
239,47404,0.0
239,47405,0.0
239,47406,0.0
239,47407,0.0
239,47408,0.0
239,47409,0.0
239,47410,0.0
239,47411,0.0
239,47412,0.0
239,47413,0.0
239,47414,0.0
239,47415,0.01
239,47416,0.01
239,47417,0.02
239,47418,0.04
239,47419,0.11
239,47420,0.29
239,47421,0.49
239,47422,0.67
239,47423,0.76
239,47424,0.78
239,47425,0.79
239,47426,0.78
239,47427,0.74
239,47428,0.7
239,47429,0.63
239,47430,0.54
239,47431,0.45
239,47432,0.33
239,47433,0.07
239,47434,0.0
239,47435,0.0
239,47436,0.0
239,47437,0.0
239,47438,0.0
239,47439,0.0
239,47440,0.0
239,47441,0.0
239,47442,0.0
239,47443,0.0
239,47444,0.0
239,47445,0.0
239,47446,0.0
239,47447,0.0
239,47448,0.01
239,47501,0.0
239,47502,0.0
239,47503,0.0
239,47504,0.0
239,47505,0.0
239,47506,0.0
239,47507,0.0
239,47508,0.0
239,47509,0.0
239,47510,0.0
239,47511,0.0
239,47512,0.0
239,47513,0.0
239,47514,0.0
239,47515,0.0
239,47516,0.01
239,47517,0.03
239,47518,0.04
239,47519,0.11
239,47520,0.29
239,47521,0.49
239,47522,0.66
239,47523,0.73
239,47524,0.76
239,47525,0.78
239,47526,0.76
239,47527,0.74
239,47528,0.69
239,47529,0.62
239,47530,0.54
239,47531,0.44
239,47532,0.32
239,47533,0.08
239,47534,0.01
239,47535,0.0
239,47536,0.0
239,47537,0.0
239,47538,0.0
239,47539,0.0
239,47540,0.0
239,47541,0.0
239,47542,0.0
239,47543,0.0
239,47544,0.0
239,47545,0.0
239,47546,0.0
239,47547,0.0
239,47548,0.0
239,47601,0.0
239,47602,0.0
239,47603,0.0
239,47604,0.0
239,47605,0.0
239,47606,0.0
239,47607,0.0
239,47608,0.0
239,47609,0.01
239,47610,0.0
239,47611,0.0
239,47612,0.0
239,47613,0.0
239,47614,0.0
239,47615,0.0
239,47616,0.01
239,47617,0.02
239,47618,0.04
239,47619,0.11
239,47620,0.31
239,47621,0.49
239,47622,0.67
239,47623,0.74
239,47624,0.78
239,47625,0.78
239,47626,0.77
239,47627,0.74
239,47628,0.7
239,47629,0.64
239,47630,0.55
239,47631,0.46
239,47632,0.31
239,47633,0.09
239,47634,0.0
239,47635,0.0
239,47636,0.0
239,47637,0.0
239,47638,0.0
239,47639,0.0
239,47640,0.0
239,47641,0.0
239,47642,0.0
239,47643,0.0
239,47644,0.0
239,47645,0.0
239,47646,0.0
239,47647,0.0
239,47648,0.0
239,47701,0.0
239,47702,0.0
239,47703,0.0
239,47704,0.0
239,47705,0.0
239,47706,0.0
239,47707,0.0
239,47708,0.01
239,47709,0.0
239,47710,0.0
239,47711,0.0
239,47712,0.0
239,47713,0.0
239,47714,0.0
239,47715,0.0
239,47716,0.03
239,47717,0.06
239,47718,0.09
239,47719,0.12
239,47720,0.11
239,47721,0.2
239,47722,0.36
239,47723,0.26
239,47724,0.17
239,47725,0.16
239,47726,0.17
239,47727,0.19
239,47728,0.14
239,47729,0.1
239,47730,0.07
239,47731,0.08
239,47732,0.07
239,47733,0.01
239,47734,0.0
239,47735,0.0
239,47736,0.0
239,47737,0.0
239,47738,0.0
239,47739,0.0
239,47740,0.0
239,47741,0.0
239,47742,0.0
239,47743,0.0
239,47744,0.01
239,47745,0.0
239,47746,0.0
239,47747,0.0
239,47748,0.0
239,47801,0.0
239,47802,0.0
239,47803,0.0
239,47804,0.0
239,47805,0.0
239,47806,0.0
239,47807,0.0
239,47808,0.0
239,47809,0.0
239,47810,0.0
239,47811,0.0
239,47812,0.0
239,47813,0.0
239,47814,0.0
239,47815,0.0
239,47816,0.02
239,47817,0.03
239,47818,0.05
239,47819,0.13
239,47820,0.3
239,47821,0.49
239,47822,0.64
239,47823,0.7
239,47824,0.74
239,47825,0.69
239,47826,0.6
239,47827,0.55
239,47828,0.54
239,47829,0.39
239,47830,0.49
239,47831,0.38
239,47832,0.31
239,47833,0.11
239,47834,0.01
239,47835,0.0
239,47836,0.0
239,47837,0.0
239,47838,0.0
239,47839,0.0
239,47840,0.0
239,47841,0.0
239,47842,0.0
239,47843,0.0
239,47844,0.0
239,47845,0.0
239,47846,0.0
239,47847,0.0
239,47848,0.0
239,47901,0.0
239,47902,0.0
239,47903,0.0
239,47904,0.0
239,47905,0.0
239,47906,0.0
239,47907,0.0
239,47908,0.0
239,47909,0.0
239,47910,0.0
239,47911,0.0
239,47912,0.0
239,47913,0.0
239,47914,0.0
239,47915,0.0
239,47916,0.0
239,47917,0.03
239,47918,0.07
239,47919,0.16
239,47920,0.24
239,47921,0.4
239,47922,0.13
239,47923,0.2
239,47924,0.29
239,47925,0.19
239,47926,0.29
239,47927,0.33
239,47928,0.25
239,47929,0.13
239,47930,0.12
239,47931,0.2
239,47932,0.06
239,47933,0.04
239,47934,0.0
239,47935,0.0
239,47936,0.0
239,47937,0.0
239,47938,0.0
239,47939,0.0
239,47940,0.0
239,47941,0.0
239,47942,0.0
239,47943,0.0
239,47944,0.0
239,47945,0.0
239,47946,0.01
239,47947,0.0
239,47948,0.0
239,48001,0.0
239,48002,0.0
239,48003,0.0
239,48004,0.0
239,48005,0.0
239,48006,0.0
239,48007,0.0
239,48008,0.0
239,48009,0.0
239,48010,0.0
239,48011,0.0
239,48012,0.0
239,48013,0.0
239,48014,0.0
239,48015,0.0
239,48016,0.01
239,48017,0.03
239,48018,0.04
239,48019,0.06
239,48020,0.06
239,48021,0.26
239,48022,0.42
239,48023,0.48
239,48024,0.66
239,48025,0.72
239,48026,0.64
239,48027,0.5
239,48028,0.38
239,48029,0.21
239,48030,0.09
239,48031,0.07
239,48032,0.04
239,48033,0.01
239,48034,0.0
239,48035,0.0
239,48036,0.0
239,48037,0.0
239,48038,0.0
239,48039,0.0
239,48040,0.0
239,48041,0.0
239,48042,0.0
239,48043,0.0
239,48044,0.0
239,48045,0.0
239,48046,0.0
239,48047,0.0
239,48048,0.0
239,48101,0.0
239,48102,0.0
239,48103,0.0
239,48104,0.0
239,48105,0.0
239,48106,0.0
239,48107,0.0
239,48108,0.0
239,48109,0.0
239,48110,0.0
239,48111,0.0
239,48112,0.0
239,48113,0.0
239,48114,0.0
239,48115,0.01
239,48116,0.01
239,48117,0.07
239,48118,0.15
239,48119,0.18
239,48120,0.26
239,48121,0.39
239,48122,0.56
239,48123,0.63
239,48124,0.56
239,48125,0.38
239,48126,0.36
239,48127,0.26
239,48128,0.42
239,48129,0.46
239,48130,0.55
239,48131,0.32
239,48132,0.26
239,48133,0.07
239,48134,0.01
239,48135,0.0
239,48136,0.0
239,48137,0.0
239,48138,0.0
239,48139,0.0
239,48140,0.0
239,48141,0.0
239,48142,0.0
239,48143,0.0
239,48144,0.0
239,48145,0.0
239,48146,0.0
239,48147,0.0
239,48148,0.0
239,48201,0.0
239,48202,0.0
239,48203,0.0
239,48204,0.0
239,48205,0.0
239,48206,0.0
239,48207,0.0
239,48208,0.0
239,48209,0.0
239,48210,0.0
239,48211,0.0
239,48212,0.0
239,48213,0.0
239,48214,0.0
239,48215,0.01
239,48216,0.02
239,48217,0.03
239,48218,0.06
239,48219,0.14
239,48220,0.33
239,48221,0.51
239,48222,0.67
239,48223,0.7
239,48224,0.75
239,48225,0.76
239,48226,0.75
239,48227,0.72
239,48228,0.68
239,48229,0.61
239,48230,0.51
239,48231,0.41
239,48232,0.34
239,48233,0.11
239,48234,0.01
239,48235,0.0
239,48236,0.0
239,48237,0.0
239,48238,0.0
239,48239,0.0
239,48240,0.0
239,48241,0.0
239,48242,0.0
239,48243,0.0
239,48244,0.0
239,48245,0.0
239,48246,0.0
239,48247,0.0
239,48248,0.0
239,48301,0.0
239,48302,0.0
239,48303,0.0
239,48304,0.01
239,48305,0.0
239,48306,0.0
239,48307,0.0
239,48308,0.0
239,48309,0.0
239,48310,0.0
239,48311,0.0
239,48312,0.0
239,48313,0.0
239,48314,0.0
239,48315,0.0
239,48316,0.02
239,48317,0.02
239,48318,0.05
239,48319,0.16
239,48320,0.34
239,48321,0.52
239,48322,0.69
239,48323,0.74
239,48324,0.62
239,48325,0.68
239,48326,0.77
239,48327,0.74
239,48328,0.69
239,48329,0.57
239,48330,0.53
239,48331,0.44
239,48332,0.33
239,48333,0.12
239,48334,0.01
239,48335,0.0
239,48336,0.0
239,48337,0.0
239,48338,0.0
239,48339,0.0
239,48340,0.0
239,48341,0.0
239,48342,0.01
239,48343,0.0
239,48344,0.0
239,48345,0.0
239,48346,0.0
239,48347,0.0
239,48348,0.0
239,48401,0.0
239,48402,0.0
239,48403,0.0
239,48404,0.0
239,48405,0.0
239,48406,0.0
239,48407,0.0
239,48408,0.0
239,48409,0.0
239,48410,0.0
239,48411,0.0
239,48412,0.0
239,48413,0.0
239,48414,0.0
239,48415,0.01
239,48416,0.03
239,48417,0.04
239,48418,0.06
239,48419,0.06
239,48420,0.07
239,48421,0.07
239,48422,0.09
239,48423,0.22
239,48424,0.43
239,48425,0.35
239,48426,0.06
239,48427,0.08
239,48428,0.18
239,48429,0.08
239,48430,0.11
239,48431,0.05
239,48432,0.04
239,48433,0.02
239,48434,0.0
239,48435,0.0
239,48436,0.0
239,48437,0.0
239,48438,0.0
239,48439,0.0
239,48440,0.0
239,48441,0.0
239,48442,0.0
239,48443,0.0
239,48444,0.0
239,48445,0.0
239,48446,0.0
239,48447,0.0
239,48448,0.0
239,48501,0.0
239,48502,0.0
239,48503,0.0
239,48504,0.0
239,48505,0.0
239,48506,0.0
239,48507,0.0
239,48508,0.0
239,48509,0.0
239,48510,0.0
239,48511,0.0
239,48512,0.0
239,48513,0.0
239,48514,0.0
239,48515,0.0
239,48516,0.0
239,48517,0.0
239,48518,0.02
239,48519,0.01
239,48520,0.01
239,48521,0.04
239,48522,0.03
239,48523,0.03
239,48524,0.04
239,48525,0.03
239,48526,0.0
239,48527,0.01
239,48528,0.01
239,48529,0.01
239,48530,0.0
239,48531,0.0
239,48532,0.0
239,48533,0.0
239,48534,0.0
239,48535,0.0
239,48536,0.0
239,48537,0.0
239,48538,0.0
239,48539,0.0
239,48540,0.0
239,48541,0.0
239,48542,0.0
239,48543,0.0
239,48544,0.0
239,48545,0.0
239,48546,0.0
239,48547,0.0
239,48548,0.0
239,48601,0.0
239,48602,0.0
239,48603,0.0
239,48604,0.0
239,48605,0.0
239,48606,0.0
239,48607,0.0
239,48608,0.0
239,48609,0.0
239,48610,0.0
239,48611,0.0
239,48612,0.0
239,48613,0.0
239,48614,0.0
239,48615,0.01
239,48616,0.02
239,48617,0.08
239,48618,0.11
239,48619,0.08
239,48620,0.23
239,48621,0.37
239,48622,0.11
239,48623,0.06
239,48624,0.06
239,48625,0.1
239,48626,0.07
239,48627,0.01
239,48628,0.03
239,48629,0.03
239,48630,0.04
239,48631,0.01
239,48632,0.0
239,48633,0.0
239,48634,0.0
239,48635,0.0
239,48636,0.0
239,48637,0.0
239,48638,0.0
239,48639,0.0
239,48640,0.0
239,48641,0.0
239,48642,0.0
239,48643,0.0
239,48644,0.0
239,48645,0.0
239,48646,0.0
239,48647,0.0
239,48648,0.0
239,48701,0.0
239,48702,0.0
239,48703,0.0
239,48704,0.0
239,48705,0.0
239,48706,0.0
239,48707,0.0
239,48708,0.0
239,48709,0.0
239,48710,0.0
239,48711,0.0
239,48712,0.0
239,48713,0.0
239,48714,0.0
239,48715,0.0
239,48716,0.03
239,48717,0.12
239,48718,0.04
239,48719,0.07
239,48720,0.02
239,48721,0.09
239,48722,0.09
239,48723,0.09
239,48724,0.14
239,48725,0.27
239,48726,0.09
239,48727,0.46
239,48728,0.16
239,48729,0.09
239,48730,0.04
239,48731,0.08
239,48732,0.06
239,48733,0.01
239,48734,0.0
239,48735,0.0
239,48736,0.0
239,48737,0.0
239,48738,0.0
239,48739,0.0
239,48740,0.0
239,48741,0.0
239,48742,0.0
239,48743,0.0
239,48744,0.0
239,48745,0.0
239,48746,0.0
239,48747,0.0
239,48748,0.0
239,48801,0.0
239,48802,0.0
239,48803,0.0
239,48804,0.0
239,48805,0.0
239,48806,0.0
239,48807,0.0
239,48808,0.0
239,48809,0.0
239,48810,0.0
239,48811,0.0
239,48812,0.0
239,48813,0.0
239,48814,0.0
239,48815,0.01
239,48816,0.02
239,48817,0.03
239,48818,0.07
239,48819,0.12
239,48820,0.36
239,48821,0.51
239,48822,0.67
239,48823,0.73
239,48824,0.74
239,48825,0.73
239,48826,0.69
239,48827,0.69
239,48828,0.68
239,48829,0.61
239,48830,0.64
239,48831,0.45
239,48832,0.35
239,48833,0.05
239,48834,0.0
239,48835,0.0
239,48836,0.0
239,48837,0.0
239,48838,0.0
239,48839,0.0
239,48840,0.0
239,48841,0.0
239,48842,0.0
239,48843,0.0
239,48844,0.0
239,48845,0.0
239,48846,0.0
239,48847,0.0
239,48848,0.0
239,48901,0.0
239,48902,0.0
239,48903,0.0
239,48904,0.0
239,48905,0.0
239,48906,0.01
239,48907,0.0
239,48908,0.0
239,48909,0.0
239,48910,0.0
239,48911,0.0
239,48912,0.0
239,48913,0.0
239,48914,0.0
239,48915,0.0
239,48916,0.02
239,48917,0.03
239,48918,0.08
239,48919,0.22
239,48920,0.16
239,48921,0.33
239,48922,0.61
239,48923,0.71
239,48924,0.48
239,48925,0.52
239,48926,0.78
239,48927,0.61
239,48928,0.32
239,48929,0.56
239,48930,0.37
239,48931,0.39
239,48932,0.34
239,48933,0.14
239,48934,0.01
239,48935,0.0
239,48936,0.0
239,48937,0.0
239,48938,0.0
239,48939,0.0
239,48940,0.0
239,48941,0.0
239,48942,0.0
239,48943,0.0
239,48944,0.0
239,48945,0.0
239,48946,0.0
239,48947,0.0
239,48948,0.0
239,49001,0.0
239,49002,0.0
239,49003,0.0
239,49004,0.0
239,49005,0.0
239,49006,0.0
239,49007,0.0
239,49008,0.0
239,49009,0.0
239,49010,0.0
239,49011,0.0
239,49012,0.0
239,49013,0.0
239,49014,0.0
239,49015,0.01
239,49016,0.01
239,49017,0.02
239,49018,0.09
239,49019,0.21
239,49020,0.4
239,49021,0.59
239,49022,0.69
239,49023,0.74
239,49024,0.79
239,49025,0.79
239,49026,0.78
239,49027,0.76
239,49028,0.71
239,49029,0.65
239,49030,0.56
239,49031,0.47
239,49032,0.25
239,49033,0.03
239,49034,0.01
239,49035,0.0
239,49036,0.0
239,49037,0.0
239,49038,0.0
239,49039,0.0
239,49040,0.0
239,49041,0.0
239,49042,0.0
239,49043,0.0
239,49044,0.0
239,49045,0.0
239,49046,0.0
239,49047,0.0
239,49048,0.0
239,49101,0.0
239,49102,0.0
239,49103,0.0
239,49104,0.0
239,49105,0.0
239,49106,0.0
239,49107,0.0
239,49108,0.0
239,49109,0.0
239,49110,0.0
239,49111,0.0
239,49112,0.0
239,49113,0.0
239,49114,0.0
239,49115,0.01
239,49116,0.01
239,49117,0.04
239,49118,0.16
239,49119,0.24
239,49120,0.36
239,49121,0.33
239,49122,0.55
239,49123,0.07
239,49124,0.04
239,49125,0.08
239,49126,0.12
239,49127,0.33
239,49128,0.22
239,49129,0.38
239,49130,0.17
239,49131,0.11
239,49132,0.03
239,49133,0.01
239,49134,0.01
239,49135,0.0
239,49136,0.0
239,49137,0.0
239,49138,0.0
239,49139,0.0
239,49140,0.0
239,49141,0.0
239,49142,0.0
239,49143,0.0
239,49144,0.0
239,49145,0.0
239,49146,0.0
239,49147,0.0
239,49148,0.0
239,49201,0.0
239,49202,0.0
239,49203,0.0
239,49204,0.0
239,49205,0.0
239,49206,0.0
239,49207,0.0
239,49208,0.0
239,49209,0.0
239,49210,0.0
239,49211,0.0
239,49212,0.0
239,49213,0.0
239,49214,0.0
239,49215,0.01
239,49216,0.02
239,49217,0.03
239,49218,0.09
239,49219,0.22
239,49220,0.41
239,49221,0.61
239,49222,0.69
239,49223,0.74
239,49224,0.78
239,49225,0.79
239,49226,0.78
239,49227,0.75
239,49228,0.71
239,49229,0.64
239,49230,0.57
239,49231,0.48
239,49232,0.36
239,49233,0.17
239,49234,0.01
239,49235,0.0
239,49236,0.0
239,49237,0.0
239,49238,0.0
239,49239,0.0
239,49240,0.0
239,49241,0.0
239,49242,0.0
239,49243,0.0
239,49244,0.0
239,49245,0.0
239,49246,0.0
239,49247,0.0
239,49248,0.0
239,49301,0.0
239,49302,0.0
239,49303,0.0
239,49304,0.0
239,49305,0.0
239,49306,0.0
239,49307,0.0
239,49308,0.0
239,49309,0.0
239,49310,0.0
239,49311,0.0
239,49312,0.0
239,49313,0.0
239,49314,0.0
239,49315,0.01
239,49316,0.01
239,49317,0.03
239,49318,0.09
239,49319,0.23
239,49320,0.44
239,49321,0.62
239,49322,0.71
239,49323,0.75
239,49324,0.79
239,49325,0.8
239,49326,0.79
239,49327,0.76
239,49328,0.72
239,49329,0.66
239,49330,0.58
239,49331,0.49
239,49332,0.38
239,49333,0.17
239,49334,0.01
239,49335,0.0
239,49336,0.0
239,49337,0.0
239,49338,0.0
239,49339,0.0
239,49340,0.0
239,49341,0.0
239,49342,0.0
239,49343,0.0
239,49344,0.0
239,49345,0.0
239,49346,0.0
239,49347,0.0
239,49348,0.0
239,49401,0.0
239,49402,0.0
239,49403,0.0
239,49404,0.0
239,49405,0.0
239,49406,0.0
239,49407,0.0
239,49408,0.0
239,49409,0.0
239,49410,0.0
239,49411,0.0
239,49412,0.0
239,49413,0.0
239,49414,0.0
239,49415,0.01
239,49416,0.01
239,49417,0.03
239,49418,0.09
239,49419,0.24
239,49420,0.44
239,49421,0.63
239,49422,0.71
239,49423,0.74
239,49424,0.79
239,49425,0.81
239,49426,0.78
239,49427,0.75
239,49428,0.71
239,49429,0.66
239,49430,0.57
239,49431,0.48
239,49432,0.37
239,49433,0.12
239,49434,0.01
239,49435,0.0
239,49436,0.0
239,49437,0.01
239,49438,0.0
239,49439,0.0
239,49440,0.0
239,49441,0.0
239,49442,0.0
239,49443,0.0
239,49444,0.0
239,49445,0.0
239,49446,0.0
239,49447,0.0
239,49448,0.0
239,49501,0.0
239,49502,0.0
239,49503,0.0
239,49504,0.0
239,49505,0.0
239,49506,0.0
239,49507,0.0
239,49508,0.0
239,49509,0.0
239,49510,0.0
239,49511,0.0
239,49512,0.0
239,49513,0.0
239,49514,0.0
239,49515,0.01
239,49516,0.02
239,49517,0.04
239,49518,0.1
239,49519,0.24
239,49520,0.44
239,49521,0.62
239,49522,0.69
239,49523,0.73
239,49524,0.78
239,49525,0.78
239,49526,0.78
239,49527,0.74
239,49528,0.7
239,49529,0.64
239,49530,0.56
239,49531,0.47
239,49532,0.36
239,49533,0.17
239,49534,0.01
239,49535,0.0
239,49536,0.0
239,49537,0.0
239,49538,0.0
239,49539,0.0
239,49540,0.0
239,49541,0.0
239,49542,0.0
239,49543,0.0
239,49544,0.0
239,49545,0.0
239,49546,0.0
239,49547,0.0
239,49548,0.0
239,49601,0.0
239,49602,0.0
239,49603,0.0
239,49604,0.0
239,49605,0.0
239,49606,0.0
239,49607,0.0
239,49608,0.0
239,49609,0.0
239,49610,0.0
239,49611,0.0
239,49612,0.0
239,49613,0.0
239,49614,0.0
239,49615,0.01
239,49616,0.01
239,49617,0.03
239,49618,0.09
239,49619,0.24
239,49620,0.44
239,49621,0.62
239,49622,0.68
239,49623,0.73
239,49624,0.66
239,49625,0.73
239,49626,0.76
239,49627,0.73
239,49628,0.69
239,49629,0.64
239,49630,0.56
239,49631,0.47
239,49632,0.35
239,49633,0.17
239,49634,0.01
239,49635,0.0
239,49636,0.0
239,49637,0.0
239,49638,0.0
239,49639,0.0
239,49640,0.0
239,49641,0.0
239,49642,0.0
239,49643,0.0
239,49644,0.0
239,49645,0.0
239,49646,0.0
239,49647,0.0
239,49648,0.0
239,49701,0.0
239,49702,0.0
239,49703,0.0
239,49704,0.0
239,49705,0.0
239,49706,0.0
239,49707,0.0
239,49708,0.01
239,49709,0.0
239,49710,0.0
239,49711,0.0
239,49712,0.0
239,49713,0.0
239,49714,0.0
239,49715,0.02
239,49716,0.02
239,49717,0.04
239,49718,0.1
239,49719,0.26
239,49720,0.46
239,49721,0.63
239,49722,0.69
239,49723,0.74
239,49724,0.77
239,49725,0.79
239,49726,0.78
239,49727,0.75
239,49728,0.71
239,49729,0.65
239,49730,0.57
239,49731,0.48
239,49732,0.36
239,49733,0.19
239,49734,0.01
239,49735,0.0
239,49736,0.0
239,49737,0.0
239,49738,0.0
239,49739,0.0
239,49740,0.0
239,49741,0.0
239,49742,0.0
239,49743,0.0
239,49744,0.0
239,49745,0.01
239,49746,0.0
239,49747,0.0
239,49748,0.0
239,49801,0.0
239,49802,0.0
239,49803,0.0
239,49804,0.0
239,49805,0.0
239,49806,0.0
239,49807,0.0
239,49808,0.0
239,49809,0.0
239,49810,0.0
239,49811,0.0
239,49812,0.0
239,49813,0.0
239,49814,0.0
239,49815,0.01
239,49816,0.02
239,49817,0.03
239,49818,0.13
239,49819,0.26
239,49820,0.33
239,49821,0.59
239,49822,0.68
239,49823,0.39
239,49824,0.44
239,49825,0.19
239,49826,0.24
239,49827,0.11
239,49828,0.05
239,49829,0.05
239,49830,0.07
239,49831,0.31
239,49832,0.34
239,49833,0.18
239,49834,0.01
239,49835,0.0
239,49836,0.0
239,49837,0.0
239,49838,0.0
239,49839,0.0
239,49840,0.0
239,49841,0.0
239,49842,0.0
239,49843,0.0
239,49844,0.0
239,49845,0.0
239,49846,0.0
239,49847,0.0
239,49848,0.0
239,49901,0.0
239,49902,0.0
239,49903,0.0
239,49904,0.0
239,49905,0.0
239,49906,0.0
239,49907,0.0
239,49908,0.0
239,49909,0.0
239,49910,0.0
239,49911,0.0
239,49912,0.0
239,49913,0.0
239,49914,0.0
239,49915,0.01
239,49916,0.01
239,49917,0.03
239,49918,0.09
239,49919,0.28
239,49920,0.47
239,49921,0.64
239,49922,0.69
239,49923,0.72
239,49924,0.76
239,49925,0.79
239,49926,0.77
239,49927,0.74
239,49928,0.7
239,49929,0.64
239,49930,0.57
239,49931,0.47
239,49932,0.36
239,49933,0.19
239,49934,0.01
239,49935,0.0
239,49936,0.0
239,49937,0.0
239,49938,0.0
239,49939,0.0
239,49940,0.0
239,49941,0.0
239,49942,0.0
239,49943,0.0
239,49944,0.0
239,49945,0.0
239,49946,0.0
239,49947,0.0
239,49948,0.0
239,50001,0.0
239,50002,0.0
239,50003,0.0
239,50004,0.0
239,50005,0.0
239,50006,0.0
239,50007,0.0
239,50008,0.0
239,50009,0.0
239,50010,0.0
239,50011,0.0
239,50012,0.0
239,50013,0.0
239,50014,0.0
239,50015,0.01
239,50016,0.01
239,50017,0.03
239,50018,0.11
239,50019,0.29
239,50020,0.48
239,50021,0.65
239,50022,0.7
239,50023,0.74
239,50024,0.78
239,50025,0.8
239,50026,0.79
239,50027,0.76
239,50028,0.72
239,50029,0.66
239,50030,0.58
239,50031,0.48
239,50032,0.37
239,50033,0.19
239,50034,0.01
239,50035,0.0
239,50036,0.01
239,50037,0.0
239,50038,0.0
239,50039,0.0
239,50040,0.0
239,50041,0.0
239,50042,0.0
239,50043,0.0
239,50044,0.0
239,50045,0.0
239,50046,0.0
239,50047,0.0
239,50048,0.0
239,50101,0.0
239,50102,0.0
239,50103,0.0
239,50104,0.0
239,50105,0.0
239,50106,0.0
239,50107,0.0
239,50108,0.0
239,50109,0.0
239,50110,0.0
239,50111,0.0
239,50112,0.0
239,50113,0.0
239,50114,0.0
239,50115,0.01
239,50116,0.02
239,50117,0.03
239,50118,0.11
239,50119,0.29
239,50120,0.49
239,50121,0.65
239,50122,0.69
239,50123,0.73
239,50124,0.78
239,50125,0.79
239,50126,0.76
239,50127,0.74
239,50128,0.72
239,50129,0.61
239,50130,0.56
239,50131,0.47
239,50132,0.35
239,50133,0.16
239,50134,0.01
239,50135,0.0
239,50136,0.0
239,50137,0.0
239,50138,0.0
239,50139,0.0
239,50140,0.0
239,50141,0.0
239,50142,0.0
239,50143,0.0
239,50144,0.0
239,50145,0.0
239,50146,0.0
239,50147,0.0
239,50148,0.0
239,50201,0.0
239,50202,0.0
239,50203,0.0
239,50204,0.0
239,50205,0.0
239,50206,0.0
239,50207,0.0
239,50208,0.0
239,50209,0.01
239,50210,0.0
239,50211,0.0
239,50212,0.0
239,50213,0.0
239,50214,0.0
239,50215,0.0
239,50216,0.01
239,50217,0.03
239,50218,0.04
239,50219,0.04
239,50220,0.03
239,50221,0.05
239,50222,0.06
239,50223,0.06
239,50224,0.07
239,50225,0.09
239,50226,0.04
239,50227,0.01
239,50228,0.01
239,50229,0.09
239,50230,0.09
239,50231,0.08
239,50232,0.01
239,50233,0.0
239,50234,0.0
239,50235,0.0
239,50236,0.0
239,50237,0.0
239,50238,0.0
239,50239,0.0
239,50240,0.0
239,50241,0.0
239,50242,0.0
239,50243,0.0
239,50244,0.0
239,50245,0.0
239,50246,0.0
239,50247,0.0
239,50248,0.0
239,50301,0.0
239,50302,0.0
239,50303,0.0
239,50304,0.0
239,50305,0.0
239,50306,0.0
239,50307,0.0
239,50308,0.0
239,50309,0.0
239,50310,0.0
239,50311,0.0
239,50312,0.0
239,50313,0.0
239,50314,0.01
239,50315,0.01
239,50316,0.02
239,50317,0.03
239,50318,0.12
239,50319,0.33
239,50320,0.53
239,50321,0.67
239,50322,0.72
239,50323,0.76
239,50324,0.78
239,50325,0.62
239,50326,0.69
239,50327,0.61
239,50328,0.49
239,50329,0.35
239,50330,0.16
239,50331,0.12
239,50332,0.17
239,50333,0.12
239,50334,0.02
239,50335,0.0
239,50336,0.0
239,50337,0.0
239,50338,0.01
239,50339,0.0
239,50340,0.0
239,50341,0.0
239,50342,0.0
239,50343,0.0
239,50344,0.0
239,50345,0.0
239,50346,0.0
239,50347,0.0
239,50348,0.0
239,50401,0.0
239,50402,0.0
239,50403,0.0
239,50404,0.0
239,50405,0.0
239,50406,0.0
239,50407,0.0
239,50408,0.0
239,50409,0.0
239,50410,0.0
239,50411,0.0
239,50412,0.0
239,50413,0.0
239,50414,0.0
239,50415,0.03
239,50416,0.06
239,50417,0.11
239,50418,0.09
239,50419,0.17
239,50420,0.48
239,50421,0.67
239,50422,0.38
239,50423,0.47
239,50424,0.36
239,50425,0.25
239,50426,0.34
239,50427,0.64
239,50428,0.46
239,50429,0.49
239,50430,0.44
239,50431,0.3
239,50432,0.46
239,50433,0.23
239,50434,0.01
239,50435,0.01
239,50436,0.0
239,50437,0.0
239,50438,0.0
239,50439,0.0
239,50440,0.0
239,50441,0.0
239,50442,0.0
239,50443,0.0
239,50444,0.0
239,50445,0.0
239,50446,0.0
239,50447,0.0
239,50448,0.0
239,50501,0.0
239,50502,0.0
239,50503,0.0
239,50504,0.0
239,50505,0.0
239,50506,0.0
239,50507,0.0
239,50508,0.0
239,50509,0.0
239,50510,0.0
239,50511,0.0
239,50512,0.0
239,50513,0.0
239,50514,0.0
239,50515,0.01
239,50516,0.02
239,50517,0.03
239,50518,0.14
239,50519,0.34
239,50520,0.56
239,50521,0.69
239,50522,0.74
239,50523,0.78
239,50524,0.82
239,50525,0.83
239,50526,0.82
239,50527,0.76
239,50528,0.73
239,50529,0.59
239,50530,0.58
239,50531,0.21
239,50532,0.09
239,50533,0.07
239,50534,0.03
239,50535,0.01
239,50536,0.0
239,50537,0.0
239,50538,0.0
239,50539,0.0
239,50540,0.0
239,50541,0.0
239,50542,0.0
239,50543,0.0
239,50544,0.0
239,50545,0.0
239,50546,0.0
239,50547,0.0
239,50548,0.0
239,50601,0.0
239,50602,0.0
239,50603,0.0
239,50604,0.0
239,50605,0.0
239,50606,0.0
239,50607,0.0
239,50608,0.0
239,50609,0.0
239,50610,0.0
239,50611,0.0
239,50612,0.0
239,50613,0.0
239,50614,0.0
239,50615,0.01
239,50616,0.02
239,50617,0.03
239,50618,0.14
239,50619,0.36
239,50620,0.57
239,50621,0.69
239,50622,0.74
239,50623,0.78
239,50624,0.82
239,50625,0.83
239,50626,0.82
239,50627,0.78
239,50628,0.74
239,50629,0.68
239,50630,0.59
239,50631,0.5
239,50632,0.38
239,50633,0.22
239,50634,0.02
239,50635,0.0
239,50636,0.0
239,50637,0.0
239,50638,0.0
239,50639,0.0
239,50640,0.01
239,50641,0.0
239,50642,0.0
239,50643,0.0
239,50644,0.0
239,50645,0.0
239,50646,0.0
239,50647,0.0
239,50648,0.0
239,50701,0.0
239,50702,0.0
239,50703,0.0
239,50704,0.0
239,50705,0.0
239,50706,0.0
239,50707,0.0
239,50708,0.0
239,50709,0.0
239,50710,0.0
239,50711,0.0
239,50712,0.0
239,50713,0.0
239,50714,0.0
239,50715,0.03
239,50716,0.03
239,50717,0.07
239,50718,0.12
239,50719,0.14
239,50720,0.29
239,50721,0.41
239,50722,0.79
239,50723,0.56
239,50724,0.67
239,50725,0.3
239,50726,0.63
239,50727,0.49
239,50728,0.2
239,50729,0.29
239,50730,0.19
239,50731,0.19
239,50732,0.21
239,50733,0.17
239,50734,0.03
239,50735,0.0
239,50736,0.0
239,50737,0.0
239,50738,0.0
239,50739,0.0
239,50740,0.0
239,50741,0.0
239,50742,0.0
239,50743,0.0
239,50744,0.0
239,50745,0.0
239,50746,0.0
239,50747,0.0
239,50748,0.0
239,50801,0.0
239,50802,0.0
239,50803,0.0
239,50804,0.0
239,50805,0.0
239,50806,0.0
239,50807,0.0
239,50808,0.01
239,50809,0.0
239,50810,0.0
239,50811,0.0
239,50812,0.0
239,50813,0.0
239,50814,0.0
239,50815,0.01
239,50816,0.04
239,50817,0.04
239,50818,0.16
239,50819,0.38
239,50820,0.58
239,50821,0.69
239,50822,0.73
239,50823,0.76
239,50824,0.39
239,50825,0.39
239,50826,0.27
239,50827,0.64
239,50828,0.66
239,50829,0.41
239,50830,0.46
239,50831,0.16
239,50832,0.18
239,50833,0.09
239,50834,0.03
239,50835,0.01
239,50836,0.0
239,50837,0.0
239,50838,0.0
239,50839,0.0
239,50840,0.0
239,50841,0.0
239,50842,0.0
239,50843,0.0
239,50844,0.0
239,50845,0.0
239,50846,0.0
239,50847,0.0
239,50848,0.0
239,50901,0.0
239,50902,0.0
239,50903,0.0
239,50904,0.0
239,50905,0.0
239,50906,0.0
239,50907,0.0
239,50908,0.0
239,50909,0.0
239,50910,0.0
239,50911,0.0
239,50912,0.0
239,50913,0.0
239,50914,0.0
239,50915,0.03
239,50916,0.06
239,50917,0.14
239,50918,0.17
239,50919,0.11
239,50920,0.41
239,50921,0.38
239,50922,0.26
239,50923,0.31
239,50924,0.33
239,50925,0.16
239,50926,0.2
239,50927,0.16
239,50928,0.23
239,50929,0.28
239,50930,0.53
239,50931,0.2
239,50932,0.14
239,50933,0.05
239,50934,0.04
239,50935,0.01
239,50936,0.0
239,50937,0.0
239,50938,0.0
239,50939,0.0
239,50940,0.0
239,50941,0.0
239,50942,0.0
239,50943,0.0
239,50944,0.0
239,50945,0.0
239,50946,0.0
239,50947,0.0
239,50948,0.0
239,51001,0.0
239,51002,0.0
239,51003,0.0
239,51004,0.0
239,51005,0.0
239,51006,0.0
239,51007,0.0
239,51008,0.0
239,51009,0.0
239,51010,0.0
239,51011,0.0
239,51012,0.0
239,51013,0.0
239,51014,0.0
239,51015,0.01
239,51016,0.04
239,51017,0.16
239,51018,0.2
239,51019,0.27
239,51020,0.38
239,51021,0.44
239,51022,0.7
239,51023,0.58
239,51024,0.53
239,51025,0.28
239,51026,0.17
239,51027,0.48
239,51028,0.64
239,51029,0.62
239,51030,0.1
239,51031,0.24
239,51032,0.04
239,51033,0.09
239,51034,0.02
239,51035,0.0
239,51036,0.01
239,51037,0.0
239,51038,0.0
239,51039,0.0
239,51040,0.0
239,51041,0.0
239,51042,0.0
239,51043,0.0
239,51044,0.0
239,51045,0.0
239,51046,0.0
239,51047,0.0
239,51048,0.0
239,51101,0.0
239,51102,0.0
239,51103,0.0
239,51104,0.0
239,51105,0.0
239,51106,0.0
239,51107,0.0
239,51108,0.0
239,51109,0.0
239,51110,0.0
239,51111,0.0
239,51112,0.0
239,51113,0.0
239,51114,0.0
239,51115,0.03
239,51116,0.07
239,51117,0.14
239,51118,0.17
239,51119,0.42
239,51120,0.61
239,51121,0.68
239,51122,0.68
239,51123,0.82
239,51124,0.5
239,51125,0.24
239,51126,0.42
239,51127,0.76
239,51128,0.75
239,51129,0.56
239,51130,0.61
239,51131,0.54
239,51132,0.41
239,51133,0.06
239,51134,0.01
239,51135,0.0
239,51136,0.0
239,51137,0.0
239,51138,0.0
239,51139,0.0
239,51140,0.0
239,51141,0.0
239,51142,0.0
239,51143,0.0
239,51144,0.0
239,51145,0.0
239,51146,0.0
239,51147,0.0
239,51148,0.0
239,51201,0.0
239,51202,0.0
239,51203,0.0
239,51204,0.0
239,51205,0.0
239,51206,0.0
239,51207,0.0
239,51208,0.0
239,51209,0.0
239,51210,0.0
239,51211,0.0
239,51212,0.0
239,51213,0.0
239,51214,0.01
239,51215,0.01
239,51216,0.03
239,51217,0.04
239,51218,0.24
239,51219,0.41
239,51220,0.52
239,51221,0.38
239,51222,0.23
239,51223,0.23
239,51224,0.31
239,51225,0.21
239,51226,0.07
239,51227,0.11
239,51228,0.07
239,51229,0.06
239,51230,0.04
239,51231,0.03
239,51232,0.01
239,51233,0.0
239,51234,0.0
239,51235,0.0
239,51236,0.0
239,51237,0.0
239,51238,0.0
239,51239,0.0
239,51240,0.0
239,51241,0.0
239,51242,0.0
239,51243,0.0
239,51244,0.0
239,51245,0.0
239,51246,0.0
239,51247,0.0
239,51248,0.0
239,51301,0.0
239,51302,0.0
239,51303,0.0
239,51304,0.0
239,51305,0.0
239,51306,0.0
239,51307,0.0
239,51308,0.0
239,51309,0.0
239,51310,0.0
239,51311,0.0
239,51312,0.0
239,51313,0.0
239,51314,0.0
239,51315,0.03
239,51316,0.09
239,51317,0.08
239,51318,0.18
239,51319,0.14
239,51320,0.23
239,51321,0.41
239,51322,0.4
239,51323,0.2
239,51324,0.34
239,51325,0.28
239,51326,0.28
239,51327,0.21
239,51328,0.3
239,51329,0.22
239,51330,0.29
239,51331,0.43
239,51332,0.38
239,51333,0.21
239,51334,0.05
239,51335,0.01
239,51336,0.0
239,51337,0.0
239,51338,0.0
239,51339,0.0
239,51340,0.0
239,51341,0.0
239,51342,0.0
239,51343,0.0
239,51344,0.0
239,51345,0.0
239,51346,0.0
239,51347,0.0
239,51348,0.0
239,51401,0.0
239,51402,0.0
239,51403,0.0
239,51404,0.0
239,51405,0.0
239,51406,0.0
239,51407,0.0
239,51408,0.0
239,51409,0.0
239,51410,0.0
239,51411,0.0
239,51412,0.0
239,51413,0.0
239,51414,0.02
239,51415,0.05
239,51416,0.06
239,51417,0.06
239,51418,0.23
239,51419,0.19
239,51420,0.16
239,51421,0.21
239,51422,0.19
239,51423,0.17
239,51424,0.17
239,51425,0.17
239,51426,0.17
239,51427,0.07
239,51428,0.07
239,51429,0.11
239,51430,0.08
239,51431,0.03
239,51432,0.03
239,51433,0.04
239,51434,0.0
239,51435,0.0
239,51436,0.0
239,51437,0.0
239,51438,0.0
239,51439,0.0
239,51440,0.0
239,51441,0.0
239,51442,0.0
239,51443,0.0
239,51444,0.0
239,51445,0.0
239,51446,0.0
239,51447,0.0
239,51448,0.0
239,51501,0.0
239,51502,0.0
239,51503,0.0
239,51504,0.0
239,51505,0.0
239,51506,0.0
239,51507,0.0
239,51508,0.0
239,51509,0.0
239,51510,0.0
239,51511,0.0
239,51512,0.0
239,51513,0.0
239,51514,0.01
239,51515,0.01
239,51516,0.04
239,51517,0.14
239,51518,0.2
239,51519,0.51
239,51520,0.56
239,51521,0.31
239,51522,0.62
239,51523,0.51
239,51524,0.4
239,51525,0.57
239,51526,0.49
239,51527,0.24
239,51528,0.04
239,51529,0.38
239,51530,0.28
239,51531,0.32
239,51532,0.23
239,51533,0.06
239,51534,0.01
239,51535,0.0
239,51536,0.0
239,51537,0.0
239,51538,0.0
239,51539,0.0
239,51540,0.0
239,51541,0.0
239,51542,0.0
239,51543,0.0
239,51544,0.0
239,51545,0.0
239,51546,0.0
239,51547,0.0
239,51548,0.0
239,51601,0.0
239,51602,0.0
239,51603,0.0
239,51604,0.0
239,51605,0.0
239,51606,0.0
239,51607,0.0
239,51608,0.0
239,51609,0.0
239,51610,0.0
239,51611,0.0
239,51612,0.0
239,51613,0.0
239,51614,0.0
239,51615,0.06
239,51616,0.07
239,51617,0.07
239,51618,0.23
239,51619,0.33
239,51620,0.46
239,51621,0.31
239,51622,0.38
239,51623,0.51
239,51624,0.79
239,51625,0.82
239,51626,0.76
239,51627,0.68
239,51628,0.51
239,51629,0.42
239,51630,0.4
239,51631,0.49
239,51632,0.17
239,51633,0.1
239,51634,0.02
239,51635,0.0
239,51636,0.0
239,51637,0.0
239,51638,0.0
239,51639,0.0
239,51640,0.0
239,51641,0.0
239,51642,0.0
239,51643,0.0
239,51644,0.0
239,51645,0.0
239,51646,0.0
239,51647,0.0
239,51648,0.0
239,51701,0.0
239,51702,0.0
239,51703,0.0
239,51704,0.0
239,51705,0.0
239,51706,0.0
239,51707,0.0
239,51708,0.0
239,51709,0.0
239,51710,0.0
239,51711,0.0
239,51712,0.0
239,51713,0.0
239,51714,0.01
239,51715,0.04
239,51716,0.06
239,51717,0.06
239,51718,0.06
239,51719,0.2
239,51720,0.21
239,51721,0.3
239,51722,0.42
239,51723,0.84
239,51724,0.51
239,51725,0.62
239,51726,0.46
239,51727,0.32
239,51728,0.21
239,51729,0.26
239,51730,0.23
239,51731,0.24
239,51732,0.31
239,51733,0.14
239,51734,0.02
239,51735,0.0
239,51736,0.0
239,51737,0.0
239,51738,0.0
239,51739,0.0
239,51740,0.0
239,51741,0.0
239,51742,0.0
239,51743,0.0
239,51744,0.0
239,51745,0.0
239,51746,0.0
239,51747,0.0
239,51748,0.0
239,51801,0.0
239,51802,0.0
239,51803,0.0
239,51804,0.0
239,51805,0.0
239,51806,0.0
239,51807,0.0
239,51808,0.0
239,51809,0.0
239,51810,0.0
239,51811,0.0
239,51812,0.0
239,51813,0.0
239,51814,0.0
239,51815,0.04
239,51816,0.03
239,51817,0.09
239,51818,0.19
239,51819,0.51
239,51820,0.57
239,51821,0.68
239,51822,0.37
239,51823,0.53
239,51824,0.68
239,51825,0.46
239,51826,0.27
239,51827,0.78
239,51828,0.78
239,51829,0.73
239,51830,0.54
239,51831,0.48
239,51832,0.27
239,51833,0.17
239,51834,0.04
239,51835,0.01
239,51836,0.0
239,51837,0.0
239,51838,0.0
239,51839,0.0
239,51840,0.0
239,51841,0.0
239,51842,0.0
239,51843,0.01
239,51844,0.0
239,51845,0.0
239,51846,0.0
239,51847,0.0
239,51848,0.0
239,51901,0.0
239,51902,0.0
239,51903,0.0
239,51904,0.0
239,51905,0.0
239,51906,0.0
239,51907,0.0
239,51908,0.0
239,51909,0.0
239,51910,0.0
239,51911,0.0
239,51912,0.0
239,51913,0.0
239,51914,0.0
239,51915,0.03
239,51916,0.06
239,51917,0.08
239,51918,0.11
239,51919,0.15
239,51920,0.23
239,51921,0.32
239,51922,0.44
239,51923,0.68
239,51924,0.96
239,51925,0.86
239,51926,0.84
239,51927,0.81
239,51928,0.76
239,51929,0.71
239,51930,0.62
239,51931,0.53
239,51932,0.42
239,51933,0.23
239,51934,0.04
239,51935,0.0
239,51936,0.0
239,51937,0.0
239,51938,0.0
239,51939,0.0
239,51940,0.0
239,51941,0.0
239,51942,0.0
239,51943,0.0
239,51944,0.0
239,51945,0.0
239,51946,0.0
239,51947,0.0
239,51948,0.0
239,52001,0.0
239,52002,0.0
239,52003,0.0
239,52004,0.0
239,52005,0.0
239,52006,0.0
239,52007,0.0
239,52008,0.01
239,52009,0.0
239,52010,0.0
239,52011,0.0
239,52012,0.0
239,52013,0.0
239,52014,0.0
239,52015,0.01
239,52016,0.03
239,52017,0.07
239,52018,0.33
239,52019,0.55
239,52020,0.66
239,52021,0.72
239,52022,0.78
239,52023,0.82
239,52024,0.83
239,52025,0.86
239,52026,0.84
239,52027,0.81
239,52028,0.77
239,52029,0.71
239,52030,0.63
239,52031,0.53
239,52032,0.42
239,52033,0.24
239,52034,0.04
239,52035,0.0
239,52036,0.0
239,52037,0.0
239,52038,0.0
239,52039,0.0
239,52040,0.01
239,52041,0.0
239,52042,0.0
239,52043,0.0
239,52044,0.0
239,52045,0.0
239,52046,0.0
239,52047,0.0
239,52048,0.0
239,52101,0.0
239,52102,0.0
239,52103,0.0
239,52104,0.0
239,52105,0.0
239,52106,0.0
239,52107,0.0
239,52108,0.0
239,52109,0.0
239,52110,0.0
239,52111,0.0
239,52112,0.0
239,52113,0.0
239,52114,0.01
239,52115,0.01
239,52116,0.03
239,52117,0.08
239,52118,0.33
239,52119,0.56
239,52120,0.66
239,52121,0.71
239,52122,0.77
239,52123,0.81
239,52124,0.83
239,52125,0.84
239,52126,0.82
239,52127,0.79
239,52128,0.75
239,52129,0.69
239,52130,0.61
239,52131,0.52
239,52132,0.42
239,52133,0.23
239,52134,0.04
239,52135,0.01
239,52136,0.0
239,52137,0.0
239,52138,0.0
239,52139,0.0
239,52140,0.0
239,52141,0.0
239,52142,0.0
239,52143,0.0
239,52144,0.0
239,52145,0.0
239,52146,0.0
239,52147,0.0
239,52148,0.0
239,52201,0.0
239,52202,0.0
239,52203,0.0
239,52204,0.0
239,52205,0.0
239,52206,0.0
239,52207,0.0
239,52208,0.0
239,52209,0.0
239,52210,0.0
239,52211,0.0
239,52212,0.0
239,52213,0.0
239,52214,0.01
239,52215,0.03
239,52216,0.06
239,52217,0.08
239,52218,0.07
239,52219,0.13
239,52220,0.17
239,52221,0.15
239,52222,0.12
239,52223,0.14
239,52224,0.12
239,52225,0.14
239,52226,0.12
239,52227,0.1
239,52228,0.11
239,52229,0.12
239,52230,0.14
239,52231,0.06
239,52232,0.04
239,52233,0.01
239,52234,0.01
239,52235,0.0
239,52236,0.0
239,52237,0.0
239,52238,0.0
239,52239,0.0
239,52240,0.0
239,52241,0.0
239,52242,0.0
239,52243,0.0
239,52244,0.0
239,52245,0.0
239,52246,0.0
239,52247,0.0
239,52248,0.0
239,52301,0.0
239,52302,0.0
239,52303,0.0
239,52304,0.0
239,52305,0.0
239,52306,0.0
239,52307,0.0
239,52308,0.0
239,52309,0.0
239,52310,0.0
239,52311,0.0
239,52312,0.0
239,52313,0.01
239,52314,0.01
239,52315,0.01
239,52316,0.05
239,52317,0.18
239,52318,0.29
239,52319,0.3
239,52320,0.37
239,52321,0.5
239,52322,0.29
239,52323,0.25
239,52324,0.53
239,52325,0.65
239,52326,0.42
239,52327,0.45
239,52328,0.66
239,52329,0.47
239,52330,0.46
239,52331,0.24
239,52332,0.32
239,52333,0.21
239,52334,0.05
239,52335,0.01
239,52336,0.0
239,52337,0.0
239,52338,0.0
239,52339,0.0
239,52340,0.0
239,52341,0.0
239,52342,0.0
239,52343,0.0
239,52344,0.0
239,52345,0.0
239,52346,0.0
239,52347,0.0
239,52348,0.0
239,52401,0.0
239,52402,0.0
239,52403,0.0
239,52404,0.0
239,52405,0.0
239,52406,0.0
239,52407,0.0
239,52408,0.0
239,52409,0.0
239,52410,0.0
239,52411,0.0
239,52412,0.0
239,52413,0.0
239,52414,0.01
239,52415,0.01
239,52416,0.04
239,52417,0.14
239,52418,0.33
239,52419,0.5
239,52420,0.61
239,52421,0.69
239,52422,0.76
239,52423,0.79
239,52424,0.82
239,52425,0.81
239,52426,0.77
239,52427,0.75
239,52428,0.65
239,52429,0.57
239,52430,0.56
239,52431,0.42
239,52432,0.34
239,52433,0.19
239,52434,0.05
239,52435,0.01
239,52436,0.0
239,52437,0.0
239,52438,0.0
239,52439,0.0
239,52440,0.0
239,52441,0.0
239,52442,0.0
239,52443,0.0
239,52444,0.0
239,52445,0.0
239,52446,0.0
239,52447,0.0
239,52448,0.0
239,52501,0.0
239,52502,0.0
239,52503,0.0
239,52504,0.0
239,52505,0.0
239,52506,0.0
239,52507,0.0
239,52508,0.0
239,52509,0.0
239,52510,0.0
239,52511,0.0
239,52512,0.0
239,52513,0.0
239,52514,0.01
239,52515,0.04
239,52516,0.07
239,52517,0.17
239,52518,0.34
239,52519,0.56
239,52520,0.26
239,52521,0.08
239,52522,0.57
239,52523,0.66
239,52524,0.5
239,52525,0.28
239,52526,0.56
239,52527,0.43
239,52528,0.61
239,52529,0.54
239,52530,0.41
239,52531,0.38
239,52532,0.29
239,52533,0.09
239,52534,0.02
239,52535,0.01
239,52536,0.0
239,52537,0.0
239,52538,0.0
239,52539,0.0
239,52540,0.0
239,52541,0.0
239,52542,0.0
239,52543,0.0
239,52544,0.0
239,52545,0.0
239,52546,0.0
239,52547,0.0
239,52548,0.0
239,52601,0.0
239,52602,0.0
239,52603,0.0
239,52604,0.0
239,52605,0.0
239,52606,0.0
239,52607,0.0
239,52608,0.0
239,52609,0.0
239,52610,0.0
239,52611,0.0
239,52612,0.0
239,52613,0.0
239,52614,0.01
239,52615,0.06
239,52616,0.1
239,52617,0.19
239,52618,0.24
239,52619,0.32
239,52620,0.36
239,52621,0.38
239,52622,0.67
239,52623,0.53
239,52624,0.66
239,52625,0.53
239,52626,0.77
239,52627,0.47
239,52628,0.52
239,52629,0.56
239,52630,0.61
239,52631,0.49
239,52632,0.39
239,52633,0.22
239,52634,0.06
239,52635,0.01
239,52636,0.0
239,52637,0.0
239,52638,0.0
239,52639,0.0
239,52640,0.0
239,52641,0.0
239,52642,0.0
239,52643,0.0
239,52644,0.0
239,52645,0.0
239,52646,0.0
239,52647,0.0
239,52648,0.0
239,52701,0.0
239,52702,0.0
239,52703,0.0
239,52704,0.0
239,52705,0.0
239,52706,0.0
239,52707,0.0
239,52708,0.0
239,52709,0.0
239,52710,0.0
239,52711,0.0
239,52712,0.0
239,52713,0.0
239,52714,0.02
239,52715,0.02
239,52716,0.09
239,52717,0.18
239,52718,0.4
239,52719,0.56
239,52720,0.63
239,52721,0.67
239,52722,0.46
239,52723,0.54
239,52724,0.62
239,52725,0.44
239,52726,0.45
239,52727,0.36
239,52728,0.42
239,52729,0.46
239,52730,0.58
239,52731,0.41
239,52732,0.28
239,52733,0.21
239,52734,0.06
239,52735,0.01
239,52736,0.0
239,52737,0.0
239,52738,0.0
239,52739,0.0
239,52740,0.0
239,52741,0.0
239,52742,0.0
239,52743,0.0
239,52744,0.0
239,52745,0.0
239,52746,0.0
239,52747,0.0
239,52748,0.0
239,52801,0.0
239,52802,0.0
239,52803,0.0
239,52804,0.0
239,52805,0.0
239,52806,0.0
239,52807,0.0
239,52808,0.0
239,52809,0.0
239,52810,0.0
239,52811,0.0
239,52812,0.0
239,52813,0.01
239,52814,0.02
239,52815,0.03
239,52816,0.09
239,52817,0.19
239,52818,0.42
239,52819,0.22
239,52820,0.56
239,52821,0.18
239,52822,0.31
239,52823,0.77
239,52824,0.81
239,52825,0.64
239,52826,0.58
239,52827,0.8
239,52828,0.76
239,52829,0.71
239,52830,0.16
239,52831,0.38
239,52832,0.09
239,52833,0.09
239,52834,0.09
239,52835,0.01
239,52836,0.0
239,52837,0.0
239,52838,0.0
239,52839,0.0
239,52840,0.0
239,52841,0.0
239,52842,0.0
239,52843,0.0
239,52844,0.0
239,52845,0.0
239,52846,0.0
239,52847,0.0
239,52848,0.0
239,52901,0.0
239,52902,0.0
239,52903,0.0
239,52904,0.0
239,52905,0.0
239,52906,0.0
239,52907,0.0
239,52908,0.0
239,52909,0.0
239,52910,0.0
239,52911,0.0
239,52912,0.0
239,52913,0.01
239,52914,0.02
239,52915,0.03
239,52916,0.11
239,52917,0.18
239,52918,0.23
239,52919,0.33
239,52920,0.62
239,52921,0.34
239,52922,0.39
239,52923,0.5
239,52924,0.72
239,52925,0.78
239,52926,0.44
239,52927,0.53
239,52928,0.5
239,52929,0.72
239,52930,0.62
239,52931,0.53
239,52932,0.41
239,52933,0.24
239,52934,0.06
239,52935,0.01
239,52936,0.0
239,52937,0.0
239,52938,0.0
239,52939,0.0
239,52940,0.0
239,52941,0.0
239,52942,0.0
239,52943,0.0
239,52944,0.0
239,52945,0.0
239,52946,0.0
239,52947,0.0
239,52948,0.0
239,53001,0.0
239,53002,0.0
239,53003,0.0
239,53004,0.0
239,53005,0.0
239,53006,0.0
239,53007,0.0
239,53008,0.0
239,53009,0.0
239,53010,0.0
239,53011,0.0
239,53012,0.0
239,53013,0.01
239,53014,0.01
239,53015,0.02
239,53016,0.11
239,53017,0.22
239,53018,0.45
239,53019,0.59
239,53020,0.68
239,53021,0.74
239,53022,0.81
239,53023,0.84
239,53024,0.86
239,53025,0.86
239,53026,0.84
239,53027,0.81
239,53028,0.76
239,53029,0.71
239,53030,0.62
239,53031,0.53
239,53032,0.42
239,53033,0.23
239,53034,0.06
239,53035,0.01
239,53036,0.0
239,53037,0.0
239,53038,0.0
239,53039,0.0
239,53040,0.0
239,53041,0.0
239,53042,0.0
239,53043,0.0
239,53044,0.0
239,53045,0.0
239,53046,0.0
239,53047,0.0
239,53048,0.0
239,53101,0.0
239,53102,0.0
239,53103,0.0
239,53104,0.0
239,53105,0.0
239,53106,0.0
239,53107,0.0
239,53108,0.0
239,53109,0.0
239,53110,0.0
239,53111,0.0
239,53112,0.0
239,53113,0.01
239,53114,0.01
239,53115,0.03
239,53116,0.11
239,53117,0.22
239,53118,0.42
239,53119,0.56
239,53120,0.63
239,53121,0.7
239,53122,0.76
239,53123,0.8
239,53124,0.82
239,53125,0.82
239,53126,0.8
239,53127,0.77
239,53128,0.72
239,53129,0.65
239,53130,0.57
239,53131,0.47
239,53132,0.36
239,53133,0.2
239,53134,0.06
239,53135,0.01
239,53136,0.0
239,53137,0.0
239,53138,0.0
239,53139,0.0
239,53140,0.0
239,53141,0.0
239,53142,0.0
239,53143,0.0
239,53144,0.0
239,53145,0.0
239,53146,0.0
239,53147,0.0
239,53148,0.0
239,53201,0.0
239,53202,0.0
239,53203,0.0
239,53204,0.0
239,53205,0.0
239,53206,0.0
239,53207,0.0
239,53208,0.0
239,53209,0.0
239,53210,0.0
239,53211,0.0
239,53212,0.0
239,53213,0.01
239,53214,0.01
239,53215,0.03
239,53216,0.11
239,53217,0.23
239,53218,0.45
239,53219,0.56
239,53220,0.64
239,53221,0.71
239,53222,0.76
239,53223,0.8
239,53224,0.83
239,53225,0.82
239,53226,0.81
239,53227,0.77
239,53228,0.72
239,53229,0.62
239,53230,0.54
239,53231,0.49
239,53232,0.37
239,53233,0.21
239,53234,0.07
239,53235,0.01
239,53236,0.0
239,53237,0.0
239,53238,0.0
239,53239,0.0
239,53240,0.0
239,53241,0.0
239,53242,0.0
239,53243,0.0
239,53244,0.0
239,53245,0.0
239,53246,0.0
239,53247,0.0
239,53248,0.0
239,53301,0.0
239,53302,0.0
239,53303,0.0
239,53304,0.0
239,53305,0.0
239,53306,0.0
239,53307,0.0
239,53308,0.0
239,53309,0.01
239,53310,0.0
239,53311,0.0
239,53312,0.0
239,53313,0.0
239,53314,0.01
239,53315,0.06
239,53316,0.12
239,53317,0.24
239,53318,0.44
239,53319,0.57
239,53320,0.62
239,53321,0.69
239,53322,0.78
239,53323,0.81
239,53324,0.84
239,53325,0.84
239,53326,0.83
239,53327,0.8
239,53328,0.72
239,53329,0.67
239,53330,0.59
239,53331,0.5
239,53332,0.38
239,53333,0.21
239,53334,0.06
239,53335,0.01
239,53336,0.0
239,53337,0.0
239,53338,0.0
239,53339,0.0
239,53340,0.0
239,53341,0.0
239,53342,0.0
239,53343,0.0
239,53344,0.0
239,53345,0.0
239,53346,0.0
239,53347,0.0
239,53348,0.0
239,53401,0.0
239,53402,0.0
239,53403,0.0
239,53404,0.0
239,53405,0.0
239,53406,0.0
239,53407,0.0
239,53408,0.0
239,53409,0.0
239,53410,0.0
239,53411,0.0
239,53412,0.0
239,53413,0.01
239,53414,0.03
239,53415,0.06
239,53416,0.19
239,53417,0.28
239,53418,0.41
239,53419,0.47
239,53420,0.54
239,53421,0.66
239,53422,0.66
239,53423,0.59
239,53424,0.9
239,53425,0.49
239,53426,0.43
239,53427,0.39
239,53428,0.45
239,53429,0.28
239,53430,0.35
239,53431,0.47
239,53432,0.34
239,53433,0.08
239,53434,0.03
239,53435,0.01
239,53436,0.0
239,53437,0.0
239,53438,0.0
239,53439,0.0
239,53440,0.0
239,53441,0.0
239,53442,0.0
239,53443,0.0
239,53444,0.0
239,53445,0.0
239,53446,0.0
239,53447,0.0
239,53448,0.0
239,53501,0.0
239,53502,0.0
239,53503,0.0
239,53504,0.0
239,53505,0.0
239,53506,0.0
239,53507,0.0
239,53508,0.0
239,53509,0.0
239,53510,0.0
239,53511,0.0
239,53512,0.0
239,53513,0.0
239,53514,0.0
239,53515,0.0
239,53516,0.01
239,53517,0.02
239,53518,0.03
239,53519,0.04
239,53520,0.03
239,53521,0.05
239,53522,0.04
239,53523,0.08
239,53524,0.08
239,53525,0.09
239,53526,0.06
239,53527,0.11
239,53528,0.13
239,53529,0.26
239,53530,0.38
239,53531,0.38
239,53532,0.33
239,53533,0.03
239,53534,0.03
239,53535,0.01
239,53536,0.0
239,53537,0.0
239,53538,0.0
239,53539,0.0
239,53540,0.0
239,53541,0.0
239,53542,0.0
239,53543,0.0
239,53544,0.0
239,53545,0.0
239,53546,0.0
239,53547,0.0
239,53548,0.0
239,53601,0.0
239,53602,0.0
239,53603,0.0
239,53604,0.0
239,53605,0.0
239,53606,0.0
239,53607,0.0
239,53608,0.0
239,53609,0.0
239,53610,0.0
239,53611,0.0
239,53612,0.0
239,53613,0.01
239,53614,0.01
239,53615,0.03
239,53616,0.16
239,53617,0.31
239,53618,0.53
239,53619,0.62
239,53620,0.71
239,53621,0.69
239,53622,0.53
239,53623,0.88
239,53624,0.84
239,53625,0.34
239,53626,0.3
239,53627,0.48
239,53628,0.39
239,53629,0.31
239,53630,0.39
239,53631,0.23
239,53632,0.11
239,53633,0.23
239,53634,0.07
239,53635,0.01
239,53636,0.0
239,53637,0.0
239,53638,0.0
239,53639,0.0
239,53640,0.0
239,53641,0.0
239,53642,0.0
239,53643,0.0
239,53644,0.0
239,53645,0.0
239,53646,0.0
239,53647,0.0
239,53648,0.0
239,53701,0.0
239,53702,0.0
239,53703,0.0
239,53704,0.0
239,53705,0.0
239,53706,0.0
239,53707,0.0
239,53708,0.0
239,53709,0.0
239,53710,0.0
239,53711,0.0
239,53712,0.0
239,53713,0.0
239,53714,0.01
239,53715,0.03
239,53716,0.16
239,53717,0.33
239,53718,0.52
239,53719,0.57
239,53720,0.71
239,53721,0.78
239,53722,0.84
239,53723,0.87
239,53724,0.89
239,53725,0.9
239,53726,0.91
239,53727,0.66
239,53728,0.62
239,53729,0.73
239,53730,0.53
239,53731,0.24
239,53732,0.24
239,53733,0.16
239,53734,0.04
239,53735,0.01
239,53736,0.0
239,53737,0.0
239,53738,0.0
239,53739,0.0
239,53740,0.0
239,53741,0.0
239,53742,0.0
239,53743,0.0
239,53744,0.0
239,53745,0.0
239,53746,0.0
239,53747,0.0
239,53748,0.0
239,53801,0.0
239,53802,0.0
239,53803,0.0
239,53804,0.0
239,53805,0.0
239,53806,0.0
239,53807,0.0
239,53808,0.0
239,53809,0.0
239,53810,0.0
239,53811,0.0
239,53812,0.0
239,53813,0.0
239,53814,0.02
239,53815,0.01
239,53816,0.05
239,53817,0.09
239,53818,0.1
239,53819,0.46
239,53820,0.71
239,53821,0.41
239,53822,0.61
239,53823,0.83
239,53824,0.69
239,53825,0.73
239,53826,0.53
239,53827,0.82
239,53828,0.61
239,53829,0.25
239,53830,0.31
239,53831,0.31
239,53832,0.34
239,53833,0.21
239,53834,0.06
239,53835,0.01
239,53836,0.0
239,53837,0.0
239,53838,0.0
239,53839,0.01
239,53840,0.0
239,53841,0.0
239,53842,0.0
239,53843,0.0
239,53844,0.0
239,53845,0.0
239,53846,0.0
239,53847,0.0
239,53848,0.0
239,53901,0.0
239,53902,0.0
239,53903,0.0
239,53904,0.0
239,53905,0.0
239,53906,0.0
239,53907,0.0
239,53908,0.0
239,53909,0.0
239,53910,0.0
239,53911,0.0
239,53912,0.0
239,53913,0.0
239,53914,0.01
239,53915,0.04
239,53916,0.18
239,53917,0.35
239,53918,0.53
239,53919,0.62
239,53920,0.71
239,53921,0.78
239,53922,0.84
239,53923,0.87
239,53924,0.89
239,53925,0.89
239,53926,0.87
239,53927,0.83
239,53928,0.79
239,53929,0.72
239,53930,0.64
239,53931,0.54
239,53932,0.41
239,53933,0.22
239,53934,0.06
239,53935,0.01
239,53936,0.0
239,53937,0.0
239,53938,0.0
239,53939,0.0
239,53940,0.0
239,53941,0.0
239,53942,0.0
239,53943,0.0
239,53944,0.0
239,53945,0.0
239,53946,0.0
239,53947,0.0
239,53948,0.0
239,54001,0.0
239,54002,0.0
239,54003,0.0
239,54004,0.0
239,54005,0.0
239,54006,0.0
239,54007,0.0
239,54008,0.0
239,54009,0.0
239,54010,0.0
239,54011,0.0
239,54012,0.0
239,54013,0.01
239,54014,0.01
239,54015,0.05
239,54016,0.18
239,54017,0.37
239,54018,0.54
239,54019,0.64
239,54020,0.73
239,54021,0.79
239,54022,0.85
239,54023,0.88
239,54024,0.9
239,54025,0.86
239,54026,0.79
239,54027,0.81
239,54028,0.79
239,54029,0.72
239,54030,0.64
239,54031,0.54
239,54032,0.41
239,54033,0.23
239,54034,0.06
239,54035,0.01
239,54036,0.0
239,54037,0.0
239,54038,0.0
239,54039,0.0
239,54040,0.0
239,54041,0.0
239,54042,0.0
239,54043,0.0
239,54044,0.0
239,54045,0.0
239,54046,0.0
239,54047,0.0
239,54048,0.0
239,54101,0.0
239,54102,0.0
239,54103,0.0
239,54104,0.0
239,54105,0.0
239,54106,0.0
239,54107,0.0
239,54108,0.0
239,54109,0.0
239,54110,0.0
239,54111,0.0
239,54112,0.0
239,54113,0.01
239,54114,0.03
239,54115,0.1
239,54116,0.16
239,54117,0.36
239,54118,0.43
239,54119,0.2
239,54120,0.42
239,54121,0.39
239,54122,0.41
239,54123,0.46
239,54124,0.81
239,54125,0.64
239,54126,0.74
239,54127,0.64
239,54128,0.76
239,54129,0.7
239,54130,0.62
239,54131,0.51
239,54132,0.39
239,54133,0.21
239,54134,0.06
239,54135,0.01
239,54136,0.01
239,54137,0.0
239,54138,0.0
239,54139,0.0
239,54140,0.0
239,54141,0.0
239,54142,0.0
239,54143,0.0
239,54144,0.0
239,54145,0.0
239,54146,0.0
239,54147,0.0
239,54148,0.0
239,54201,0.0
239,54202,0.0
239,54203,0.0
239,54204,0.0
239,54205,0.0
239,54206,0.0
239,54207,0.0
239,54208,0.0
239,54209,0.0
239,54210,0.0
239,54211,0.0
239,54212,0.0
239,54213,0.01
239,54214,0.01
239,54215,0.06
239,54216,0.19
239,54217,0.37
239,54218,0.51
239,54219,0.61
239,54220,0.69
239,54221,0.75
239,54222,0.81
239,54223,0.85
239,54224,0.87
239,54225,0.81
239,54226,0.76
239,54227,0.77
239,54228,0.73
239,54229,0.69
239,54230,0.44
239,54231,0.17
239,54232,0.45
239,54233,0.22
239,54234,0.08
239,54235,0.02
239,54236,0.0
239,54237,0.0
239,54238,0.0
239,54239,0.0
239,54240,0.0
239,54241,0.0
239,54242,0.0
239,54243,0.0
239,54244,0.0
239,54245,0.0
239,54246,0.0
239,54247,0.0
239,54248,0.0
239,54301,0.0
239,54302,0.0
239,54303,0.0
239,54304,0.0
239,54305,0.0
239,54306,0.0
239,54307,0.0
239,54308,0.0
239,54309,0.0
239,54310,0.0
239,54311,0.0
239,54312,0.0
239,54313,0.01
239,54314,0.02
239,54315,0.07
239,54316,0.19
239,54317,0.36
239,54318,0.51
239,54319,0.6
239,54320,0.69
239,54321,0.74
239,54322,0.81
239,54323,0.85
239,54324,0.85
239,54325,0.81
239,54326,0.84
239,54327,0.8
239,54328,0.75
239,54329,0.69
239,54330,0.61
239,54331,0.53
239,54332,0.29
239,54333,0.18
239,54334,0.03
239,54335,0.01
239,54336,0.0
239,54337,0.0
239,54338,0.0
239,54339,0.0
239,54340,0.0
239,54341,0.0
239,54342,0.0
239,54343,0.0
239,54344,0.0
239,54345,0.0
239,54346,0.0
239,54347,0.0
239,54348,0.0
239,54401,0.0
239,54402,0.0
239,54403,0.0
239,54404,0.0
239,54405,0.0
239,54406,0.0
239,54407,0.0
239,54408,0.0
239,54409,0.0
239,54410,0.0
239,54411,0.0
239,54412,0.0
239,54413,0.01
239,54414,0.02
239,54415,0.08
239,54416,0.19
239,54417,0.36
239,54418,0.49
239,54419,0.58
239,54420,0.66
239,54421,0.72
239,54422,0.79
239,54423,0.82
239,54424,0.74
239,54425,0.74
239,54426,0.73
239,54427,0.76
239,54428,0.71
239,54429,0.68
239,54430,0.57
239,54431,0.46
239,54432,0.28
239,54433,0.15
239,54434,0.06
239,54435,0.01
239,54436,0.0
239,54437,0.0
239,54438,0.0
239,54439,0.0
239,54440,0.0
239,54441,0.0
239,54442,0.0
239,54443,0.0
239,54444,0.0
239,54445,0.0
239,54446,0.0
239,54447,0.0
239,54448,0.0
239,54501,0.0
239,54502,0.0
239,54503,0.0
239,54504,0.0
239,54505,0.0
239,54506,0.0
239,54507,0.0
239,54508,0.0
239,54509,0.0
239,54510,0.01
239,54511,0.0
239,54512,0.0
239,54513,0.01
239,54514,0.05
239,54515,0.09
239,54516,0.21
239,54517,0.31
239,54518,0.49
239,54519,0.42
239,54520,0.59
239,54521,0.75
239,54522,0.79
239,54523,0.84
239,54524,0.85
239,54525,0.84
239,54526,0.83
239,54527,0.79
239,54528,0.74
239,54529,0.66
239,54530,0.59
239,54531,0.48
239,54532,0.35
239,54533,0.18
239,54534,0.06
239,54535,0.01
239,54536,0.0
239,54537,0.0
239,54538,0.0
239,54539,0.0
239,54540,0.0
239,54541,0.0
239,54542,0.0
239,54543,0.0
239,54544,0.0
239,54545,0.0
239,54546,0.0
239,54547,0.0
239,54548,0.0
239,54601,0.0
239,54602,0.0
239,54603,0.0
239,54604,0.0
239,54605,0.0
239,54606,0.0
239,54607,0.0
239,54608,0.0
239,54609,0.0
239,54610,0.0
239,54611,0.0
239,54612,0.0
239,54613,0.03
239,54614,0.05
239,54615,0.07
239,54616,0.15
239,54617,0.11
239,54618,0.15
239,54619,0.42
239,54620,0.47
239,54621,0.38
239,54622,0.74
239,54623,0.77
239,54624,0.79
239,54625,0.81
239,54626,0.78
239,54627,0.65
239,54628,0.69
239,54629,0.65
239,54630,0.59
239,54631,0.42
239,54632,0.36
239,54633,0.09
239,54634,0.05
239,54635,0.02
239,54636,0.0
239,54637,0.0
239,54638,0.0
239,54639,0.0
239,54640,0.0
239,54641,0.0
239,54642,0.0
239,54643,0.0
239,54644,0.0
239,54645,0.0
239,54646,0.0
239,54647,0.0
239,54648,0.0
239,54701,0.0
239,54702,0.0
239,54703,0.0
239,54704,0.0
239,54705,0.0
239,54706,0.0
239,54707,0.0
239,54708,0.0
239,54709,0.0
239,54710,0.0
239,54711,0.0
239,54712,0.0
239,54713,0.01
239,54714,0.02
239,54715,0.11
239,54716,0.24
239,54717,0.42
239,54718,0.55
239,54719,0.64
239,54720,0.73
239,54721,0.79
239,54722,0.84
239,54723,0.89
239,54724,0.89
239,54725,0.89
239,54726,0.87
239,54727,0.84
239,54728,0.78
239,54729,0.71
239,54730,0.64
239,54731,0.54
239,54732,0.4
239,54733,0.21
239,54734,0.06
239,54735,0.01
239,54736,0.0
239,54737,0.0
239,54738,0.0
239,54739,0.0
239,54740,0.0
239,54741,0.0
239,54742,0.0
239,54743,0.0
239,54744,0.0
239,54745,0.0
239,54746,0.0
239,54747,0.0
239,54748,0.0
239,54801,0.0
239,54802,0.0
239,54803,0.0
239,54804,0.0
239,54805,0.0
239,54806,0.0
239,54807,0.0
239,54808,0.0
239,54809,0.0
239,54810,0.0
239,54811,0.0
239,54812,0.01
239,54813,0.01
239,54814,0.03
239,54815,0.12
239,54816,0.24
239,54817,0.4
239,54818,0.53
239,54819,0.62
239,54820,0.71
239,54821,0.78
239,54822,0.81
239,54823,0.86
239,54824,0.86
239,54825,0.86
239,54826,0.85
239,54827,0.81
239,54828,0.78
239,54829,0.71
239,54830,0.62
239,54831,0.52
239,54832,0.38
239,54833,0.21
239,54834,0.06
239,54835,0.01
239,54836,0.01
239,54837,0.0
239,54838,0.0
239,54839,0.0
239,54840,0.0
239,54841,0.0
239,54842,0.0
239,54843,0.0
239,54844,0.0
239,54845,0.0
239,54846,0.0
239,54847,0.0
239,54848,0.0
239,54901,0.0
239,54902,0.0
239,54903,0.0
239,54904,0.0
239,54905,0.0
239,54906,0.0
239,54907,0.0
239,54908,0.0
239,54909,0.0
239,54910,0.0
239,54911,0.0
239,54912,0.0
239,54913,0.01
239,54914,0.03
239,54915,0.12
239,54916,0.26
239,54917,0.42
239,54918,0.53
239,54919,0.62
239,54920,0.72
239,54921,0.78
239,54922,0.82
239,54923,0.82
239,54924,0.7
239,54925,0.74
239,54926,0.71
239,54927,0.72
239,54928,0.74
239,54929,0.69
239,54930,0.62
239,54931,0.52
239,54932,0.36
239,54933,0.2
239,54934,0.06
239,54935,0.01
239,54936,0.01
239,54937,0.0
239,54938,0.0
239,54939,0.0
239,54940,0.0
239,54941,0.0
239,54942,0.0
239,54943,0.0
239,54944,0.0
239,54945,0.0
239,54946,0.0
239,54947,0.0
239,54948,0.0
239,55001,0.0
239,55002,0.0
239,55003,0.0
239,55004,0.0
239,55005,0.0
239,55006,0.0
239,55007,0.0
239,55008,0.0
239,55009,0.0
239,55010,0.0
239,55011,0.0
239,55012,0.0
239,55013,0.01
239,55014,0.06
239,55015,0.09
239,55016,0.12
239,55017,0.18
239,55018,0.17
239,55019,0.1
239,55020,0.14
239,55021,0.41
239,55022,0.34
239,55023,0.23
239,55024,0.22
239,55025,0.26
239,55026,0.25
239,55027,0.59
239,55028,0.59
239,55029,0.54
239,55030,0.39
239,55031,0.08
239,55032,0.12
239,55033,0.06
239,55034,0.01
239,55035,0.0
239,55036,0.0
239,55037,0.0
239,55038,0.0
239,55039,0.0
239,55040,0.0
239,55041,0.0
239,55042,0.0
239,55043,0.0
239,55044,0.0
239,55045,0.0
239,55046,0.0
239,55047,0.0
239,55048,0.0
239,55101,0.0
239,55102,0.0
239,55103,0.0
239,55104,0.0
239,55105,0.0
239,55106,0.0
239,55107,0.0
239,55108,0.0
239,55109,0.0
239,55110,0.0
239,55111,0.0
239,55112,0.0
239,55113,0.0
239,55114,0.01
239,55115,0.01
239,55116,0.03
239,55117,0.04
239,55118,0.06
239,55119,0.1
239,55120,0.09
239,55121,0.04
239,55122,0.15
239,55123,0.04
239,55124,0.07
239,55125,0.56
239,55126,0.15
239,55127,0.17
239,55128,0.09
239,55129,0.17
239,55130,0.11
239,55131,0.15
239,55132,0.04
239,55133,0.02
239,55134,0.01
239,55135,0.0
239,55136,0.0
239,55137,0.0
239,55138,0.0
239,55139,0.0
239,55140,0.0
239,55141,0.0
239,55142,0.0
239,55143,0.0
239,55144,0.0
239,55145,0.0
239,55146,0.0
239,55147,0.0
239,55148,0.0
239,55201,0.0
239,55202,0.0
239,55203,0.0
239,55204,0.0
239,55205,0.0
239,55206,0.0
239,55207,0.0
239,55208,0.0
239,55209,0.0
239,55210,0.0
239,55211,0.0
239,55212,0.0
239,55213,0.03
239,55214,0.03
239,55215,0.15
239,55216,0.29
239,55217,0.33
239,55218,0.29
239,55219,0.41
239,55220,0.36
239,55221,0.19
239,55222,0.72
239,55223,0.89
239,55224,0.91
239,55225,0.91
239,55226,0.89
239,55227,0.88
239,55228,0.42
239,55229,0.22
239,55230,0.53
239,55231,0.49
239,55232,0.26
239,55233,0.15
239,55234,0.06
239,55235,0.01
239,55236,0.01
239,55237,0.0
239,55238,0.0
239,55239,0.0
239,55240,0.0
239,55241,0.0
239,55242,0.0
239,55243,0.0
239,55244,0.0
239,55245,0.0
239,55246,0.0
239,55247,0.0
239,55248,0.0
239,55301,0.0
239,55302,0.0
239,55303,0.0
239,55304,0.0
239,55305,0.0
239,55306,0.0
239,55307,0.0
239,55308,0.0
239,55309,0.0
239,55310,0.0
239,55311,0.0
239,55312,0.0
239,55313,0.02
239,55314,0.06
239,55315,0.17
239,55316,0.34
239,55317,0.41
239,55318,0.54
239,55319,0.46
239,55320,0.71
239,55321,0.64
239,55322,0.59
239,55323,0.38
239,55324,0.74
239,55325,0.91
239,55326,0.82
239,55327,0.82
239,55328,0.78
239,55329,0.71
239,55330,0.62
239,55331,0.38
239,55332,0.36
239,55333,0.21
239,55334,0.06
239,55335,0.02
239,55336,0.01
239,55337,0.0
239,55338,0.0
239,55339,0.0
239,55340,0.0
239,55341,0.0
239,55342,0.0
239,55343,0.0
239,55344,0.0
239,55345,0.0
239,55346,0.0
239,55347,0.0
239,55348,0.0
239,55401,0.0
239,55402,0.0
239,55403,0.0
239,55404,0.0
239,55405,0.0
239,55406,0.0
239,55407,0.0
239,55408,0.0
239,55409,0.0
239,55410,0.0
239,55411,0.0
239,55412,0.01
239,55413,0.02
239,55414,0.05
239,55415,0.15
239,55416,0.26
239,55417,0.39
239,55418,0.47
239,55419,0.55
239,55420,0.62
239,55421,0.71
239,55422,0.78
239,55423,0.81
239,55424,0.81
239,55425,0.68
239,55426,0.44
239,55427,0.12
239,55428,0.06
239,55429,0.06
239,55430,0.04
239,55431,0.02
239,55432,0.01
239,55433,0.01
239,55434,0.01
239,55435,0.0
239,55436,0.0
239,55437,0.0
239,55438,0.0
239,55439,0.0
239,55440,0.0
239,55441,0.0
239,55442,0.0
239,55443,0.0
239,55444,0.0
239,55445,0.0
239,55446,0.0
239,55447,0.0
239,55448,0.0
239,55501,0.0
239,55502,0.0
239,55503,0.0
239,55504,0.0
239,55505,0.0
239,55506,0.0
239,55507,0.0
239,55508,0.0
239,55509,0.0
239,55510,0.0
239,55511,0.0
239,55512,0.0
239,55513,0.01
239,55514,0.01
239,55515,0.03
239,55516,0.04
239,55517,0.07
239,55518,0.09
239,55519,0.12
239,55520,0.11
239,55521,0.19
239,55522,0.39
239,55523,0.31
239,55524,0.45
239,55525,0.16
239,55526,0.2
239,55527,0.76
239,55528,0.59
239,55529,0.47
239,55530,0.46
239,55531,0.08
239,55532,0.28
239,55533,0.23
239,55534,0.06
239,55535,0.01
239,55536,0.01
239,55537,0.0
239,55538,0.0
239,55539,0.0
239,55540,0.0
239,55541,0.0
239,55542,0.0
239,55543,0.0
239,55544,0.0
239,55545,0.0
239,55546,0.0
239,55547,0.0
239,55548,0.0
239,55601,0.0
239,55602,0.0
239,55603,0.0
239,55604,0.0
239,55605,0.0
239,55606,0.0
239,55607,0.0
239,55608,0.0
239,55609,0.0
239,55610,0.0
239,55611,0.0
239,55612,0.0
239,55613,0.03
239,55614,0.04
239,55615,0.2
239,55616,0.33
239,55617,0.46
239,55618,0.57
239,55619,0.64
239,55620,0.74
239,55621,0.82
239,55622,0.85
239,55623,0.92
239,55624,0.93
239,55625,0.93
239,55626,0.87
239,55627,0.59
239,55628,0.43
239,55629,0.57
239,55630,0.46
239,55631,0.41
239,55632,0.42
239,55633,0.23
239,55634,0.07
239,55635,0.03
239,55636,0.01
239,55637,0.0
239,55638,0.0
239,55639,0.0
239,55640,0.0
239,55641,0.0
239,55642,0.0
239,55643,0.0
239,55644,0.0
239,55645,0.0
239,55646,0.0
239,55647,0.0
239,55648,0.0
239,55701,0.0
239,55702,0.0
239,55703,0.0
239,55704,0.0
239,55705,0.0
239,55706,0.0
239,55707,0.0
239,55708,0.0
239,55709,0.0
239,55710,0.0
239,55711,0.0
239,55712,0.01
239,55713,0.03
239,55714,0.06
239,55715,0.16
239,55716,0.17
239,55717,0.18
239,55718,0.43
239,55719,0.47
239,55720,0.31
239,55721,0.46
239,55722,0.51
239,55723,0.44
239,55724,0.38
239,55725,0.33
239,55726,0.46
239,55727,0.29
239,55728,0.16
239,55729,0.16
239,55730,0.14
239,55731,0.09
239,55732,0.04
239,55733,0.06
239,55734,0.04
239,55735,0.01
239,55736,0.0
239,55737,0.0
239,55738,0.0
239,55739,0.0
239,55740,0.0
239,55741,0.0
239,55742,0.0
239,55743,0.0
239,55744,0.0
239,55745,0.0
239,55746,0.0
239,55747,0.0
239,55748,0.0
239,55801,0.0
239,55802,0.0
239,55803,0.0
239,55804,0.0
239,55805,0.0
239,55806,0.0
239,55807,0.0
239,55808,0.0
239,55809,0.0
239,55810,0.0
239,55811,0.0
239,55812,0.0
239,55813,0.0
239,55814,0.01
239,55815,0.02
239,55816,0.04
239,55817,0.04
239,55818,0.03
239,55819,0.0
239,55820,0.02
239,55821,0.05
239,55822,0.07
239,55823,0.07
239,55824,0.06
239,55825,0.07
239,55826,0.09
239,55827,0.07
239,55828,0.02
239,55829,0.02
239,55830,0.09
239,55831,0.12
239,55832,0.09
239,55833,0.08
239,55834,0.04
239,55835,0.06
239,55836,0.06
239,55837,0.04
239,55838,0.01
239,55839,0.0
239,55840,0.0
239,55841,0.0
239,55842,0.0
239,55843,0.0
239,55844,0.0
239,55845,0.0
239,55846,0.0
239,55847,0.0
239,55848,0.0
239,55901,0.0
239,55902,0.0
239,55903,0.0
239,55904,0.0
239,55905,0.0
239,55906,0.0
239,55907,0.0
239,55908,0.0
239,55909,0.0
239,55910,0.0
239,55911,0.0
239,55912,0.0
239,55913,0.0
239,55914,0.01
239,55915,0.02
239,55916,0.04
239,55917,0.19
239,55918,0.09
239,55919,0.09
239,55920,0.26
239,55921,0.59
239,55922,0.45
239,55923,0.54
239,55924,0.23
239,55925,0.37
239,55926,0.39
239,55927,0.31
239,55928,0.67
239,55929,0.6
239,55930,0.27
239,55931,0.47
239,55932,0.54
239,55933,0.32
239,55934,0.09
239,55935,0.06
239,55936,0.03
239,55937,0.03
239,55938,0.01
239,55939,0.0
239,55940,0.0
239,55941,0.0
239,55942,0.0
239,55943,0.0
239,55944,0.0
239,55945,0.0
239,55946,0.0
239,55947,0.0
239,55948,0.0
239,56001,0.0
239,56002,0.0
239,56003,0.0
239,56004,0.0
239,56005,0.0
239,56006,0.0
239,56007,0.0
239,56008,0.0
239,56009,0.0
239,56010,0.0
239,56011,0.0
239,56012,0.0
239,56013,0.0
239,56014,0.01
239,56015,0.03
239,56016,0.05
239,56017,0.12
239,56018,0.3
239,56019,0.39
239,56020,0.38
239,56021,0.28
239,56022,0.31
239,56023,0.4
239,56024,0.81
239,56025,0.78
239,56026,0.62
239,56027,0.74
239,56028,0.86
239,56029,0.86
239,56030,0.78
239,56031,0.74
239,56032,0.66
239,56033,0.54
239,56034,0.39
239,56035,0.23
239,56036,0.1
239,56037,0.02
239,56038,0.0
239,56039,0.0
239,56040,0.0
239,56041,0.0
239,56042,0.0
239,56043,0.0
239,56044,0.0
239,56045,0.0
239,56046,0.0
239,56047,0.0
239,56048,0.01
239,56101,0.0
239,56102,0.0
239,56103,0.0
239,56104,0.0
239,56105,0.0
239,56106,0.0
239,56107,0.0
239,56108,0.0
239,56109,0.0
239,56110,0.0
239,56111,0.0
239,56112,0.0
239,56113,0.0
239,56114,0.01
239,56115,0.04
239,56116,0.07
239,56117,0.19
239,56118,0.21
239,56119,0.25
239,56120,0.46
239,56121,0.54
239,56122,0.55
239,56123,0.57
239,56124,0.38
239,56125,0.39
239,56126,0.61
239,56127,0.74
239,56128,0.62
239,56129,0.56
239,56130,0.56
239,56131,0.53
239,56132,0.26
239,56133,0.24
239,56134,0.21
239,56135,0.12
239,56136,0.07
239,56137,0.03
239,56138,0.0
239,56139,0.0
239,56140,0.0
239,56141,0.0
239,56142,0.0
239,56143,0.0
239,56144,0.0
239,56145,0.0
239,56146,0.0
239,56147,0.0
239,56148,0.0
239,56201,0.0
239,56202,0.0
239,56203,0.0
239,56204,0.0
239,56205,0.0
239,56206,0.0
239,56207,0.0
239,56208,0.0
239,56209,0.0
239,56210,0.0
239,56211,0.0
239,56212,0.0
239,56213,0.0
239,56214,0.0
239,56215,0.01
239,56216,0.03
239,56217,0.11
239,56218,0.19
239,56219,0.26
239,56220,0.25
239,56221,0.62
239,56222,0.72
239,56223,0.62
239,56224,0.53
239,56225,0.62
239,56226,0.51
239,56227,0.56
239,56228,0.26
239,56229,0.24
239,56230,0.18
239,56231,0.13
239,56232,0.13
239,56233,0.06
239,56234,0.06
239,56235,0.02
239,56236,0.0
239,56237,0.0
239,56238,0.0
239,56239,0.0
239,56240,0.0
239,56241,0.0
239,56242,0.0
239,56243,0.0
239,56244,0.0
239,56245,0.0
239,56246,0.0
239,56247,0.0
239,56248,0.0
239,56301,0.0
239,56302,0.0
239,56303,0.0
239,56304,0.0
239,56305,0.0
239,56306,0.0
239,56307,0.0
239,56308,0.0
239,56309,0.0
239,56310,0.0
239,56311,0.0
239,56312,0.0
239,56313,0.0
239,56314,0.01
239,56315,0.04
239,56316,0.11
239,56317,0.18
239,56318,0.21
239,56319,0.28
239,56320,0.33
239,56321,0.66
239,56322,0.51
239,56323,0.33
239,56324,0.34
239,56325,0.53
239,56326,0.47
239,56327,0.59
239,56328,0.66
239,56329,0.82
239,56330,0.76
239,56331,0.7
239,56332,0.47
239,56333,0.5
239,56334,0.36
239,56335,0.21
239,56336,0.08
239,56337,0.04
239,56338,0.0
239,56339,0.0
239,56340,0.0
239,56341,0.0
239,56342,0.0
239,56343,0.0
239,56344,0.0
239,56345,0.0
239,56346,0.0
239,56347,0.0
239,56348,0.0
239,56401,0.0
239,56402,0.0
239,56403,0.0
239,56404,0.0
239,56405,0.0
239,56406,0.0
239,56407,0.0
239,56408,0.0
239,56409,0.0
239,56410,0.0
239,56411,0.0
239,56412,0.0
239,56413,0.0
239,56414,0.01
239,56415,0.02
239,56416,0.01
239,56417,0.01
239,56418,0.08
239,56419,0.17
239,56420,0.19
239,56421,0.19
239,56422,0.57
239,56423,0.58
239,56424,0.38
239,56425,0.35
239,56426,0.33
239,56427,0.72
239,56428,0.8
239,56429,0.86
239,56430,0.54
239,56431,0.59
239,56432,0.63
239,56433,0.53
239,56434,0.37
239,56435,0.21
239,56436,0.1
239,56437,0.03
239,56438,0.0
239,56439,0.0
239,56440,0.0
239,56441,0.0
239,56442,0.0
239,56443,0.0
239,56444,0.0
239,56445,0.0
239,56446,0.0
239,56447,0.0
239,56448,0.0
239,56501,0.0
239,56502,0.0
239,56503,0.0
239,56504,0.0
239,56505,0.0
239,56506,0.0
239,56507,0.0
239,56508,0.0
239,56509,0.0
239,56510,0.0
239,56511,0.0
239,56512,0.0
239,56513,0.0
239,56514,0.01
239,56515,0.04
239,56516,0.09
239,56517,0.23
239,56518,0.27
239,56519,0.39
239,56520,0.4
239,56521,0.57
239,56522,0.64
239,56523,0.79
239,56524,0.7
239,56525,0.65
239,56526,0.64
239,56527,0.39
239,56528,0.42
239,56529,0.72
239,56530,0.51
239,56531,0.38
239,56532,0.3
239,56533,0.11
239,56534,0.12
239,56535,0.13
239,56536,0.13
239,56537,0.03
239,56538,0.0
239,56539,0.0
239,56540,0.0
239,56541,0.0
239,56542,0.0
239,56543,0.0
239,56544,0.0
239,56545,0.0
239,56546,0.0
239,56547,0.0
239,56548,0.0
239,56601,0.0
239,56602,0.0
239,56603,0.0
239,56604,0.0
239,56605,0.0
239,56606,0.0
239,56607,0.0
239,56608,0.0
239,56609,0.0
239,56610,0.0
239,56611,0.0
239,56612,0.0
239,56613,0.0
239,56614,0.01
239,56615,0.03
239,56616,0.05
239,56617,0.24
239,56618,0.36
239,56619,0.46
239,56620,0.55
239,56621,0.53
239,56622,0.65
239,56623,0.83
239,56624,0.88
239,56625,0.89
239,56626,0.72
239,56627,0.57
239,56628,0.56
239,56629,0.82
239,56630,0.82
239,56631,0.57
239,56632,0.3
239,56633,0.26
239,56634,0.21
239,56635,0.12
239,56636,0.06
239,56637,0.03
239,56638,0.0
239,56639,0.0
239,56640,0.0
239,56641,0.0
239,56642,0.0
239,56643,0.0
239,56644,0.0
239,56645,0.0
239,56646,0.0
239,56647,0.0
239,56648,0.0
239,56701,0.0
239,56702,0.0
239,56703,0.0
239,56704,0.0
239,56705,0.0
239,56706,0.0
239,56707,0.0
239,56708,0.0
239,56709,0.0
239,56710,0.0
239,56711,0.0
239,56712,0.0
239,56713,0.0
239,56714,0.01
239,56715,0.03
239,56716,0.09
239,56717,0.25
239,56718,0.36
239,56719,0.48
239,56720,0.57
239,56721,0.66
239,56722,0.76
239,56723,0.84
239,56724,0.85
239,56725,0.74
239,56726,0.89
239,56727,0.85
239,56728,0.86
239,56729,0.75
239,56730,0.64
239,56731,0.62
239,56732,0.32
239,56733,0.55
239,56734,0.4
239,56735,0.23
239,56736,0.1
239,56737,0.03
239,56738,0.01
239,56739,0.0
239,56740,0.0
239,56741,0.0
239,56742,0.0
239,56743,0.0
239,56744,0.0
239,56745,0.0
239,56746,0.0
239,56747,0.0
239,56748,0.0
239,56801,0.0
239,56802,0.0
239,56803,0.0
239,56804,0.0
239,56805,0.0
239,56806,0.0
239,56807,0.0
239,56808,0.0
239,56809,0.0
239,56810,0.0
239,56811,0.0
239,56812,0.0
239,56813,0.0
239,56814,0.01
239,56815,0.03
239,56816,0.11
239,56817,0.25
239,56818,0.36
239,56819,0.46
239,56820,0.57
239,56821,0.6
239,56822,0.35
239,56823,0.68
239,56824,0.61
239,56825,0.81
239,56826,0.93
239,56827,0.81
239,56828,0.59
239,56829,0.69
239,56830,0.76
239,56831,0.78
239,56832,0.67
239,56833,0.53
239,56834,0.39
239,56835,0.23
239,56836,0.12
239,56837,0.04
239,56838,0.01
239,56839,0.0
239,56840,0.0
239,56841,0.0
239,56842,0.0
239,56843,0.0
239,56844,0.0
239,56845,0.0
239,56846,0.0
239,56847,0.0
239,56848,0.0
239,56901,0.0
239,56902,0.0
239,56903,0.0
239,56904,0.0
239,56905,0.0
239,56906,0.0
239,56907,0.0
239,56908,0.0
239,56909,0.0
239,56910,0.0
239,56911,0.0
239,56912,0.0
239,56913,0.01
239,56914,0.01
239,56915,0.04
239,56916,0.09
239,56917,0.19
239,56918,0.34
239,56919,0.46
239,56920,0.55
239,56921,0.68
239,56922,0.4
239,56923,0.3
239,56924,0.44
239,56925,0.59
239,56926,0.34
239,56927,0.44
239,56928,0.26
239,56929,0.36
239,56930,0.36
239,56931,0.39
239,56932,0.2
239,56933,0.22
239,56934,0.12
239,56935,0.07
239,56936,0.04
239,56937,0.02
239,56938,0.0
239,56939,0.0
239,56940,0.0
239,56941,0.0
239,56942,0.0
239,56943,0.0
239,56944,0.0
239,56945,0.0
239,56946,0.0
239,56947,0.0
239,56948,0.0
239,57001,0.0
239,57002,0.0
239,57003,0.0
239,57004,0.0
239,57005,0.0
239,57006,0.0
239,57007,0.0
239,57008,0.0
239,57009,0.0
239,57010,0.0
239,57011,0.0
239,57012,0.0
239,57013,0.0
239,57014,0.01
239,57015,0.02
239,57016,0.06
239,57017,0.14
239,57018,0.14
239,57019,0.27
239,57020,0.26
239,57021,0.24
239,57022,0.4
239,57023,0.41
239,57024,0.55
239,57025,0.77
239,57026,0.52
239,57027,0.33
239,57028,0.31
239,57029,0.12
239,57030,0.16
239,57031,0.17
239,57032,0.11
239,57033,0.12
239,57034,0.05
239,57035,0.04
239,57036,0.01
239,57037,0.01
239,57038,0.0
239,57039,0.0
239,57040,0.0
239,57041,0.0
239,57042,0.0
239,57043,0.0
239,57044,0.0
239,57045,0.0
239,57046,0.0
239,57047,0.0
239,57048,0.0
239,57101,0.0
239,57102,0.0
239,57103,0.0
239,57104,0.0
239,57105,0.0
239,57106,0.0
239,57107,0.0
239,57108,0.0
239,57109,0.0
239,57110,0.0
239,57111,0.0
239,57112,0.0
239,57113,0.0
239,57114,0.01
239,57115,0.03
239,57116,0.06
239,57117,0.08
239,57118,0.11
239,57119,0.15
239,57120,0.23
239,57121,0.24
239,57122,0.28
239,57123,0.36
239,57124,0.36
239,57125,0.28
239,57126,0.23
239,57127,0.25
239,57128,0.62
239,57129,0.48
239,57130,0.51
239,57131,0.38
239,57132,0.66
239,57133,0.54
239,57134,0.39
239,57135,0.22
239,57136,0.1
239,57137,0.03
239,57138,0.0
239,57139,0.0
239,57140,0.0
239,57141,0.0
239,57142,0.0
239,57143,0.0
239,57144,0.0
239,57145,0.0
239,57146,0.0
239,57147,0.0
239,57148,0.0
239,57201,0.0
239,57202,0.0
239,57203,0.0
239,57204,0.0
239,57205,0.01
239,57206,0.0
239,57207,0.0
239,57208,0.0
239,57209,0.0
239,57210,0.0
239,57211,0.0
239,57212,0.0
239,57213,0.0
239,57214,0.01
239,57215,0.03
239,57216,0.13
239,57217,0.25
239,57218,0.29
239,57219,0.0
239,57220,0.0
239,57221,0.0
239,57222,0.0
239,57223,0.74
239,57224,0.84
239,57225,0.88
239,57226,0.89
239,57227,0.89
239,57228,0.84
239,57229,0.84
239,57230,0.79
239,57231,0.72
239,57232,0.62
239,57233,0.53
239,57234,0.37
239,57235,0.22
239,57236,0.11
239,57237,0.03
239,57238,0.01
239,57239,0.0
239,57240,0.0
239,57241,0.0
239,57242,0.0
239,57243,0.0
239,57244,0.0
239,57245,0.0
239,57246,0.0
239,57247,0.0
239,57248,0.0
239,57301,0.0
239,57302,0.0
239,57303,0.0
239,57304,0.0
239,57305,0.0
239,57306,0.0
239,57307,0.0
239,57308,0.0
239,57309,0.0
239,57310,0.0
239,57311,0.0
239,57312,0.0
239,57313,0.01
239,57314,0.01
239,57315,0.04
239,57316,0.08
239,57317,0.08
239,57318,0.26
239,57319,0.23
239,57320,0.42
239,57321,0.59
239,57322,0.33
239,57323,0.23
239,57324,0.32
239,57325,0.39
239,57326,0.44
239,57327,0.54
239,57328,0.52
239,57329,0.53
239,57330,0.41
239,57331,0.26
239,57332,0.19
239,57333,0.24
239,57334,0.26
239,57335,0.18
239,57336,0.09
239,57337,0.04
239,57338,0.01
239,57339,0.0
239,57340,0.0
239,57341,0.0
239,57342,0.0
239,57343,0.0
239,57344,0.0
239,57345,0.0
239,57346,0.0
239,57347,0.0
239,57348,0.0
239,57401,0.0
239,57402,0.0
239,57403,0.0
239,57404,0.0
239,57405,0.0
239,57406,0.0
239,57407,0.01
239,57408,0.0
239,57409,0.0
239,57410,0.0
239,57411,0.0
239,57412,0.0
239,57413,0.0
239,57414,0.01
239,57415,0.03
239,57416,0.07
239,57417,0.18
239,57418,0.12
239,57419,0.36
239,57420,0.36
239,57421,0.23
239,57422,0.23
239,57423,0.22
239,57424,0.42
239,57425,0.57
239,57426,0.65
239,57427,0.76
239,57428,0.88
239,57429,0.86
239,57430,0.8
239,57431,0.74
239,57432,0.65
239,57433,0.42
239,57434,0.29
239,57435,0.23
239,57436,0.11
239,57437,0.04
239,57438,0.01
239,57439,0.0
239,57440,0.0
239,57441,0.0
239,57442,0.0
239,57443,0.0
239,57444,0.0
239,57445,0.0
239,57446,0.0
239,57447,0.0
239,57448,0.0
239,57501,0.0
239,57502,0.0
239,57503,0.0
239,57504,0.0
239,57505,0.0
239,57506,0.0
239,57507,0.0
239,57508,0.0
239,57509,0.0
239,57510,0.0
239,57511,0.0
239,57512,0.0
239,57513,0.0
239,57514,0.01
239,57515,0.04
239,57516,0.14
239,57517,0.26
239,57518,0.37
239,57519,0.49
239,57520,0.59
239,57521,0.68
239,57522,0.76
239,57523,0.82
239,57524,0.85
239,57525,0.88
239,57526,0.9
239,57527,0.9
239,57528,0.88
239,57529,0.84
239,57530,0.8
239,57531,0.73
239,57532,0.64
239,57533,0.54
239,57534,0.38
239,57535,0.22
239,57536,0.12
239,57537,0.03
239,57538,0.01
239,57539,0.0
239,57540,0.0
239,57541,0.0
239,57542,0.0
239,57543,0.0
239,57544,0.0
239,57545,0.0
239,57546,0.0
239,57547,0.0
239,57548,0.0
239,57601,0.0
239,57602,0.0
239,57603,0.0
239,57604,0.0
239,57605,0.0
239,57606,0.0
239,57607,0.0
239,57608,0.0
239,57609,0.0
239,57610,0.0
239,57611,0.0
239,57612,0.01
239,57613,0.0
239,57614,0.01
239,57615,0.04
239,57616,0.14
239,57617,0.27
239,57618,0.37
239,57619,0.47
239,57620,0.58
239,57621,0.68
239,57622,0.74
239,57623,0.8
239,57624,0.83
239,57625,0.85
239,57626,0.81
239,57627,0.76
239,57628,0.78
239,57629,0.83
239,57630,0.78
239,57631,0.71
239,57632,0.63
239,57633,0.53
239,57634,0.36
239,57635,0.22
239,57636,0.12
239,57637,0.03
239,57638,0.01
239,57639,0.0
239,57640,0.0
239,57641,0.0
239,57642,0.0
239,57643,0.0
239,57644,0.0
239,57645,0.0
239,57646,0.0
239,57647,0.0
239,57648,0.0
239,57701,0.0
239,57702,0.0
239,57703,0.0
239,57704,0.0
239,57705,0.0
239,57706,0.0
239,57707,0.0
239,57708,0.0
239,57709,0.0
239,57710,0.0
239,57711,0.0
239,57712,0.0
239,57713,0.0
239,57714,0.01
239,57715,0.04
239,57716,0.14
239,57717,0.26
239,57718,0.36
239,57719,0.47
239,57720,0.57
239,57721,0.66
239,57722,0.73
239,57723,0.79
239,57724,0.82
239,57725,0.72
239,57726,0.69
239,57727,0.72
239,57728,0.73
239,57729,0.73
239,57730,0.76
239,57731,0.71
239,57732,0.62
239,57733,0.53
239,57734,0.36
239,57735,0.21
239,57736,0.11
239,57737,0.04
239,57738,0.01
239,57739,0.0
239,57740,0.0
239,57741,0.0
239,57742,0.0
239,57743,0.0
239,57744,0.0
239,57745,0.0
239,57746,0.0
239,57747,0.0
239,57748,0.0
239,57801,0.0
239,57802,0.0
239,57803,0.0
239,57804,0.0
239,57805,0.0
239,57806,0.0
239,57807,0.0
239,57808,0.0
239,57809,0.0
239,57810,0.0
239,57811,0.0
239,57812,0.0
239,57813,0.0
239,57814,0.01
239,57815,0.04
239,57816,0.05
239,57817,0.16
239,57818,0.34
239,57819,0.47
239,57820,0.46
239,57821,0.53
239,57822,0.68
239,57823,0.78
239,57824,0.81
239,57825,0.83
239,57826,0.82
239,57827,0.81
239,57828,0.79
239,57829,0.72
239,57830,0.76
239,57831,0.64
239,57832,0.62
239,57833,0.34
239,57834,0.29
239,57835,0.17
239,57836,0.11
239,57837,0.03
239,57838,0.01
239,57839,0.0
239,57840,0.0
239,57841,0.0
239,57842,0.0
239,57843,0.0
239,57844,0.0
239,57845,0.0
239,57846,0.0
239,57847,0.0
239,57848,0.0
239,57901,0.0
239,57902,0.0
239,57903,0.0
239,57904,0.0
239,57905,0.0
239,57906,0.0
239,57907,0.0
239,57908,0.0
239,57909,0.0
239,57910,0.0
239,57911,0.0
239,57912,0.0
239,57913,0.01
239,57914,0.04
239,57915,0.09
239,57916,0.12
239,57917,0.19
239,57918,0.26
239,57919,0.39
239,57920,0.38
239,57921,0.54
239,57922,0.59
239,57923,0.53
239,57924,0.54
239,57925,0.59
239,57926,0.56
239,57927,0.83
239,57928,0.68
239,57929,0.57
239,57930,0.41
239,57931,0.34
239,57932,0.33
239,57933,0.51
239,57934,0.35
239,57935,0.21
239,57936,0.12
239,57937,0.07
239,57938,0.02
239,57939,0.0
239,57940,0.0
239,57941,0.0
239,57942,0.0
239,57943,0.0
239,57944,0.0
239,57945,0.0
239,57946,0.0
239,57947,0.0
239,57948,0.0
239,58001,0.0
239,58002,0.0
239,58003,0.0
239,58004,0.0
239,58005,0.0
239,58006,0.0
239,58007,0.0
239,58008,0.0
239,58009,0.0
239,58010,0.0
239,58011,0.0
239,58012,0.0
239,58013,0.01
239,58014,0.01
239,58015,0.04
239,58016,0.16
239,58017,0.25
239,58018,0.36
239,58019,0.46
239,58020,0.57
239,58021,0.65
239,58022,0.72
239,58023,0.76
239,58024,0.78
239,58025,0.78
239,58026,0.75
239,58027,0.71
239,58028,0.68
239,58029,0.6
239,58030,0.72
239,58031,0.65
239,58032,0.58
239,58033,0.51
239,58034,0.33
239,58035,0.21
239,58036,0.12
239,58037,0.04
239,58038,0.01
239,58039,0.0
239,58040,0.0
239,58041,0.0
239,58042,0.0
239,58043,0.0
239,58044,0.0
239,58045,0.0
239,58046,0.0
239,58047,0.0
239,58048,0.0
239,58101,0.0
239,58102,0.0
239,58103,0.0
239,58104,0.0
239,58105,0.0
239,58106,0.0
239,58107,0.0
239,58108,0.0
239,58109,0.0
239,58110,0.0
239,58111,0.0
239,58112,0.0
239,58113,0.01
239,58114,0.04
239,58115,0.04
239,58116,0.04
239,58117,0.04
239,58118,0.03
239,58119,0.06
239,58120,0.19
239,58121,0.29
239,58122,0.33
239,58123,0.46
239,58124,0.17
239,58125,0.23
239,58126,0.34
239,58127,0.28
239,58128,0.61
239,58129,0.55
239,58130,0.23
239,58131,0.22
239,58132,0.08
239,58133,0.06
239,58134,0.03
239,58135,0.01
239,58136,0.04
239,58137,0.03
239,58138,0.0
239,58139,0.0
239,58140,0.0
239,58141,0.0
239,58142,0.0
239,58143,0.0
239,58144,0.0
239,58145,0.0
239,58146,0.0
239,58147,0.0
239,58148,0.0
239,58201,0.0
239,58202,0.0
239,58203,0.0
239,58204,0.0
239,58205,0.0
239,58206,0.0
239,58207,0.0
239,58208,0.0
239,58209,0.0
239,58210,0.0
239,58211,0.0
239,58212,0.0
239,58213,0.0
239,58214,0.01
239,58215,0.03
239,58216,0.06
239,58217,0.08
239,58218,0.11
239,58219,0.16
239,58220,0.21
239,58221,0.23
239,58222,0.34
239,58223,0.53
239,58224,0.51
239,58225,0.33
239,58226,0.42
239,58227,0.28
239,58228,0.19
239,58229,0.16
239,58230,0.14
239,58231,0.14
239,58232,0.14
239,58233,0.11
239,58234,0.1
239,58235,0.09
239,58236,0.03
239,58237,0.01
239,58238,0.0
239,58239,0.0
239,58240,0.0
239,58241,0.0
239,58242,0.0
239,58243,0.0
239,58244,0.0
239,58245,0.0
239,58246,0.0
239,58247,0.0
239,58248,0.0
239,58301,0.0
239,58302,0.0
239,58303,0.0
239,58304,0.0
239,58305,0.0
239,58306,0.0
239,58307,0.0
239,58308,0.0
239,58309,0.0
239,58310,0.0
239,58311,0.0
239,58312,0.0
239,58313,0.0
239,58314,0.02
239,58315,0.04
239,58316,0.11
239,58317,0.21
239,58318,0.33
239,58319,0.3
239,58320,0.37
239,58321,0.44
239,58322,0.51
239,58323,0.59
239,58324,0.66
239,58325,0.64
239,58326,0.69
239,58327,0.67
239,58328,0.61
239,58329,0.58
239,58330,0.54
239,58331,0.61
239,58332,0.47
239,58333,0.31
239,58334,0.21
239,58335,0.16
239,58336,0.09
239,58337,0.05
239,58338,0.01
239,58339,0.0
239,58340,0.0
239,58341,0.0
239,58342,0.0
239,58343,0.0
239,58344,0.0
239,58345,0.0
239,58346,0.0
239,58347,0.0
239,58348,0.0
239,58401,0.0
239,58402,0.0
239,58403,0.0
239,58404,0.0
239,58405,0.0
239,58406,0.0
239,58407,0.0
239,58408,0.0
239,58409,0.0
239,58410,0.0
239,58411,0.0
239,58412,0.0
239,58413,0.01
239,58414,0.04
239,58415,0.08
239,58416,0.19
239,58417,0.27
239,58418,0.38
239,58419,0.38
239,58420,0.46
239,58421,0.28
239,58422,0.44
239,58423,0.66
239,58424,0.59
239,58425,0.78
239,58426,0.86
239,58427,0.88
239,58428,0.86
239,58429,0.82
239,58430,0.68
239,58431,0.69
239,58432,0.54
239,58433,0.5
239,58434,0.33
239,58435,0.21
239,58436,0.12
239,58437,0.04
239,58438,0.01
239,58439,0.0
239,58440,0.0
239,58441,0.0
239,58442,0.0
239,58443,0.0
239,58444,0.0
239,58445,0.0
239,58446,0.0
239,58447,0.0
239,58448,0.0
239,58501,0.0
239,58502,0.0
239,58503,0.0
239,58504,0.0
239,58505,0.0
239,58506,0.0
239,58507,0.0
239,58508,0.01
239,58509,0.0
239,58510,0.0
239,58511,0.0
239,58512,0.0
239,58513,0.0
239,58514,0.01
239,58515,0.06
239,58516,0.15
239,58517,0.26
239,58518,0.35
239,58519,0.45
239,58520,0.58
239,58521,0.59
239,58522,0.32
239,58523,0.4
239,58524,0.58
239,58525,0.49
239,58526,0.33
239,58527,0.32
239,58528,0.31
239,58529,0.27
239,58530,0.31
239,58531,0.41
239,58532,0.31
239,58533,0.14
239,58534,0.18
239,58535,0.2
239,58536,0.14
239,58537,0.07
239,58538,0.02
239,58539,0.0
239,58540,0.0
239,58541,0.0
239,58542,0.0
239,58543,0.0
239,58544,0.0
239,58545,0.0
239,58546,0.0
239,58547,0.0
239,58548,0.0
239,58601,0.0
239,58602,0.0
239,58603,0.0
239,58604,0.0
239,58605,0.0
239,58606,0.0
239,58607,0.01
239,58608,0.0
239,58609,0.0
239,58610,0.0
239,58611,0.0
239,58612,0.0
239,58613,0.01
239,58614,0.04
239,58615,0.05
239,58616,0.14
239,58617,0.26
239,58618,0.31
239,58619,0.38
239,58620,0.51
239,58621,0.64
239,58622,0.59
239,58623,0.38
239,58624,0.16
239,58625,0.03
239,58626,0.02
239,58627,0.09
239,58628,0.69
239,58629,0.69
239,58630,0.47
239,58631,0.51
239,58632,0.05
239,58633,0.23
239,58634,0.08
239,58635,0.07
239,58636,0.06
239,58637,0.07
239,58638,0.03
239,58639,0.0
239,58640,0.0
239,58641,0.0
239,58642,0.0
239,58643,0.0
239,58644,0.0
239,58645,0.0
239,58646,0.0
239,58647,0.0
239,58648,0.0
239,58701,0.0
239,58702,0.0
239,58703,0.0
239,58704,0.0
239,58705,0.0
239,58706,0.0
239,58707,0.0
239,58708,0.0
239,58709,0.0
239,58710,0.0
239,58711,0.0
239,58712,0.0
239,58713,0.01
239,58714,0.04
239,58715,0.09
239,58716,0.2
239,58717,0.29
239,58718,0.39
239,58719,0.33
239,58720,0.45
239,58721,0.38
239,58722,0.5
239,58723,0.22
239,58724,0.34
239,58725,0.27
239,58726,0.47
239,58727,0.55
239,58728,0.79
239,58729,0.52
239,58730,0.36
239,58731,0.56
239,58732,0.57
239,58733,0.52
239,58734,0.29
239,58735,0.23
239,58736,0.14
239,58737,0.06
239,58738,0.02
239,58739,0.0
239,58740,0.0
239,58741,0.0
239,58742,0.0
239,58743,0.0
239,58744,0.0
239,58745,0.0
239,58746,0.0
239,58747,0.0
239,58748,0.0
239,58801,0.0
239,58802,0.0
239,58803,0.0
239,58804,0.0
239,58805,0.0
239,58806,0.0
239,58807,0.0
239,58808,0.0
239,58809,0.0
239,58810,0.0
239,58811,0.0
239,58812,0.0
239,58813,0.0
239,58814,0.01
239,58815,0.03
239,58816,0.04
239,58817,0.05
239,58818,0.1
239,58819,0.16
239,58820,0.11
239,58821,0.21
239,58822,0.51
239,58823,0.28
239,58824,0.35
239,58825,0.41
239,58826,0.54
239,58827,0.56
239,58828,0.78
239,58829,0.79
239,58830,0.76
239,58831,0.71
239,58832,0.59
239,58833,0.48
239,58834,0.31
239,58835,0.19
239,58836,0.14
239,58837,0.05
239,58838,0.01
239,58839,0.01
239,58840,0.0
239,58841,0.0
239,58842,0.0
239,58843,0.0
239,58844,0.0
239,58845,0.0
239,58846,0.0
239,58847,0.0
239,58848,0.0
239,58901,0.0
239,58902,0.0
239,58903,0.0
239,58904,0.0
239,58905,0.0
239,58906,0.0
239,58907,0.0
239,58908,0.0
239,58909,0.0
239,58910,0.0
239,58911,0.0
239,58912,0.0
239,58913,0.01
239,58914,0.01
239,58915,0.06
239,58916,0.16
239,58917,0.26
239,58918,0.37
239,58919,0.47
239,58920,0.57
239,58921,0.66
239,58922,0.74
239,58923,0.79
239,58924,0.8
239,58925,0.68
239,58926,0.86
239,58927,0.78
239,58928,0.72
239,58929,0.82
239,58930,0.76
239,58931,0.69
239,58932,0.62
239,58933,0.52
239,58934,0.28
239,58935,0.12
239,58936,0.1
239,58937,0.06
239,58938,0.02
239,58939,0.0
239,58940,0.0
239,58941,0.0
239,58942,0.0
239,58943,0.0
239,58944,0.0
239,58945,0.0
239,58946,0.0
239,58947,0.0
239,58948,0.0
239,59001,0.0
239,59002,0.0
239,59003,0.0
239,59004,0.0
239,59005,0.0
239,59006,0.0
239,59007,0.0
239,59008,0.0
239,59009,0.0
239,59010,0.0
239,59011,0.0
239,59012,0.0
239,59013,0.0
239,59014,0.01
239,59015,0.05
239,59016,0.07
239,59017,0.02
239,59018,0.04
239,59019,0.04
239,59020,0.04
239,59021,0.1
239,59022,0.11
239,59023,0.14
239,59024,0.14
239,59025,0.5
239,59026,0.56
239,59027,0.51
239,59028,0.61
239,59029,0.38
239,59030,0.35
239,59031,0.1
239,59032,0.15
239,59033,0.2
239,59034,0.21
239,59035,0.13
239,59036,0.12
239,59037,0.07
239,59038,0.02
239,59039,0.0
239,59040,0.0
239,59041,0.0
239,59042,0.0
239,59043,0.0
239,59044,0.0
239,59045,0.0
239,59046,0.0
239,59047,0.0
239,59048,0.0
239,59101,0.0
239,59102,0.0
239,59103,0.0
239,59104,0.0
239,59105,0.0
239,59106,0.0
239,59107,0.0
239,59108,0.0
239,59109,0.0
239,59110,0.0
239,59111,0.0
239,59112,0.0
239,59113,0.01
239,59114,0.02
239,59115,0.07
239,59116,0.19
239,59117,0.31
239,59118,0.33
239,59119,0.51
239,59120,0.63
239,59121,0.11
239,59122,0.0
239,59123,0.0
239,59124,0.0
239,59125,0.0
239,59126,0.0
239,59127,0.0
239,59128,0.0
239,59129,0.0
239,59130,0.0
239,59131,0.0
239,59132,0.0
239,59133,0.0
239,59134,0.0
239,59135,0.0
239,59136,0.0
239,59137,0.0
239,59138,0.0
239,59139,0.0
239,59140,0.0
239,59141,0.0
239,59142,0.0
239,59143,0.0
239,59144,0.0
239,59145,0.0
239,59146,0.0
239,59147,0.0
239,59148,0.0
239,59201,0.0
239,59202,0.0
239,59203,0.0
239,59204,0.0
239,59205,0.0
239,59206,0.0
239,59207,0.0
239,59208,0.0
239,59209,0.0
239,59210,0.0
239,59211,0.0
239,59212,0.0
239,59213,0.0
239,59214,0.0
239,59215,0.0
239,59216,0.0
239,59217,0.0
239,59218,0.0
239,59219,0.0
239,59220,0.0
239,59221,0.0
239,59222,0.0
239,59223,0.0
239,59224,0.0
239,59225,0.0
239,59226,0.0
239,59227,0.0
239,59228,0.0
239,59229,0.0
239,59230,0.0
239,59231,0.0
239,59232,0.0
239,59233,0.0
239,59234,0.0
239,59235,0.0
239,59236,0.0
239,59237,0.0
239,59238,0.0
239,59239,0.0
239,59240,0.0
239,59241,0.0
239,59242,0.0
239,59243,0.0
239,59244,0.0
239,59245,0.0
239,59246,0.0
239,59247,0.0
239,59248,0.0
239,59301,0.0
239,59302,0.0
239,59303,0.0
239,59304,0.0
239,59305,0.0
239,59306,0.0
239,59307,0.0
239,59308,0.0
239,59309,0.0
239,59310,0.0
239,59311,0.0
239,59312,0.0
239,59313,0.0
239,59314,0.0
239,59315,0.0
239,59316,0.0
239,59317,0.0
239,59318,0.0
239,59319,0.0
239,59320,0.0
239,59321,0.0
239,59322,0.0
239,59323,0.0
239,59324,0.0
239,59325,0.0
239,59326,0.0
239,59327,0.0
239,59328,0.01
239,59329,0.0
239,59330,0.0
239,59331,0.0
239,59332,0.0
239,59333,0.0
239,59334,0.0
239,59335,0.0
239,59336,0.0
239,59337,0.0
239,59338,0.0
239,59339,0.0
239,59340,0.0
239,59341,0.0
239,59342,0.0
239,59343,0.0
239,59344,0.0
239,59345,0.0
239,59346,0.0
239,59347,0.0
239,59348,0.0
239,59401,0.0
239,59402,0.0
239,59403,0.0
239,59404,0.0
239,59405,0.0
239,59406,0.0
239,59407,0.0
239,59408,0.0
239,59409,0.0
239,59410,0.0
239,59411,0.0
239,59412,0.0
239,59413,0.0
239,59414,0.0
239,59415,0.0
239,59416,0.0
239,59417,0.0
239,59418,0.0
239,59419,0.0
239,59420,0.0
239,59421,0.0
239,59422,0.0
239,59423,0.0
239,59424,0.0
239,59425,0.0
239,59426,0.0
239,59427,0.0
239,59428,0.0
239,59429,0.0
239,59430,0.0
239,59431,0.0
239,59432,0.0
239,59433,0.0
239,59434,0.0
239,59435,0.0
239,59436,0.0
239,59437,0.0
239,59438,0.0
239,59439,0.0
239,59440,0.0
239,59441,0.0
239,59442,0.0
239,59443,0.0
239,59444,0.0
239,59445,0.0
239,59446,0.0
239,59447,0.0
239,59448,0.0
239,59501,0.0
239,59502,0.0
239,59503,0.0
239,59504,0.0
239,59505,0.0
239,59506,0.0
239,59507,0.0
239,59508,0.0
239,59509,0.0
239,59510,0.0
239,59511,0.0
239,59512,0.0
239,59513,0.0
239,59514,0.0
239,59515,0.0
239,59516,0.0
239,59517,0.0
239,59518,0.0
239,59519,0.0
239,59520,0.0
239,59521,0.0
239,59522,0.0
239,59523,0.0
239,59524,0.0
239,59525,0.0
239,59526,0.0
239,59527,0.0
239,59528,0.0
239,59529,0.0
239,59530,0.0
239,59531,0.0
239,59532,0.0
239,59533,0.0
239,59534,0.0
239,59535,0.0
239,59536,0.0
239,59537,0.01
239,59538,0.0
239,59539,0.0
239,59540,0.0
239,59541,0.0
239,59542,0.0
239,59543,0.0
239,59544,0.0
239,59545,0.0
239,59546,0.0
239,59547,0.0
239,59548,0.0
239,59601,0.0
239,59602,0.0
239,59603,0.0
239,59604,0.0
239,59605,0.0
239,59606,0.0
239,59607,0.0
239,59608,0.0
239,59609,0.0
239,59610,0.0
239,59611,0.0
239,59612,0.0
239,59613,0.0
239,59614,0.0
239,59615,0.0
239,59616,0.0
239,59617,0.0
239,59618,0.0
239,59619,0.0
239,59620,0.0
239,59621,0.0
239,59622,0.0
239,59623,0.0
239,59624,0.0
239,59625,0.0
239,59626,0.0
239,59627,0.0
239,59628,0.0
239,59629,0.0
239,59630,0.0
239,59631,0.0
239,59632,0.0
239,59633,0.0
239,59634,0.0
239,59635,0.0
239,59636,0.0
239,59637,0.0
239,59638,0.0
239,59639,0.0
239,59640,0.0
239,59641,0.0
239,59642,0.0
239,59643,0.0
239,59644,0.0
239,59645,0.0
239,59646,0.0
239,59647,0.0
239,59648,0.0
239,59701,0.0
239,59702,0.0
239,59703,0.0
239,59704,0.0
239,59705,0.0
239,59706,0.0
239,59707,0.0
239,59708,0.0
239,59709,0.0
239,59710,0.0
239,59711,0.0
239,59712,0.0
239,59713,0.0
239,59714,0.0
239,59715,0.0
239,59716,0.0
239,59717,0.0
239,59718,0.0
239,59719,0.0
239,59720,0.0
239,59721,0.0
239,59722,0.0
239,59723,0.0
239,59724,0.0
239,59725,0.0
239,59726,0.0
239,59727,0.0
239,59728,0.0
239,59729,0.0
239,59730,0.0
239,59731,0.0
239,59732,0.0
239,59733,0.0
239,59734,0.0
239,59735,0.0
239,59736,0.0
239,59737,0.0
239,59738,0.0
239,59739,0.0
239,59740,0.0
239,59741,0.0
239,59742,0.01
239,59743,0.0
239,59744,0.0
239,59745,0.0
239,59746,0.0
239,59747,0.0
239,59748,0.0
239,59801,0.0
239,59802,0.0
239,59803,0.0
239,59804,0.0
239,59805,0.0
239,59806,0.0
239,59807,0.0
239,59808,0.0
239,59809,0.0
239,59810,0.0
239,59811,0.0
239,59812,0.0
239,59813,0.0
239,59814,0.0
239,59815,0.0
239,59816,0.0
239,59817,0.0
239,59818,0.0
239,59819,0.0
239,59820,0.0
239,59821,0.0
239,59822,0.0
239,59823,0.0
239,59824,0.0
239,59825,0.0
239,59826,0.0
239,59827,0.0
239,59828,0.0
239,59829,0.0
239,59830,0.0
239,59831,0.0
239,59832,0.0
239,59833,0.0
239,59834,0.0
239,59835,0.0
239,59836,0.0
239,59837,0.0
239,59838,0.0
239,59839,0.0
239,59840,0.0
239,59841,0.0
239,59842,0.0
239,59843,0.0
239,59844,0.0
239,59845,0.0
239,59846,0.0
239,59847,0.0
239,59848,0.0
239,59901,0.0
239,59902,0.0
239,59903,0.0
239,59904,0.0
239,59905,0.0
239,59906,0.0
239,59907,0.0
239,59908,0.0
239,59909,0.0
239,59910,0.0
239,59911,0.0
239,59912,0.0
239,59913,0.0
239,59914,0.0
239,59915,0.0
239,59916,0.0
239,59917,0.0
239,59918,0.0
239,59919,0.0
239,59920,0.0
239,59921,0.0
239,59922,0.0
239,59923,0.0
239,59924,0.0
239,59925,0.0
239,59926,0.0
239,59927,0.0
239,59928,0.0
239,59929,0.0
239,59930,0.0
239,59931,0.0
239,59932,0.0
239,59933,0.0
239,59934,0.0
239,59935,0.0
239,59936,0.0
239,59937,0.0
239,59938,0.0
239,59939,0.0
239,59940,0.0
239,59941,0.0
239,59942,0.0
239,59943,0.0
239,59944,0.01
239,59945,0.0
239,59946,0.0
239,59947,0.0
239,59948,0.0
239,60001,0.0
239,60002,0.0
239,60003,0.0
239,60004,0.0
239,60005,0.0
239,60006,0.0
239,60007,0.0
239,60008,0.0
239,60009,0.0
239,60010,0.0
239,60011,0.0
239,60012,0.0
239,60013,0.0
239,60014,0.0
239,60015,0.0
239,60016,0.0
239,60017,0.0
239,60018,0.0
239,60019,0.0
239,60020,0.0
239,60021,0.0
239,60022,0.0
239,60023,0.0
239,60024,0.0
239,60025,0.0
239,60026,0.0
239,60027,0.0
239,60028,0.0
239,60029,0.0
239,60030,0.0
239,60031,0.0
239,60032,0.0
239,60033,0.0
239,60034,0.0
239,60035,0.0
239,60036,0.0
239,60037,0.0
239,60038,0.0
239,60039,0.0
239,60040,0.0
239,60041,0.0
239,60042,0.0
239,60043,0.0
239,60044,0.0
239,60045,0.0
239,60046,0.0
239,60047,0.0
239,60048,0.0
239,60101,0.0
239,60102,0.0
239,60103,0.0
239,60104,0.0
239,60105,0.0
239,60106,0.0
239,60107,0.0
239,60108,0.0
239,60109,0.0
239,60110,0.0
239,60111,0.0
239,60112,0.0
239,60113,0.0
239,60114,0.0
239,60115,0.0
239,60116,0.0
239,60117,0.0
239,60118,0.0
239,60119,0.0
239,60120,0.0
239,60121,0.0
239,60122,0.0
239,60123,0.0
239,60124,0.0
239,60125,0.0
239,60126,0.0
239,60127,0.0
239,60128,0.0
239,60129,0.0
239,60130,0.0
239,60131,0.0
239,60132,0.0
239,60133,0.0
239,60134,0.0
239,60135,0.0
239,60136,0.0
239,60137,0.0
239,60138,0.0
239,60139,0.0
239,60140,0.0
239,60141,0.0
239,60142,0.0
239,60143,0.0
239,60144,0.0
239,60145,0.01
239,60146,0.0
239,60147,0.0
239,60148,0.0
239,60201,0.0
239,60202,0.0
239,60203,0.0
239,60204,0.0
239,60205,0.0
239,60206,0.0
239,60207,0.0
239,60208,0.0
239,60209,0.0
239,60210,0.0
239,60211,0.0
239,60212,0.0
239,60213,0.0
239,60214,0.0
239,60215,0.0
239,60216,0.0
239,60217,0.0
239,60218,0.0
239,60219,0.0
239,60220,0.0
239,60221,0.0
239,60222,0.0
239,60223,0.0
239,60224,0.0
239,60225,0.0
239,60226,0.0
239,60227,0.0
239,60228,0.0
239,60229,0.0
239,60230,0.0
239,60231,0.0
239,60232,0.0
239,60233,0.0
239,60234,0.0
239,60235,0.0
239,60236,0.0
239,60237,0.0
239,60238,0.0
239,60239,0.0
239,60240,0.0
239,60241,0.0
239,60242,0.0
239,60243,0.0
239,60244,0.0
239,60245,0.0
239,60246,0.0
239,60247,0.0
239,60248,0.0
239,60301,0.0
239,60302,0.0
239,60303,0.0
239,60304,0.0
239,60305,0.0
239,60306,0.0
239,60307,0.0
239,60308,0.0
239,60309,0.0
239,60310,0.0
239,60311,0.0
239,60312,0.0
239,60313,0.0
239,60314,0.0
239,60315,0.0
239,60316,0.0
239,60317,0.0
239,60318,0.0
239,60319,0.0
239,60320,0.0
239,60321,0.0
239,60322,0.0
239,60323,0.0
239,60324,0.0
239,60325,0.0
239,60326,0.0
239,60327,0.0
239,60328,0.0
239,60329,0.0
239,60330,0.0
239,60331,0.0
239,60332,0.0
239,60333,0.0
239,60334,0.0
239,60335,0.0
239,60336,0.0
239,60337,0.0
239,60338,0.0
239,60339,0.01
239,60340,0.0
239,60341,0.0
239,60342,0.0
239,60343,0.0
239,60344,0.0
239,60345,0.0
239,60346,0.0
239,60347,0.0
239,60348,0.0
239,60401,0.0
239,60402,0.0
239,60403,0.0
239,60404,0.0
239,60405,0.0
239,60406,0.0
239,60407,0.0
239,60408,0.0
239,60409,0.0
239,60410,0.0
239,60411,0.0
239,60412,0.0
239,60413,0.0
239,60414,0.0
239,60415,0.0
239,60416,0.0
239,60417,0.0
239,60418,0.0
239,60419,0.0
239,60420,0.0
239,60421,0.0
239,60422,0.0
239,60423,0.0
239,60424,0.0
239,60425,0.0
239,60426,0.0
239,60427,0.0
239,60428,0.0
239,60429,0.0
239,60430,0.0
239,60431,0.0
239,60432,0.0
239,60433,0.0
239,60434,0.0
239,60435,0.0
239,60436,0.0
239,60437,0.0
239,60438,0.0
239,60439,0.0
239,60440,0.0
239,60441,0.0
239,60442,0.0
239,60443,0.0
239,60444,0.0
239,60445,0.0
239,60446,0.0
239,60447,0.0
239,60448,0.0
239,60501,0.0
239,60502,0.0
239,60503,0.0
239,60504,0.0
239,60505,0.0
239,60506,0.0
239,60507,0.0
239,60508,0.0
239,60509,0.0
239,60510,0.0
239,60511,0.0
239,60512,0.0
239,60513,0.0
239,60514,0.0
239,60515,0.0
239,60516,0.0
239,60517,0.0
239,60518,0.0
239,60519,0.0
239,60520,0.0
239,60521,0.0
239,60522,0.0
239,60523,0.0
239,60524,0.0
239,60525,0.0
239,60526,0.0
239,60527,0.0
239,60528,0.0
239,60529,0.01
239,60530,0.0
239,60531,0.0
239,60532,0.0
239,60533,0.0
239,60534,0.0
239,60535,0.0
239,60536,0.0
239,60537,0.0
239,60538,0.0
239,60539,0.0
239,60540,0.0
239,60541,0.0
239,60542,0.0
239,60543,0.0
239,60544,0.0
239,60545,0.0
239,60546,0.0
239,60547,0.0
239,60548,0.0
239,60601,0.0
239,60602,0.0
239,60603,0.0
239,60604,0.0
239,60605,0.0
239,60606,0.0
239,60607,0.0
239,60608,0.0
239,60609,0.0
239,60610,0.0
239,60611,0.0
239,60612,0.0
239,60613,0.0
239,60614,0.0
239,60615,0.0
239,60616,0.0
239,60617,0.0
239,60618,0.0
239,60619,0.0
239,60620,0.0
239,60621,0.0
239,60622,0.0
239,60623,0.0
239,60624,0.0
239,60625,0.0
239,60626,0.0
239,60627,0.0
239,60628,0.0
239,60629,0.0
239,60630,0.0
239,60631,0.0
239,60632,0.0
239,60633,0.0
239,60634,0.0
239,60635,0.0
239,60636,0.0
239,60637,0.0
239,60638,0.0
239,60639,0.0
239,60640,0.0
239,60641,0.0
239,60642,0.0
239,60643,0.0
239,60644,0.0
239,60645,0.0
239,60646,0.0
239,60647,0.0
239,60648,0.0
239,60701,0.0
239,60702,0.0
239,60703,0.0
239,60704,0.0
239,60705,0.0
239,60706,0.0
239,60707,0.0
239,60708,0.0
239,60709,0.0
239,60710,0.0
239,60711,0.0
239,60712,0.0
239,60713,0.0
239,60714,0.0
239,60715,0.0
239,60716,0.0
239,60717,0.0
239,60718,0.0
239,60719,0.0
239,60720,0.0
239,60721,0.0
239,60722,0.0
239,60723,0.0
239,60724,0.0
239,60725,0.0
239,60726,0.0
239,60727,0.0
239,60728,0.0
239,60729,0.0
239,60730,0.0
239,60731,0.0
239,60732,0.0
239,60733,0.0
239,60734,0.0
239,60735,0.0
239,60736,0.0
239,60737,0.0
239,60738,0.0
239,60739,0.0
239,60740,0.0
239,60741,0.0
239,60742,0.0
239,60743,0.0
239,60744,0.0
239,60745,0.0
239,60746,0.0
239,60747,0.0
239,60748,0.0
239,60801,0.0
239,60802,0.01
239,60803,0.0
239,60804,0.0
239,60805,0.0
239,60806,0.0
239,60807,0.0
239,60808,0.0
239,60809,0.0
239,60810,0.0
239,60811,0.0
239,60812,0.0
239,60813,0.0
239,60814,0.0
239,60815,0.0
239,60816,0.0
239,60817,0.0
239,60818,0.0
239,60819,0.0
239,60820,0.0
239,60821,0.0
239,60822,0.0
239,60823,0.0
239,60824,0.0
239,60825,0.0
239,60826,0.0
239,60827,0.0
239,60828,0.0
239,60829,0.0
239,60830,0.0
239,60831,0.0
239,60832,0.0
239,60833,0.0
239,60834,0.0
239,60835,0.0
239,60836,0.0
239,60837,0.0
239,60838,0.0
239,60839,0.0
239,60840,0.0
239,60841,0.0
239,60842,0.0
239,60843,0.0
239,60844,0.0
239,60845,0.0
239,60846,0.0
239,60847,0.0
239,60848,0.0
239,60901,0.0
239,60902,0.0
239,60903,0.0
239,60904,0.0
239,60905,0.0
239,60906,0.0
239,60907,0.0
239,60908,0.0
239,60909,0.0
239,60910,0.0
239,60911,0.0
239,60912,0.0
239,60913,0.0
239,60914,0.0
239,60915,0.0
239,60916,0.0
239,60917,0.0
239,60918,0.0
239,60919,0.0
239,60920,0.0
239,60921,0.0
239,60922,0.0
239,60923,0.0
239,60924,0.0
239,60925,0.0
239,60926,0.0
239,60927,0.0
239,60928,0.0
239,60929,0.0
239,60930,0.0
239,60931,0.0
239,60932,0.0
239,60933,0.0
239,60934,0.0
239,60935,0.0
239,60936,0.0
239,60937,0.0
239,60938,0.01
239,60939,0.0
239,60940,0.0
239,60941,0.0
239,60942,0.0
239,60943,0.0
239,60944,0.0
239,60945,0.0
239,60946,0.0
239,60947,0.0
239,60948,0.0
239,61001,0.0
239,61002,0.0
239,61003,0.0
239,61004,0.0
239,61005,0.0
239,61006,0.0
239,61007,0.0
239,61008,0.0
239,61009,0.0
239,61010,0.0
239,61011,0.0
239,61012,0.0
239,61013,0.0
239,61014,0.0
239,61015,0.0
239,61016,0.0
239,61017,0.0
239,61018,0.0
239,61019,0.0
239,61020,0.0
239,61021,0.0
239,61022,0.0
239,61023,0.0
239,61024,0.0
239,61025,0.0
239,61026,0.0
239,61027,0.0
239,61028,0.0
239,61029,0.0
239,61030,0.0
239,61031,0.0
239,61032,0.0
239,61033,0.0
239,61034,0.0
239,61035,0.0
239,61036,0.0
239,61037,0.0
239,61038,0.0
239,61039,0.0
239,61040,0.0
239,61041,0.0
239,61042,0.0
239,61043,0.0
239,61044,0.0
239,61045,0.0
239,61046,0.0
239,61047,0.0
239,61048,0.0
239,61101,0.0
239,61102,0.0
239,61103,0.0
239,61104,0.0
239,61105,0.0
239,61106,0.0
239,61107,0.0
239,61108,0.0
239,61109,0.0
239,61110,0.0
239,61111,0.0
239,61112,0.0
239,61113,0.0
239,61114,0.0
239,61115,0.0
239,61116,0.0
239,61117,0.0
239,61118,0.0
239,61119,0.0
239,61120,0.0
239,61121,0.0
239,61122,0.0
239,61123,0.0
239,61124,0.01
239,61125,0.0
239,61126,0.0
239,61127,0.0
239,61128,0.0
239,61129,0.0
239,61130,0.0
239,61131,0.0
239,61132,0.0
239,61133,0.0
239,61134,0.0
239,61135,0.0
239,61136,0.0
239,61137,0.0
239,61138,0.0
239,61139,0.0
239,61140,0.0
239,61141,0.0
239,61142,0.0
239,61143,0.0
239,61144,0.0
239,61145,0.0
239,61146,0.0
239,61147,0.0
239,61148,0.0
239,61201,0.0
239,61202,0.0
239,61203,0.0
239,61204,0.0
239,61205,0.0
239,61206,0.0
239,61207,0.0
239,61208,0.0
239,61209,0.0
239,61210,0.0
239,61211,0.0
239,61212,0.0
239,61213,0.0
239,61214,0.0
239,61215,0.0
239,61216,0.0
239,61217,0.0
239,61218,0.0
239,61219,0.0
239,61220,0.0
239,61221,0.0
239,61222,0.0
239,61223,0.0
239,61224,0.0
239,61225,0.0
239,61226,0.0
239,61227,0.0
239,61228,0.0
239,61229,0.0
239,61230,0.0
239,61231,0.0
239,61232,0.0
239,61233,0.0
239,61234,0.0
239,61235,0.0
239,61236,0.0
239,61237,0.0
239,61238,0.0
239,61239,0.0
239,61240,0.0
239,61241,0.0
239,61242,0.0
239,61243,0.0
239,61244,0.0
239,61245,0.0
239,61246,0.0
239,61247,0.0
239,61248,0.0
239,61301,0.0
239,61302,0.0
239,61303,0.0
239,61304,0.0
239,61305,0.0
239,61306,0.0
239,61307,0.0
239,61308,0.0
239,61309,0.0
239,61310,0.0
239,61311,0.0
239,61312,0.01
239,61313,0.0
239,61314,0.0
239,61315,0.0
239,61316,0.0
239,61317,0.0
239,61318,0.0
239,61319,0.0
239,61320,0.0
239,61321,0.0
239,61322,0.0
239,61323,0.0
239,61324,0.0
239,61325,0.0
239,61326,0.0
239,61327,0.0
239,61328,0.0
239,61329,0.0
239,61330,0.0
239,61331,0.0
239,61332,0.0
239,61333,0.0
239,61334,0.0
239,61335,0.0
239,61336,0.0
239,61337,0.0
239,61338,0.0
239,61339,0.0
239,61340,0.0
239,61341,0.0
239,61342,0.0
239,61343,0.0
239,61344,0.0
239,61345,0.0
239,61346,0.0
239,61347,0.0
239,61348,0.0
239,61401,0.0
239,61402,0.0
239,61403,0.0
239,61404,0.0
239,61405,0.0
239,61406,0.0
239,61407,0.0
239,61408,0.0
239,61409,0.0
239,61410,0.0
239,61411,0.0
239,61412,0.0
239,61413,0.0
239,61414,0.0
239,61415,0.0
239,61416,0.0
239,61417,0.0
239,61418,0.0
239,61419,0.0
239,61420,0.0
239,61421,0.0
239,61422,0.0
239,61423,0.0
239,61424,0.0
239,61425,0.0
239,61426,0.0
239,61427,0.0
239,61428,0.0
239,61429,0.0
239,61430,0.0
239,61431,0.0
239,61432,0.0
239,61433,0.0
239,61434,0.0
239,61435,0.0
239,61436,0.0
239,61437,0.0
239,61438,0.0
239,61439,0.0
239,61440,0.0
239,61441,0.0
239,61442,0.0
239,61443,0.0
239,61444,0.0
239,61445,0.0
239,61446,0.0
239,61447,0.0
239,61448,0.0
239,61501,0.0
239,61502,0.0
239,61503,0.0
239,61504,0.0
239,61505,0.0
239,61506,0.0
239,61507,0.0
239,61508,0.0
239,61509,0.0
239,61510,0.0
239,61511,0.0
239,61512,0.0
239,61513,0.0
239,61514,0.0
239,61515,0.0
239,61516,0.0
239,61517,0.0
239,61518,0.0
239,61519,0.0
239,61520,0.0
239,61521,0.0
239,61522,0.0
239,61523,0.01
239,61524,0.0
239,61525,0.0
239,61526,0.0
239,61527,0.0
239,61528,0.0
239,61529,0.0
239,61530,0.0
239,61531,0.0
239,61532,0.0
239,61533,0.0
239,61534,0.0
239,61535,0.0
239,61536,0.0
239,61537,0.0
239,61538,0.0
239,61539,0.0
239,61540,0.0
239,61541,0.0
239,61542,0.0
239,61543,0.0
239,61544,0.0
239,61545,0.0
239,61546,0.0
239,61547,0.0
239,61548,0.0
239,61601,0.0
239,61602,0.0
239,61603,0.0
239,61604,0.0
239,61605,0.0
239,61606,0.0
239,61607,0.0
239,61608,0.0
239,61609,0.0
239,61610,0.0
239,61611,0.0
239,61612,0.0
239,61613,0.0
239,61614,0.0
239,61615,0.0
239,61616,0.0
239,61617,0.0
239,61618,0.0
239,61619,0.0
239,61620,0.0
239,61621,0.0
239,61622,0.0
239,61623,0.0
239,61624,0.0
239,61625,0.0
239,61626,0.0
239,61627,0.0
239,61628,0.0
239,61629,0.0
239,61630,0.0
239,61631,0.0
239,61632,0.0
239,61633,0.0
239,61634,0.0
239,61635,0.0
239,61636,0.0
239,61637,0.0
239,61638,0.0
239,61639,0.0
239,61640,0.0
239,61641,0.0
239,61642,0.0
239,61643,0.0
239,61644,0.0
239,61645,0.0
239,61646,0.0
239,61647,0.0
239,61648,0.0
239,61701,0.0
239,61702,0.0
239,61703,0.0
239,61704,0.0
239,61705,0.0
239,61706,0.0
239,61707,0.0
239,61708,0.0
239,61709,0.0
239,61710,0.0
239,61711,0.0
239,61712,0.0
239,61713,0.0
239,61714,0.0
239,61715,0.0
239,61716,0.0
239,61717,0.0
239,61718,0.0
239,61719,0.0
239,61720,0.0
239,61721,0.0
239,61722,0.0
239,61723,0.0
239,61724,0.0
239,61725,0.0
239,61726,0.0
239,61727,0.01
239,61728,0.0
239,61729,0.0
239,61730,0.0
239,61731,0.0
239,61732,0.0
239,61733,0.0
239,61734,0.0
239,61735,0.0
239,61736,0.0
239,61737,0.0
239,61738,0.0
239,61739,0.0
239,61740,0.0
239,61741,0.0
239,61742,0.0
239,61743,0.0
239,61744,0.0
239,61745,0.0
239,61746,0.0
239,61747,0.0
239,61748,0.0
239,61801,0.0
239,61802,0.0
239,61803,0.0
239,61804,0.0
239,61805,0.0
239,61806,0.0
239,61807,0.0
239,61808,0.0
239,61809,0.0
239,61810,0.0
239,61811,0.0
239,61812,0.0
239,61813,0.0
239,61814,0.0
239,61815,0.0
239,61816,0.0
239,61817,0.0
239,61818,0.0
239,61819,0.0
239,61820,0.0
239,61821,0.0
239,61822,0.0
239,61823,0.0
239,61824,0.0
239,61825,0.0
239,61826,0.0
239,61827,0.0
239,61828,0.0
239,61829,0.0
239,61830,0.0
239,61831,0.0
239,61832,0.0
239,61833,0.0
239,61834,0.0
239,61835,0.0
239,61836,0.0
239,61837,0.0
239,61838,0.0
239,61839,0.0
239,61840,0.0
239,61841,0.0
239,61842,0.0
239,61843,0.0
239,61844,0.0
239,61845,0.0
239,61846,0.0
239,61847,0.0
239,61848,0.0
239,61901,0.0
239,61902,0.0
239,61903,0.0
239,61904,0.0
239,61905,0.0
239,61906,0.0
239,61907,0.0
239,61908,0.0
239,61909,0.0
239,61910,0.0
239,61911,0.0
239,61912,0.0
239,61913,0.0
239,61914,0.0
239,61915,0.0
239,61916,0.0
239,61917,0.0
239,61918,0.0
239,61919,0.0
239,61920,0.0
239,61921,0.0
239,61922,0.0
239,61923,0.0
239,61924,0.0
239,61925,0.01
239,61926,0.0
239,61927,0.0
239,61928,0.0
239,61929,0.0
239,61930,0.0
239,61931,0.0
239,61932,0.0
239,61933,0.0
239,61934,0.0
239,61935,0.0
239,61936,0.0
239,61937,0.0
239,61938,0.0
239,61939,0.0
239,61940,0.0
239,61941,0.0
239,61942,0.0
239,61943,0.0
239,61944,0.0
239,61945,0.0
239,61946,0.0
239,61947,0.0
239,61948,0.0
239,62001,0.0
239,62002,0.0
239,62003,0.0
239,62004,0.0
239,62005,0.0
239,62006,0.0
239,62007,0.0
239,62008,0.0
239,62009,0.0
239,62010,0.0
239,62011,0.0
239,62012,0.0
239,62013,0.0
239,62014,0.0
239,62015,0.0
239,62016,0.0
239,62017,0.0
239,62018,0.0
239,62019,0.0
239,62020,0.0
239,62021,0.0
239,62022,0.0
239,62023,0.0
239,62024,0.0
239,62025,0.0
239,62026,0.0
239,62027,0.0
239,62028,0.0
239,62029,0.0
239,62030,0.0
239,62031,0.0
239,62032,0.0
239,62033,0.0
239,62034,0.0
239,62035,0.0
239,62036,0.0
239,62037,0.0
239,62038,0.0
239,62039,0.0
239,62040,0.0
239,62041,0.0
239,62042,0.0
239,62043,0.0
239,62044,0.0
239,62045,0.0
239,62046,0.0
239,62047,0.0
239,62048,0.0
239,62101,0.0
239,62102,0.0
239,62103,0.0
239,62104,0.0
239,62105,0.0
239,62106,0.0
239,62107,0.0
239,62108,0.0
239,62109,0.0
239,62110,0.0
239,62111,0.0
239,62112,0.0
239,62113,0.0
239,62114,0.0
239,62115,0.0
239,62116,0.0
239,62117,0.0
239,62118,0.0
239,62119,0.0
239,62120,0.0
239,62121,0.0
239,62122,0.0
239,62123,0.0
239,62124,0.0
239,62125,0.0
239,62126,0.0
239,62127,0.0
239,62128,0.01
239,62129,0.0
239,62130,0.0
239,62131,0.0
239,62132,0.0
239,62133,0.0
239,62134,0.0
239,62135,0.0
239,62136,0.0
239,62137,0.0
239,62138,0.0
239,62139,0.0
239,62140,0.0
239,62141,0.0
239,62142,0.0
239,62143,0.0
239,62144,0.0
239,62145,0.0
239,62146,0.0
239,62147,0.0
239,62148,0.0
239,62201,0.0
239,62202,0.0
239,62203,0.0
239,62204,0.0
239,62205,0.0
239,62206,0.0
239,62207,0.0
239,62208,0.0
239,62209,0.0
239,62210,0.0
239,62211,0.0
239,62212,0.0
239,62213,0.0
239,62214,0.0
239,62215,0.0
239,62216,0.0
239,62217,0.0
239,62218,0.0
239,62219,0.0
239,62220,0.0
239,62221,0.0
239,62222,0.0
239,62223,0.0
239,62224,0.0
239,62225,0.0
239,62226,0.0
239,62227,0.0
239,62228,0.0
239,62229,0.0
239,62230,0.0
239,62231,0.0
239,62232,0.0
239,62233,0.0
239,62234,0.0
239,62235,0.0
239,62236,0.0
239,62237,0.0
239,62238,0.0
239,62239,0.0
239,62240,0.0
239,62241,0.0
239,62242,0.0
239,62243,0.0
239,62244,0.0
239,62245,0.0
239,62246,0.0
239,62247,0.0
239,62248,0.0
239,62301,0.0
239,62302,0.0
239,62303,0.0
239,62304,0.0
239,62305,0.0
239,62306,0.0
239,62307,0.0
239,62308,0.0
239,62309,0.0
239,62310,0.0
239,62311,0.0
239,62312,0.0
239,62313,0.0
239,62314,0.0
239,62315,0.0
239,62316,0.0
239,62317,0.0
239,62318,0.0
239,62319,0.0
239,62320,0.0
239,62321,0.0
239,62322,0.01
239,62323,0.0
239,62324,0.0
239,62325,0.0
239,62326,0.0
239,62327,0.0
239,62328,0.0
239,62329,0.0
239,62330,0.0
239,62331,0.0
239,62332,0.0
239,62333,0.0
239,62334,0.0
239,62335,0.0
239,62336,0.0
239,62337,0.0
239,62338,0.0
239,62339,0.0
239,62340,0.0
239,62341,0.0
239,62342,0.0
239,62343,0.0
239,62344,0.0
239,62345,0.0
239,62346,0.0
239,62347,0.0
239,62348,0.0
239,62401,0.0
239,62402,0.0
239,62403,0.0
239,62404,0.0
239,62405,0.0
239,62406,0.0
239,62407,0.0
239,62408,0.0
239,62409,0.0
239,62410,0.0
239,62411,0.0
239,62412,0.0
239,62413,0.0
239,62414,0.0
239,62415,0.0
239,62416,0.0
239,62417,0.0
239,62418,0.0
239,62419,0.0
239,62420,0.0
239,62421,0.0
239,62422,0.0
239,62423,0.0
239,62424,0.0
239,62425,0.0
239,62426,0.0
239,62427,0.0
239,62428,0.0
239,62429,0.0
239,62430,0.0
239,62431,0.0
239,62432,0.0
239,62433,0.0
239,62434,0.0
239,62435,0.0
239,62436,0.0
239,62437,0.0
239,62438,0.0
239,62439,0.0
239,62440,0.0
239,62441,0.0
239,62442,0.0
239,62443,0.0
239,62444,0.0
239,62445,0.0
239,62446,0.0
239,62447,0.0
239,62448,0.0
239,62501,0.0
239,62502,0.0
239,62503,0.0
239,62504,0.0
239,62505,0.0
239,62506,0.0
239,62507,0.0
239,62508,0.0
239,62509,0.0
239,62510,0.0
239,62511,0.0
239,62512,0.0
239,62513,0.0
239,62514,0.0
239,62515,0.0
239,62516,0.0
239,62517,0.0
239,62518,0.0
239,62519,0.0
239,62520,0.0
239,62521,0.0
239,62522,0.0
239,62523,0.0
239,62524,0.0
239,62525,0.0
239,62526,0.0
239,62527,0.0
239,62528,0.0
239,62529,0.0
239,62530,0.0
239,62531,0.0
239,62532,0.0
239,62533,0.0
239,62534,0.0
239,62535,0.0
239,62536,0.0
239,62537,0.0
239,62538,0.0
239,62539,0.0
239,62540,0.0
239,62541,0.0
239,62542,0.0
239,62543,0.0
239,62544,0.0
239,62545,0.0
239,62546,0.0
239,62547,0.0
239,62548,0.0
239,62601,0.0
239,62602,0.0
239,62603,0.0
239,62604,0.0
239,62605,0.0
239,62606,0.01
239,62607,0.0
239,62608,0.0
239,62609,0.0
239,62610,0.0
239,62611,0.0
239,62612,0.0
239,62613,0.0
239,62614,0.0
239,62615,0.0
239,62616,0.0
239,62617,0.0
239,62618,0.0
239,62619,0.0
239,62620,0.0
239,62621,0.0
239,62622,0.0
239,62623,0.0
239,62624,0.0
239,62625,0.0
239,62626,0.0
239,62627,0.0
239,62628,0.0
239,62629,0.0
239,62630,0.0
239,62631,0.0
239,62632,0.0
239,62633,0.0
239,62634,0.0
239,62635,0.0
239,62636,0.0
239,62637,0.0
239,62638,0.0
239,62639,0.0
239,62640,0.0
239,62641,0.0
239,62642,0.0
239,62643,0.0
239,62644,0.0
239,62645,0.0
239,62646,0.0
239,62647,0.0
239,62648,0.0
239,62701,0.0
239,62702,0.0
239,62703,0.0
239,62704,0.0
239,62705,0.0
239,62706,0.0
239,62707,0.0
239,62708,0.0
239,62709,0.0
239,62710,0.0
239,62711,0.0
239,62712,0.0
239,62713,0.0
239,62714,0.0
239,62715,0.0
239,62716,0.0
239,62717,0.0
239,62718,0.0
239,62719,0.0
239,62720,0.0
239,62721,0.0
239,62722,0.0
239,62723,0.0
239,62724,0.0
239,62725,0.0
239,62726,0.0
239,62727,0.0
239,62728,0.0
239,62729,0.0
239,62730,0.0
239,62731,0.0
239,62732,0.0
239,62733,0.0
239,62734,0.0
239,62735,0.0
239,62736,0.0
239,62737,0.0
239,62738,0.0
239,62739,0.0
239,62740,0.0
239,62741,0.0
239,62742,0.0
239,62743,0.0
239,62744,0.0
239,62745,0.0
239,62746,0.0
239,62747,0.0
239,62748,0.0
239,62801,0.0
239,62802,0.0
239,62803,0.0
239,62804,0.0
239,62805,0.0
239,62806,0.0
239,62807,0.0
239,62808,0.0
239,62809,0.0
239,62810,0.0
239,62811,0.0
239,62812,0.0
239,62813,0.0
239,62814,0.0
239,62815,0.0
239,62816,0.0
239,62817,0.0
239,62818,0.0
239,62819,0.0
239,62820,0.0
239,62821,0.0
239,62822,0.0
239,62823,0.0
239,62824,0.0
239,62825,0.0
239,62826,0.0
239,62827,0.0
239,62828,0.0
239,62829,0.0
239,62830,0.01
239,62831,0.0
239,62832,0.0
239,62833,0.0
239,62834,0.0
239,62835,0.0
239,62836,0.0
239,62837,0.0
239,62838,0.0
239,62839,0.0
239,62840,0.0
239,62841,0.0
239,62842,0.0
239,62843,0.0
239,62844,0.0
239,62845,0.0
239,62846,0.0
239,62847,0.0
239,62848,0.0
239,62901,0.0
239,62902,0.0
239,62903,0.0
239,62904,0.0
239,62905,0.0
239,62906,0.0
239,62907,0.0
239,62908,0.0
239,62909,0.0
239,62910,0.0
239,62911,0.0
239,62912,0.0
239,62913,0.0
239,62914,0.0
239,62915,0.0
239,62916,0.0
239,62917,0.0
239,62918,0.0
239,62919,0.0
239,62920,0.0
239,62921,0.0
239,62922,0.0
239,62923,0.0
239,62924,0.0
239,62925,0.0
239,62926,0.0
239,62927,0.0
239,62928,0.0
239,62929,0.0
239,62930,0.0
239,62931,0.0
239,62932,0.0
239,62933,0.0
239,62934,0.0
239,62935,0.0
239,62936,0.0
239,62937,0.0
239,62938,0.0
239,62939,0.0
239,62940,0.0
239,62941,0.0
239,62942,0.0
239,62943,0.0
239,62944,0.0
239,62945,0.0
239,62946,0.0
239,62947,0.0
239,62948,0.0
239,63001,0.0
239,63002,0.0
239,63003,0.0
239,63004,0.0
239,63005,0.0
239,63006,0.0
239,63007,0.0
239,63008,0.0
239,63009,0.0
239,63010,0.0
239,63011,0.0
239,63012,0.0
239,63013,0.0
239,63014,0.0
239,63015,0.0
239,63016,0.0
239,63017,0.0
239,63018,0.0
239,63019,0.0
239,63020,0.0
239,63021,0.0
239,63022,0.0
239,63023,0.0
239,63024,0.0
239,63025,0.0
239,63026,0.0
239,63027,0.0
239,63028,0.0
239,63029,0.0
239,63030,0.0
239,63031,0.0
239,63032,0.0
239,63033,0.0
239,63034,0.0
239,63035,0.0
239,63036,0.0
239,63037,0.0
239,63038,0.0
239,63039,0.0
239,63040,0.0
239,63041,0.0
239,63042,0.0
239,63043,0.0
239,63044,0.0
239,63045,0.0
239,63046,0.0
239,63047,0.0
239,63048,0.0
239,63101,0.0
239,63102,0.0
239,63103,0.0
239,63104,0.0
239,63105,0.0
239,63106,0.0
239,63107,0.0
239,63108,0.0
239,63109,0.0
239,63110,0.0
239,63111,0.0
239,63112,0.0
239,63113,0.0
239,63114,0.0
239,63115,0.0
239,63116,0.0
239,63117,0.0
239,63118,0.01
239,63119,0.0
239,63120,0.0
239,63121,0.0
239,63122,0.0
239,63123,0.0
239,63124,0.0
239,63125,0.0
239,63126,0.0
239,63127,0.0
239,63128,0.0
239,63129,0.0
239,63130,0.0
239,63131,0.0
239,63132,0.0
239,63133,0.0
239,63134,0.0
239,63135,0.0
239,63136,0.0
239,63137,0.0
239,63138,0.0
239,63139,0.0
239,63140,0.0
239,63141,0.0
239,63142,0.0
239,63143,0.0
239,63144,0.0
239,63145,0.0
239,63146,0.0
239,63147,0.0
239,63148,0.0
239,63201,0.0
239,63202,0.0
239,63203,0.0
239,63204,0.0
239,63205,0.0
239,63206,0.0
239,63207,0.0
239,63208,0.0
239,63209,0.0
239,63210,0.0
239,63211,0.0
239,63212,0.0
239,63213,0.0
239,63214,0.0
239,63215,0.0
239,63216,0.0
239,63217,0.0
239,63218,0.0
239,63219,0.0
239,63220,0.0
239,63221,0.0
239,63222,0.0
239,63223,0.0
239,63224,0.0
239,63225,0.0
239,63226,0.0
239,63227,0.0
239,63228,0.0
239,63229,0.0
239,63230,0.0
239,63231,0.0
239,63232,0.0
239,63233,0.0
239,63234,0.0
239,63235,0.0
239,63236,0.0
239,63237,0.0
239,63238,0.0
239,63239,0.0
239,63240,0.0
239,63241,0.0
239,63242,0.0
239,63243,0.0
239,63244,0.0
239,63245,0.0
239,63246,0.0
239,63247,0.0
239,63248,0.0
239,63301,0.0
239,63302,0.0
239,63303,0.0
239,63304,0.0
239,63305,0.0
239,63306,0.0
239,63307,0.0
239,63308,0.0
239,63309,0.0
239,63310,0.0
239,63311,0.0
239,63312,0.0
239,63313,0.0
239,63314,0.0
239,63315,0.0
239,63316,0.0
239,63317,0.0
239,63318,0.0
239,63319,0.0
239,63320,0.0
239,63321,0.0
239,63322,0.0
239,63323,0.0
239,63324,0.01
239,63325,0.0
239,63326,0.0
239,63327,0.0
239,63328,0.0
239,63329,0.0
239,63330,0.0
239,63331,0.0
239,63332,0.0
239,63333,0.0
239,63334,0.0
239,63335,0.0
239,63336,0.0
239,63337,0.0
239,63338,0.0
239,63339,0.0
239,63340,0.0
239,63341,0.0
239,63342,0.0
239,63343,0.0
239,63344,0.0
239,63345,0.0
239,63346,0.0
239,63347,0.0
239,63348,0.0
239,63401,0.0
239,63402,0.0
239,63403,0.0
239,63404,0.0
239,63405,0.0
239,63406,0.0
239,63407,0.0
239,63408,0.0
239,63409,0.0
239,63410,0.0
239,63411,0.0
239,63412,0.0
239,63413,0.0
239,63414,0.0
239,63415,0.0
239,63416,0.0
239,63417,0.0
239,63418,0.0
239,63419,0.0
239,63420,0.0
239,63421,0.0
239,63422,0.0
239,63423,0.0
239,63424,0.0
239,63425,0.0
239,63426,0.0
239,63427,0.0
239,63428,0.0
239,63429,0.0
239,63430,0.0
239,63431,0.0
239,63432,0.0
239,63433,0.0
239,63434,0.0
239,63435,0.0
239,63436,0.0
239,63437,0.0
239,63438,0.0
239,63439,0.0
239,63440,0.0
239,63441,0.0
239,63442,0.0
239,63443,0.0
239,63444,0.0
239,63445,0.0
239,63446,0.0
239,63447,0.0
239,63448,0.0
239,63501,0.0
239,63502,0.0
239,63503,0.0
239,63504,0.0
239,63505,0.0
239,63506,0.0
239,63507,0.0
239,63508,0.0
239,63509,0.0
239,63510,0.0
239,63511,0.0
239,63512,0.0
239,63513,0.0
239,63514,0.0
239,63515,0.0
239,63516,0.0
239,63517,0.0
239,63518,0.0
239,63519,0.0
239,63520,0.0
239,63521,0.0
239,63522,0.0
239,63523,0.0
239,63524,0.0
239,63525,0.0
239,63526,0.0
239,63527,0.0
239,63528,0.0
239,63529,0.0
239,63530,0.0
239,63531,0.0
239,63532,0.0
239,63533,0.0
239,63534,0.0
239,63535,0.0
239,63536,0.0
239,63537,0.0
239,63538,0.0
239,63539,0.0
239,63540,0.0
239,63541,0.0
239,63542,0.0
239,63543,0.0
239,63544,0.0
239,63545,0.0
239,63546,0.0
239,63547,0.0
239,63548,0.0
239,63601,0.0
239,63602,0.0
239,63603,0.0
239,63604,0.0
239,63605,0.0
239,63606,0.0
239,63607,0.0
239,63608,0.0
239,63609,0.0
239,63610,0.0
239,63611,0.0
239,63612,0.0
239,63613,0.0
239,63614,0.0
239,63615,0.0
239,63616,0.0
239,63617,0.0
239,63618,0.0
239,63619,0.0
239,63620,0.0
239,63621,0.0
239,63622,0.0
239,63623,0.0
239,63624,0.0
239,63625,0.0
239,63626,0.0
239,63627,0.0
239,63628,0.0
239,63629,0.0
239,63630,0.0
239,63631,0.0
239,63632,0.0
239,63633,0.0
239,63634,0.0
239,63635,0.0
239,63636,0.0
239,63637,0.0
239,63638,0.0
239,63639,0.0
239,63640,0.0
239,63641,0.0
239,63642,0.0
239,63643,0.0
239,63644,0.0
239,63645,0.0
239,63646,0.0
239,63647,0.0
239,63648,0.0
239,63701,0.0
239,63702,0.0
239,63703,0.0
239,63704,0.0
239,63705,0.0
239,63706,0.0
239,63707,0.0
239,63708,0.0
239,63709,0.01
239,63710,0.0
239,63711,0.0
239,63712,0.0
239,63713,0.0
239,63714,0.0
239,63715,0.0
239,63716,0.0
239,63717,0.0
239,63718,0.0
239,63719,0.0
239,63720,0.0
239,63721,0.0
239,63722,0.0
239,63723,0.0
239,63724,0.0
239,63725,0.0
239,63726,0.0
239,63727,0.0
239,63728,0.0
239,63729,0.0
239,63730,0.0
239,63731,0.0
239,63732,0.0
239,63733,0.0
239,63734,0.0
239,63735,0.0
239,63736,0.0
239,63737,0.0
239,63738,0.0
239,63739,0.0
239,63740,0.0
239,63741,0.0
239,63742,0.0
239,63743,0.0
239,63744,0.0
239,63745,0.0
239,63746,0.0
239,63747,0.0
239,63748,0.0
239,63801,0.0
239,63802,0.0
239,63803,0.0
239,63804,0.0
239,63805,0.0
239,63806,0.0
239,63807,0.0
239,63808,0.0
239,63809,0.0
239,63810,0.0
239,63811,0.0
239,63812,0.0
239,63813,0.0
239,63814,0.0
239,63815,0.0
239,63816,0.0
239,63817,0.0
239,63818,0.0
239,63819,0.0
239,63820,0.0
239,63821,0.0
239,63822,0.0
239,63823,0.0
239,63824,0.0
239,63825,0.0
239,63826,0.0
239,63827,0.0
239,63828,0.0
239,63829,0.0
239,63830,0.0
239,63831,0.0
239,63832,0.0
239,63833,0.0
239,63834,0.0
239,63835,0.0
239,63836,0.0
239,63837,0.0
239,63838,0.0
239,63839,0.0
239,63840,0.0
239,63841,0.0
239,63842,0.0
239,63843,0.0
239,63844,0.0
239,63845,0.0
239,63846,0.0
239,63847,0.0
239,63848,0.0
239,63901,0.0
239,63902,0.0
239,63903,0.0
239,63904,0.0
239,63905,0.0
239,63906,0.0
239,63907,0.0
239,63908,0.0
239,63909,0.0
239,63910,0.0
239,63911,0.0
239,63912,0.0
239,63913,0.0
239,63914,0.0
239,63915,0.0
239,63916,0.0
239,63917,0.0
239,63918,0.0
239,63919,0.0
239,63920,0.0
239,63921,0.0
239,63922,0.0
239,63923,0.0
239,63924,0.0
239,63925,0.0
239,63926,0.0
239,63927,0.0
239,63928,0.0
239,63929,0.0
239,63930,0.0
239,63931,0.0
239,63932,0.0
239,63933,0.01
239,63934,0.0
239,63935,0.0
239,63936,0.0
239,63937,0.0
239,63938,0.0
239,63939,0.0
239,63940,0.0
239,63941,0.0
239,63942,0.0
239,63943,0.0
239,63944,0.0
239,63945,0.0
239,63946,0.0
239,63947,0.0
239,63948,0.0
239,64001,0.0
239,64002,0.0
239,64003,0.0
239,64004,0.0
239,64005,0.0
239,64006,0.0
239,64007,0.0
239,64008,0.0
239,64009,0.0
239,64010,0.0
239,64011,0.0
239,64012,0.0
239,64013,0.0
239,64014,0.0
239,64015,0.0
239,64016,0.0
239,64017,0.0
239,64018,0.0
239,64019,0.0
239,64020,0.0
239,64021,0.0
239,64022,0.0
239,64023,0.0
239,64024,0.0
239,64025,0.0
239,64026,0.0
239,64027,0.0
239,64028,0.0
239,64029,0.0
239,64030,0.0
239,64031,0.0
239,64032,0.0
239,64033,0.0
239,64034,0.0
239,64035,0.0
239,64036,0.0
239,64037,0.0
239,64038,0.0
239,64039,0.0
239,64040,0.0
239,64041,0.0
239,64042,0.0
239,64043,0.0
239,64044,0.0
239,64045,0.0
239,64046,0.0
239,64047,0.0
239,64048,0.0
239,64101,0.0
239,64102,0.0
239,64103,0.0
239,64104,0.0
239,64105,0.0
239,64106,0.0
239,64107,0.0
239,64108,0.0
239,64109,0.0
239,64110,0.0
239,64111,0.0
239,64112,0.0
239,64113,0.0
239,64114,0.0
239,64115,0.0
239,64116,0.0
239,64117,0.0
239,64118,0.0
239,64119,0.0
239,64120,0.0
239,64121,0.0
239,64122,0.0
239,64123,0.0
239,64124,0.0
239,64125,0.0
239,64126,0.0
239,64127,0.0
239,64128,0.0
239,64129,0.0
239,64130,0.0
239,64131,0.0
239,64132,0.0
239,64133,0.0
239,64134,0.0
239,64135,0.0
239,64136,0.0
239,64137,0.0
239,64138,0.0
239,64139,0.0
239,64140,0.0
239,64141,0.0
239,64142,0.0
239,64143,0.0
239,64144,0.0
239,64145,0.0
239,64146,0.0
239,64147,0.0
239,64148,0.0
239,64201,0.0
239,64202,0.0
239,64203,0.0
239,64204,0.0
239,64205,0.01
239,64206,0.0
239,64207,0.0
239,64208,0.0
239,64209,0.0
239,64210,0.0
239,64211,0.0
239,64212,0.0
239,64213,0.0
239,64214,0.0
239,64215,0.0
239,64216,0.0
239,64217,0.0
239,64218,0.0
239,64219,0.0
239,64220,0.0
239,64221,0.0
239,64222,0.0
239,64223,0.0
239,64224,0.0
239,64225,0.0
239,64226,0.0
239,64227,0.0
239,64228,0.0
239,64229,0.0
239,64230,0.0
239,64231,0.0
239,64232,0.0
239,64233,0.0
239,64234,0.0
239,64235,0.0
239,64236,0.0
239,64237,0.0
239,64238,0.0
239,64239,0.0
239,64240,0.0
239,64241,0.0
239,64242,0.0
239,64243,0.0
239,64244,0.0
239,64245,0.0
239,64246,0.0
239,64247,0.0
239,64248,0.0
239,64301,0.0
239,64302,0.0
239,64303,0.0
239,64304,0.0
239,64305,0.0
239,64306,0.0
239,64307,0.0
239,64308,0.0
239,64309,0.0
239,64310,0.0
239,64311,0.0
239,64312,0.0
239,64313,0.0
239,64314,0.0
239,64315,0.0
239,64316,0.0
239,64317,0.0
239,64318,0.0
239,64319,0.0
239,64320,0.0
239,64321,0.0
239,64322,0.0
239,64323,0.0
239,64324,0.0
239,64325,0.0
239,64326,0.0
239,64327,0.0
239,64328,0.0
239,64329,0.0
239,64330,0.0
239,64331,0.0
239,64332,0.0
239,64333,0.0
239,64334,0.0
239,64335,0.0
239,64336,0.0
239,64337,0.0
239,64338,0.0
239,64339,0.0
239,64340,0.0
239,64341,0.0
239,64342,0.0
239,64343,0.0
239,64344,0.0
239,64345,0.0
239,64346,0.0
239,64347,0.0
239,64348,0.0
239,64401,0.0
239,64402,0.0
239,64403,0.0
239,64404,0.0
239,64405,0.0
239,64406,0.0
239,64407,0.0
239,64408,0.0
239,64409,0.0
239,64410,0.0
239,64411,0.0
239,64412,0.0
239,64413,0.0
239,64414,0.0
239,64415,0.0
239,64416,0.0
239,64417,0.0
239,64418,0.0
239,64419,0.0
239,64420,0.0
239,64421,0.0
239,64422,0.0
239,64423,0.0
239,64424,0.0
239,64425,0.0
239,64426,0.0
239,64427,0.0
239,64428,0.0
239,64429,0.0
239,64430,0.0
239,64431,0.0
239,64432,0.0
239,64433,0.0
239,64434,0.0
239,64435,0.0
239,64436,0.0
239,64437,0.0
239,64438,0.0
239,64439,0.0
239,64440,0.0
239,64441,0.0
239,64442,0.0
239,64443,0.01
239,64444,0.0
239,64445,0.0
239,64446,0.0
239,64447,0.0
239,64448,0.0
239,64501,0.0
239,64502,0.0
239,64503,0.0
239,64504,0.0
239,64505,0.0
239,64506,0.0
239,64507,0.0
239,64508,0.0
239,64509,0.0
239,64510,0.0
239,64511,0.0
239,64512,0.0
239,64513,0.0
239,64514,0.0
239,64515,0.0
239,64516,0.0
239,64517,0.0
239,64518,0.0
239,64519,0.0
239,64520,0.0
239,64521,0.0
239,64522,0.0
239,64523,0.0
239,64524,0.0
239,64525,0.0
239,64526,0.0
239,64527,0.0
239,64528,0.0
239,64529,0.0
239,64530,0.0
239,64531,0.0
239,64532,0.0
239,64533,0.0
239,64534,0.0
239,64535,0.0
239,64536,0.0
239,64537,0.0
239,64538,0.0
239,64539,0.0
239,64540,0.0
239,64541,0.0
239,64542,0.0
239,64543,0.0
239,64544,0.0
239,64545,0.0
239,64546,0.0
239,64547,0.0
239,64548,0.0
239,64601,0.0
239,64602,0.0
239,64603,0.0
239,64604,0.0
239,64605,0.0
239,64606,0.0
239,64607,0.0
239,64608,0.0
239,64609,0.0
239,64610,0.0
239,64611,0.0
239,64612,0.0
239,64613,0.0
239,64614,0.0
239,64615,0.0
239,64616,0.0
239,64617,0.0
239,64618,0.0
239,64619,0.0
239,64620,0.0
239,64621,0.0
239,64622,0.0
239,64623,0.0
239,64624,0.0
239,64625,0.0
239,64626,0.0
239,64627,0.0
239,64628,0.0
239,64629,0.0
239,64630,0.0
239,64631,0.0
239,64632,0.0
239,64633,0.0
239,64634,0.0
239,64635,0.0
239,64636,0.0
239,64637,0.0
239,64638,0.0
239,64639,0.0
239,64640,0.0
239,64641,0.0
239,64642,0.0
239,64643,0.0
239,64644,0.0
239,64645,0.0
239,64646,0.0
239,64647,0.0
239,64648,0.0
239,64701,0.0
239,64702,0.0
239,64703,0.0
239,64704,0.0
239,64705,0.0
239,64706,0.01
239,64707,0.0
239,64708,0.0
239,64709,0.0
239,64710,0.0
239,64711,0.0
239,64712,0.0
239,64713,0.0
239,64714,0.0
239,64715,0.0
239,64716,0.0
239,64717,0.0
239,64718,0.0
239,64719,0.0
239,64720,0.0
239,64721,0.0
239,64722,0.0
239,64723,0.0
239,64724,0.0
239,64725,0.0
239,64726,0.0
239,64727,0.0
239,64728,0.0
239,64729,0.0
239,64730,0.0
239,64731,0.0
239,64732,0.0
239,64733,0.0
239,64734,0.0
239,64735,0.0
239,64736,0.0
239,64737,0.0
239,64738,0.0
239,64739,0.0
239,64740,0.0
239,64741,0.0
239,64742,0.0
239,64743,0.0
239,64744,0.0
239,64745,0.0
239,64746,0.0
239,64747,0.0
239,64748,0.0
239,64801,0.0
239,64802,0.0
239,64803,0.0
239,64804,0.0
239,64805,0.0
239,64806,0.0
239,64807,0.0
239,64808,0.0
239,64809,0.0
239,64810,0.0
239,64811,0.0
239,64812,0.0
239,64813,0.0
239,64814,0.0
239,64815,0.0
239,64816,0.0
239,64817,0.0
239,64818,0.0
239,64819,0.0
239,64820,0.0
239,64821,0.0
239,64822,0.0
239,64823,0.0
239,64824,0.0
239,64825,0.0
239,64826,0.0
239,64827,0.0
239,64828,0.0
239,64829,0.0
239,64830,0.0
239,64831,0.0
239,64832,0.0
239,64833,0.0
239,64834,0.0
239,64835,0.0
239,64836,0.0
239,64837,0.0
239,64838,0.0
239,64839,0.0
239,64840,0.0
239,64841,0.0
239,64842,0.0
239,64843,0.0
239,64844,0.0
239,64845,0.0
239,64846,0.0
239,64847,0.0
239,64848,0.0
239,64901,0.0
239,64902,0.0
239,64903,0.0
239,64904,0.0
239,64905,0.0
239,64906,0.0
239,64907,0.0
239,64908,0.0
239,64909,0.0
239,64910,0.0
239,64911,0.0
239,64912,0.0
239,64913,0.0
239,64914,0.0
239,64915,0.0
239,64916,0.0
239,64917,0.0
239,64918,0.0
239,64919,0.0
239,64920,0.0
239,64921,0.0
239,64922,0.0
239,64923,0.0
239,64924,0.0
239,64925,0.0
239,64926,0.0
239,64927,0.0
239,64928,0.0
239,64929,0.0
239,64930,0.0
239,64931,0.0
239,64932,0.0
239,64933,0.0
239,64934,0.0
239,64935,0.0
239,64936,0.0
239,64937,0.0
239,64938,0.0
239,64939,0.0
239,64940,0.0
239,64941,0.0
239,64942,0.0
239,64943,0.0
239,64944,0.0
239,64945,0.0
239,64946,0.0
239,64947,0.0
239,64948,0.0
239,65001,0.0
239,65002,0.0
239,65003,0.0
239,65004,0.0
239,65005,0.0
239,65006,0.0
239,65007,0.0
239,65008,0.0
239,65009,0.0
239,65010,0.01
239,65011,0.0
239,65012,0.0
239,65013,0.0
239,65014,0.0
239,65015,0.0
239,65016,0.0
239,65017,0.0
239,65018,0.0
239,65019,0.0
239,65020,0.0
239,65021,0.0
239,65022,0.0
239,65023,0.0
239,65024,0.0
239,65025,0.0
239,65026,0.0
239,65027,0.0
239,65028,0.0
239,65029,0.0
239,65030,0.0
239,65031,0.0
239,65032,0.0
239,65033,0.0
239,65034,0.0
239,65035,0.0
239,65036,0.0
239,65037,0.0
239,65038,0.0
239,65039,0.0
239,65040,0.0
239,65041,0.0
239,65042,0.0
239,65043,0.0
239,65044,0.0
239,65045,0.0
239,65046,0.0
239,65047,0.0
239,65048,0.0
239,65101,0.0
239,65102,0.0
239,65103,0.0
239,65104,0.0
239,65105,0.0
239,65106,0.0
239,65107,0.0
239,65108,0.0
239,65109,0.0
239,65110,0.0
239,65111,0.0
239,65112,0.0
239,65113,0.0
239,65114,0.0
239,65115,0.0
239,65116,0.0
239,65117,0.0
239,65118,0.0
239,65119,0.0
239,65120,0.0
239,65121,0.0
239,65122,0.0
239,65123,0.0
239,65124,0.0
239,65125,0.0
239,65126,0.0
239,65127,0.0
239,65128,0.0
239,65129,0.0
239,65130,0.0
239,65131,0.0
239,65132,0.0
239,65133,0.0
239,65134,0.0
239,65135,0.0
239,65136,0.0
239,65137,0.0
239,65138,0.0
239,65139,0.0
239,65140,0.0
239,65141,0.0
239,65142,0.0
239,65143,0.0
239,65144,0.0
239,65145,0.0
239,65146,0.0
239,65147,0.0
239,65148,0.0
239,65201,0.0
239,65202,0.0
239,65203,0.0
239,65204,0.0
239,65205,0.0
239,65206,0.0
239,65207,0.0
239,65208,0.0
239,65209,0.0
239,65210,0.0
239,65211,0.0
239,65212,0.0
239,65213,0.0
239,65214,0.0
239,65215,0.0
239,65216,0.0
239,65217,0.0
239,65218,0.0
239,65219,0.0
239,65220,0.0
239,65221,0.0
239,65222,0.0
239,65223,0.0
239,65224,0.0
239,65225,0.0
239,65226,0.0
239,65227,0.0
239,65228,0.0
239,65229,0.01
239,65230,0.0
239,65231,0.0
239,65232,0.0
239,65233,0.0
239,65234,0.0
239,65235,0.0
239,65236,0.0
239,65237,0.0
239,65238,0.0
239,65239,0.0
239,65240,0.0
239,65241,0.0
239,65242,0.0
239,65243,0.0
239,65244,0.0
239,65245,0.0
239,65246,0.0
239,65247,0.0
239,65248,0.0
239,65301,0.0
239,65302,0.0
239,65303,0.0
239,65304,0.0
239,65305,0.0
239,65306,0.0
239,65307,0.0
239,65308,0.0
239,65309,0.0
239,65310,0.0
239,65311,0.0
239,65312,0.0
239,65313,0.0
239,65314,0.0
239,65315,0.0
239,65316,0.0
239,65317,0.0
239,65318,0.0
239,65319,0.0
239,65320,0.0
239,65321,0.0
239,65322,0.0
239,65323,0.0
239,65324,0.0
239,65325,0.0
239,65326,0.0
239,65327,0.0
239,65328,0.0
239,65329,0.0
239,65330,0.0
239,65331,0.0
239,65332,0.0
239,65333,0.0
239,65334,0.0
239,65335,0.0
239,65336,0.0
239,65337,0.0
239,65338,0.0
239,65339,0.0
239,65340,0.0
239,65341,0.0
239,65342,0.0
239,65343,0.0
239,65344,0.0
239,65345,0.0
239,65346,0.0
239,65347,0.0
239,65348,0.0
239,65401,0.0
239,65402,0.0
239,65403,0.0
239,65404,0.0
239,65405,0.0
239,65406,0.0
239,65407,0.0
239,65408,0.0
239,65409,0.0
239,65410,0.0
239,65411,0.0
239,65412,0.0
239,65413,0.0
239,65414,0.0
239,65415,0.0
239,65416,0.0
239,65417,0.0
239,65418,0.0
239,65419,0.0
239,65420,0.0
239,65421,0.0
239,65422,0.0
239,65423,0.0
239,65424,0.0
239,65425,0.0
239,65426,0.0
239,65427,0.0
239,65428,0.0
239,65429,0.0
239,65430,0.0
239,65431,0.0
239,65432,0.0
239,65433,0.0
239,65434,0.0
239,65435,0.0
239,65436,0.0
239,65437,0.0
239,65438,0.0
239,65439,0.0
239,65440,0.0
239,65441,0.0
239,65442,0.0
239,65443,0.0
239,65444,0.0
239,65445,0.0
239,65446,0.0
239,65447,0.0
239,65448,0.0
239,65501,0.0
239,65502,0.0
239,65503,0.0
239,65504,0.0
239,65505,0.0
239,65506,0.0
239,65507,0.0
239,65508,0.0
239,65509,0.0
239,65510,0.0
239,65511,0.0
239,65512,0.0
239,65513,0.0
239,65514,0.0
239,65515,0.0
239,65516,0.0
239,65517,0.0
239,65518,0.0
239,65519,0.0
239,65520,0.0
239,65521,0.0
239,65522,0.0
239,65523,0.0
239,65524,0.0
239,65525,0.0
239,65526,0.0
239,65527,0.0
239,65528,0.0
239,65529,0.0
239,65530,0.0
239,65531,0.0
239,65532,0.0
239,65533,0.0
239,65534,0.0
239,65535,0.0
239,65536,0.0
239,65537,0.0
239,65538,0.0
239,65539,0.0
239,65540,0.0
239,65541,0.0
239,65542,0.0
239,65543,0.0
239,65544,0.0
239,65545,0.0
239,65546,0.0
239,65547,0.0
239,65548,0.0
239,65601,0.0
239,65602,0.0
239,65603,0.0
239,65604,0.0
239,65605,0.0
239,65606,0.0
239,65607,0.01
239,65608,0.0
239,65609,0.0
239,65610,0.0
239,65611,0.0
239,65612,0.0
239,65613,0.0
239,65614,0.0
239,65615,0.0
239,65616,0.0
239,65617,0.0
239,65618,0.0
239,65619,0.0
239,65620,0.0
239,65621,0.0
239,65622,0.0
239,65623,0.0
239,65624,0.0
239,65625,0.0
239,65626,0.0
239,65627,0.0
239,65628,0.0
239,65629,0.0
239,65630,0.0
239,65631,0.0
239,65632,0.0
239,65633,0.0
239,65634,0.0
239,65635,0.0
239,65636,0.0
239,65637,0.0
239,65638,0.0
239,65639,0.0
239,65640,0.0
239,65641,0.0
239,65642,0.0
239,65643,0.0
239,65644,0.0
239,65645,0.0
239,65646,0.0
239,65647,0.0
239,65648,0.0
239,65701,0.0
239,65702,0.0
239,65703,0.0
239,65704,0.0
239,65705,0.0
239,65706,0.0
239,65707,0.0
239,65708,0.0
239,65709,0.0
239,65710,0.0
239,65711,0.0
239,65712,0.0
239,65713,0.0
239,65714,0.0
239,65715,0.0
239,65716,0.0
239,65717,0.0
239,65718,0.0
239,65719,0.0
239,65720,0.0
239,65721,0.0
239,65722,0.0
239,65723,0.0
239,65724,0.0
239,65725,0.0
239,65726,0.0
239,65727,0.0
239,65728,0.0
239,65729,0.0
239,65730,0.0
239,65731,0.0
239,65732,0.0
239,65733,0.0
239,65734,0.0
239,65735,0.0
239,65736,0.0
239,65737,0.0
239,65738,0.0
239,65739,0.0
239,65740,0.0
239,65741,0.0
239,65742,0.0
239,65743,0.0
239,65744,0.0
239,65745,0.0
239,65746,0.0
239,65747,0.0
239,65748,0.0
239,65801,0.0
239,65802,0.0
239,65803,0.0
239,65804,0.0
239,65805,0.0
239,65806,0.0
239,65807,0.0
239,65808,0.0
239,65809,0.0
239,65810,0.0
239,65811,0.0
239,65812,0.0
239,65813,0.0
239,65814,0.0
239,65815,0.0
239,65816,0.0
239,65817,0.0
239,65818,0.0
239,65819,0.0
239,65820,0.0
239,65821,0.0
239,65822,0.0
239,65823,0.0
239,65824,0.0
239,65825,0.0
239,65826,0.0
239,65827,0.0
239,65828,0.0
239,65829,0.0
239,65830,0.0
239,65831,0.0
239,65832,0.0
239,65833,0.0
239,65834,0.0
239,65835,0.0
239,65836,0.0
239,65837,0.0
239,65838,0.0
239,65839,0.0
239,65840,0.0
239,65841,0.0
239,65842,0.0
239,65843,0.0
239,65844,0.0
239,65845,0.0
239,65846,0.01
239,65847,0.0
239,65848,0.0
239,65901,0.0
239,65902,0.0
239,65903,0.0
239,65904,0.0
239,65905,0.0
239,65906,0.0
239,65907,0.0
239,65908,0.0
239,65909,0.0
239,65910,0.0
239,65911,0.0
239,65912,0.0
239,65913,0.0
239,65914,0.0
239,65915,0.0
239,65916,0.0
239,65917,0.0
239,65918,0.0
239,65919,0.0
239,65920,0.0
239,65921,0.0
239,65922,0.0
239,65923,0.0
239,65924,0.0
239,65925,0.0
239,65926,0.0
239,65927,0.0
239,65928,0.0
239,65929,0.0
239,65930,0.0
239,65931,0.0
239,65932,0.0
239,65933,0.0
239,65934,0.0
239,65935,0.0
239,65936,0.0
239,65937,0.0
239,65938,0.0
239,65939,0.0
239,65940,0.0
239,65941,0.0
239,65942,0.0
239,65943,0.0
239,65944,0.0
239,65945,0.0
239,65946,0.0
239,65947,0.0
239,65948,0.0
239,66001,0.0
239,66002,0.0
239,66003,0.0
239,66004,0.0
239,66005,0.0
239,66006,0.0
239,66007,0.0
239,66008,0.0
239,66009,0.0
239,66010,0.0
239,66011,0.0
239,66012,0.0
239,66013,0.0
239,66014,0.0
239,66015,0.0
239,66016,0.0
239,66017,0.0
239,66018,0.0
239,66019,0.0
239,66020,0.0
239,66021,0.0
239,66022,0.0
239,66023,0.0
239,66024,0.0
239,66025,0.0
239,66026,0.0
239,66027,0.0
239,66028,0.0
239,66029,0.0
239,66030,0.0
239,66031,0.0
239,66032,0.0
239,66033,0.0
239,66034,0.0
239,66035,0.0
239,66036,0.0
239,66037,0.0
239,66038,0.0
239,66039,0.0
239,66040,0.0
239,66041,0.0
239,66042,0.0
239,66043,0.0
239,66044,0.0
239,66045,0.0
239,66046,0.0
239,66047,0.0
239,66048,0.0
239,66101,0.0
239,66102,0.0
239,66103,0.0
239,66104,0.0
239,66105,0.0
239,66106,0.0
239,66107,0.0
239,66108,0.0
239,66109,0.0
239,66110,0.0
239,66111,0.0
239,66112,0.0
239,66113,0.0
239,66114,0.0
239,66115,0.0
239,66116,0.01
239,66117,0.0
239,66118,0.0
239,66119,0.0
239,66120,0.0
239,66121,0.0
239,66122,0.0
239,66123,0.0
239,66124,0.0
239,66125,0.0
239,66126,0.0
239,66127,0.0
239,66128,0.0
239,66129,0.0
239,66130,0.0
239,66131,0.0
239,66132,0.0
239,66133,0.0
239,66134,0.0
239,66135,0.0
239,66136,0.0
239,66137,0.0
239,66138,0.0
239,66139,0.0
239,66140,0.0
239,66141,0.0
239,66142,0.0
239,66143,0.0
239,66144,0.0
239,66145,0.0
239,66146,0.0
239,66147,0.0
239,66148,0.0
239,66201,0.0
239,66202,0.0
239,66203,0.0
239,66204,0.0
239,66205,0.0
239,66206,0.0
239,66207,0.0
239,66208,0.0
239,66209,0.0
239,66210,0.0
239,66211,0.0
239,66212,0.0
239,66213,0.0
239,66214,0.0
239,66215,0.0
239,66216,0.0
239,66217,0.0
239,66218,0.0
239,66219,0.0
239,66220,0.0
239,66221,0.0
239,66222,0.0
239,66223,0.0
239,66224,0.0
239,66225,0.0
239,66226,0.0
239,66227,0.0
239,66228,0.0
239,66229,0.0
239,66230,0.0
239,66231,0.0
239,66232,0.0
239,66233,0.0
239,66234,0.0
239,66235,0.0
239,66236,0.0
239,66237,0.0
239,66238,0.0
239,66239,0.0
239,66240,0.0
239,66241,0.0
239,66242,0.0
239,66243,0.0
239,66244,0.0
239,66245,0.0
239,66246,0.0
239,66247,0.0
239,66248,0.0
239,66301,0.0
239,66302,0.0
239,66303,0.0
239,66304,0.0
239,66305,0.0
239,66306,0.0
239,66307,0.0
239,66308,0.0
239,66309,0.0
239,66310,0.0
239,66311,0.0
239,66312,0.0
239,66313,0.0
239,66314,0.0
239,66315,0.0
239,66316,0.0
239,66317,0.0
239,66318,0.0
239,66319,0.0
239,66320,0.0
239,66321,0.0
239,66322,0.0
239,66323,0.0
239,66324,0.0
239,66325,0.0
239,66326,0.0
239,66327,0.0
239,66328,0.0
239,66329,0.0
239,66330,0.0
239,66331,0.0
239,66332,0.0
239,66333,0.0
239,66334,0.0
239,66335,0.0
239,66336,0.0
239,66337,0.0
239,66338,0.0
239,66339,0.0
239,66340,0.0
239,66341,0.0
239,66342,0.0
239,66343,0.0
239,66344,0.0
239,66345,0.0
239,66346,0.0
239,66347,0.01
239,66348,0.0
239,66401,0.0
239,66402,0.0
239,66403,0.0
239,66404,0.0
239,66405,0.0
239,66406,0.0
239,66407,0.0
239,66408,0.0
239,66409,0.0
239,66410,0.0
239,66411,0.0
239,66412,0.0
239,66413,0.0
239,66414,0.0
239,66415,0.0
239,66416,0.0
239,66417,0.0
239,66418,0.0
239,66419,0.0
239,66420,0.0
239,66421,0.0
239,66422,0.0
239,66423,0.0
239,66424,0.0
239,66425,0.0
239,66426,0.0
239,66427,0.0
239,66428,0.0
239,66429,0.0
239,66430,0.0
239,66431,0.0
239,66432,0.0
239,66433,0.0
239,66434,0.0
239,66435,0.0
239,66436,0.0
239,66437,0.0
239,66438,0.0
239,66439,0.0
239,66440,0.0
239,66441,0.0
239,66442,0.0
239,66443,0.0
239,66444,0.0
239,66445,0.0
239,66446,0.0
239,66447,0.0
239,66448,0.0
239,66501,0.0
239,66502,0.0
239,66503,0.0
239,66504,0.0
239,66505,0.0
239,66506,0.0
239,66507,0.0
239,66508,0.0
239,66509,0.0
239,66510,0.0
239,66511,0.0
239,66512,0.0
239,66513,0.0
239,66514,0.0
239,66515,0.0
239,66516,0.0
239,66517,0.0
239,66518,0.0
239,66519,0.0
239,66520,0.0
239,66521,0.0
239,66522,0.0
239,66523,0.0
239,66524,0.0
239,66525,0.0
239,66526,0.0
239,66527,0.0
239,66528,0.0
239,66529,0.0
239,66530,0.0
239,66531,0.0
239,66532,0.0
239,66533,0.0
239,66534,0.0
239,66535,0.0
239,66536,0.0
239,66537,0.0
239,66538,0.0
239,66539,0.0
239,66540,0.0
239,66541,0.0
239,66542,0.0
239,66543,0.0
239,66544,0.0
239,66545,0.0
239,66546,0.0
239,66547,0.0
239,66548,0.0
239,66601,0.0
239,66602,0.0
239,66603,0.0
239,66604,0.0
239,66605,0.0
239,66606,0.0
239,66607,0.0
239,66608,0.0
239,66609,0.0
239,66610,0.0
239,66611,0.0
239,66612,0.0
239,66613,0.0
239,66614,0.0
239,66615,0.0
239,66616,0.0
239,66617,0.0
239,66618,0.0
239,66619,0.0
239,66620,0.0
239,66621,0.01
239,66622,0.0
239,66623,0.0
239,66624,0.0
239,66625,0.0
239,66626,0.0
239,66627,0.0
239,66628,0.0
239,66629,0.0
239,66630,0.0
239,66631,0.0
239,66632,0.0
239,66633,0.0
239,66634,0.0
239,66635,0.0
239,66636,0.0
239,66637,0.0
239,66638,0.0
239,66639,0.0
239,66640,0.0
239,66641,0.0
239,66642,0.0
239,66643,0.0
239,66644,0.0
239,66645,0.0
239,66646,0.0
239,66647,0.0
239,66648,0.0
239,66701,0.0
239,66702,0.0
239,66703,0.0
239,66704,0.0
239,66705,0.0
239,66706,0.0
239,66707,0.0
239,66708,0.0
239,66709,0.0
239,66710,0.0
239,66711,0.0
239,66712,0.0
239,66713,0.0
239,66714,0.0
239,66715,0.0
239,66716,0.0
239,66717,0.0
239,66718,0.0
239,66719,0.0
239,66720,0.0
239,66721,0.0
239,66722,0.0
239,66723,0.0
239,66724,0.0
239,66725,0.0
239,66726,0.0
239,66727,0.0
239,66728,0.0
239,66729,0.0
239,66730,0.0
239,66731,0.0
239,66732,0.0
239,66733,0.0
239,66734,0.0
239,66735,0.0
239,66736,0.0
239,66737,0.0
239,66738,0.0
239,66739,0.0
239,66740,0.0
239,66741,0.0
239,66742,0.0
239,66743,0.0
239,66744,0.0
239,66745,0.0
239,66746,0.0
239,66747,0.0
239,66748,0.0
239,66801,0.0
239,66802,0.0
239,66803,0.0
239,66804,0.0
239,66805,0.0
239,66806,0.0
239,66807,0.0
239,66808,0.0
239,66809,0.0
239,66810,0.0
239,66811,0.0
239,66812,0.0
239,66813,0.0
239,66814,0.0
239,66815,0.0
239,66816,0.0
239,66817,0.0
239,66818,0.0
239,66819,0.0
239,66820,0.0
239,66821,0.0
239,66822,0.0
239,66823,0.0
239,66824,0.0
239,66825,0.0
239,66826,0.0
239,66827,0.0
239,66828,0.0
239,66829,0.0
239,66830,0.0
239,66831,0.0
239,66832,0.0
239,66833,0.0
239,66834,0.0
239,66835,0.0
239,66836,0.0
239,66837,0.0
239,66838,0.0
239,66839,0.0
239,66840,0.0
239,66841,0.0
239,66842,0.0
239,66843,0.0
239,66844,0.0
239,66845,0.0
239,66846,0.0
239,66847,0.0
239,66848,0.0
239,66901,0.0
239,66902,0.0
239,66903,0.0
239,66904,0.0
239,66905,0.0
239,66906,0.0
239,66907,0.0
239,66908,0.0
239,66909,0.0
239,66910,0.0
239,66911,0.0
239,66912,0.0
239,66913,0.0
239,66914,0.0
239,66915,0.0
239,66916,0.0
239,66917,0.0
239,66918,0.0
239,66919,0.0
239,66920,0.0
239,66921,0.0
239,66922,0.0
239,66923,0.0
239,66924,0.0
239,66925,0.0
239,66926,0.0
239,66927,0.0
239,66928,0.0
239,66929,0.0
239,66930,0.0
239,66931,0.0
239,66932,0.0
239,66933,0.0
239,66934,0.0
239,66935,0.0
239,66936,0.0
239,66937,0.0
239,66938,0.0
239,66939,0.0
239,66940,0.0
239,66941,0.0
239,66942,0.0
239,66943,0.0
239,66944,0.0
239,66945,0.0
239,66946,0.0
239,66947,0.01
239,66948,0.0
239,67001,0.0
239,67002,0.0
239,67003,0.0
239,67004,0.0
239,67005,0.0
239,67006,0.0
239,67007,0.0
239,67008,0.0
239,67009,0.0
239,67010,0.0
239,67011,0.0
239,67012,0.0
239,67013,0.0
239,67014,0.0
239,67015,0.0
239,67016,0.0
239,67017,0.0
239,67018,0.0
239,67019,0.0
239,67020,0.0
239,67021,0.0
239,67022,0.0
239,67023,0.0
239,67024,0.0
239,67025,0.0
239,67026,0.0
239,67027,0.0
239,67028,0.0
239,67029,0.0
239,67030,0.0
239,67031,0.0
239,67032,0.0
239,67033,0.0
239,67034,0.0
239,67035,0.0
239,67036,0.0
239,67037,0.0
239,67038,0.0
239,67039,0.0
239,67040,0.0
239,67041,0.0
239,67042,0.0
239,67043,0.0
239,67044,0.0
239,67045,0.0
239,67046,0.0
239,67047,0.0
239,67048,0.0
239,67101,0.0
239,67102,0.0
239,67103,0.0
239,67104,0.0
239,67105,0.0
239,67106,0.0
239,67107,0.0
239,67108,0.0
239,67109,0.0
239,67110,0.0
239,67111,0.0
239,67112,0.0
239,67113,0.0
239,67114,0.0
239,67115,0.0
239,67116,0.0
239,67117,0.0
239,67118,0.0
239,67119,0.0
239,67120,0.0
239,67121,0.0
239,67122,0.0
239,67123,0.0
239,67124,0.0
239,67125,0.0
239,67126,0.0
239,67127,0.0
239,67128,0.0
239,67129,0.0
239,67130,0.0
239,67131,0.0
239,67132,0.0
239,67133,0.0
239,67134,0.0
239,67135,0.0
239,67136,0.0
239,67137,0.0
239,67138,0.0
239,67139,0.0
239,67140,0.0
239,67141,0.0
239,67142,0.0
239,67143,0.0
239,67144,0.0
239,67145,0.0
239,67146,0.0
239,67147,0.0
239,67148,0.0
239,67201,0.0
239,67202,0.0
239,67203,0.0
239,67204,0.0
239,67205,0.0
239,67206,0.0
239,67207,0.0
239,67208,0.0
239,67209,0.0
239,67210,0.0
239,67211,0.0
239,67212,0.0
239,67213,0.01
239,67214,0.0
239,67215,0.0
239,67216,0.0
239,67217,0.0
239,67218,0.0
239,67219,0.0
239,67220,0.0
239,67221,0.0
239,67222,0.0
239,67223,0.0
239,67224,0.0
239,67225,0.0
239,67226,0.0
239,67227,0.0
239,67228,0.0
239,67229,0.0
239,67230,0.0
239,67231,0.0
239,67232,0.0
239,67233,0.0
239,67234,0.0
239,67235,0.0
239,67236,0.0
239,67237,0.0
239,67238,0.0
239,67239,0.0
239,67240,0.0
239,67241,0.0
239,67242,0.0
239,67243,0.0
239,67244,0.0
239,67245,0.0
239,67246,0.0
239,67247,0.0
239,67248,0.0
239,67301,0.0
239,67302,0.0
239,67303,0.0
239,67304,0.0
239,67305,0.0
239,67306,0.0
239,67307,0.0
239,67308,0.0
239,67309,0.0
239,67310,0.0
239,67311,0.0
239,67312,0.0
239,67313,0.0
239,67314,0.0
239,67315,0.0
239,67316,0.0
239,67317,0.0
239,67318,0.0
239,67319,0.0
239,67320,0.0
239,67321,0.0
239,67322,0.0
239,67323,0.0
239,67324,0.0
239,67325,0.0
239,67326,0.0
239,67327,0.0
239,67328,0.0
239,67329,0.0
239,67330,0.0
239,67331,0.0
239,67332,0.0
239,67333,0.0
239,67334,0.0
239,67335,0.0
239,67336,0.0
239,67337,0.0
239,67338,0.0
239,67339,0.0
239,67340,0.0
239,67341,0.0
239,67342,0.0
239,67343,0.0
239,67344,0.0
239,67345,0.0
239,67346,0.0
239,67347,0.0
239,67348,0.0
239,67401,0.0
239,67402,0.0
239,67403,0.0
239,67404,0.0
239,67405,0.0
239,67406,0.0
239,67407,0.0
239,67408,0.0
239,67409,0.0
239,67410,0.0
239,67411,0.0
239,67412,0.0
239,67413,0.0
239,67414,0.0
239,67415,0.0
239,67416,0.0
239,67417,0.0
239,67418,0.0
239,67419,0.0
239,67420,0.0
239,67421,0.0
239,67422,0.0
239,67423,0.0
239,67424,0.0
239,67425,0.0
239,67426,0.0
239,67427,0.0
239,67428,0.0
239,67429,0.0
239,67430,0.0
239,67431,0.0
239,67432,0.0
239,67433,0.0
239,67434,0.0
239,67435,0.0
239,67436,0.0
239,67437,0.01
239,67438,0.0
239,67439,0.0
239,67440,0.0
239,67441,0.0
239,67442,0.0
239,67443,0.0
239,67444,0.0
239,67445,0.0
239,67446,0.0
239,67447,0.0
239,67448,0.0
239,67501,0.0
239,67502,0.0
239,67503,0.0
239,67504,0.0
239,67505,0.0
239,67506,0.0
239,67507,0.0
239,67508,0.0
239,67509,0.0
239,67510,0.0
239,67511,0.0
239,67512,0.0
239,67513,0.0
239,67514,0.0
239,67515,0.0
239,67516,0.0
239,67517,0.0
239,67518,0.0
239,67519,0.0
239,67520,0.0
239,67521,0.0
239,67522,0.0
239,67523,0.0
239,67524,0.0
239,67525,0.0
239,67526,0.0
239,67527,0.0
239,67528,0.0
239,67529,0.0
239,67530,0.0
239,67531,0.0
239,67532,0.0
239,67533,0.0
239,67534,0.0
239,67535,0.0
239,67536,0.0
239,67537,0.0
239,67538,0.0
239,67539,0.0
239,67540,0.0
239,67541,0.0
239,67542,0.0
239,67543,0.0
239,67544,0.0
239,67545,0.0
239,67546,0.0
239,67547,0.0
239,67548,0.0
239,67601,0.0
239,67602,0.0
239,67603,0.0
239,67604,0.0
239,67605,0.0
239,67606,0.0
239,67607,0.0
239,67608,0.0
239,67609,0.0
239,67610,0.0
239,67611,0.0
239,67612,0.0
239,67613,0.0
239,67614,0.0
239,67615,0.0
239,67616,0.0
239,67617,0.0
239,67618,0.0
239,67619,0.0
239,67620,0.0
239,67621,0.0
239,67622,0.0
239,67623,0.0
239,67624,0.0
239,67625,0.0
239,67626,0.0
239,67627,0.0
239,67628,0.0
239,67629,0.0
239,67630,0.0
239,67631,0.0
239,67632,0.0
239,67633,0.0
239,67634,0.0
239,67635,0.0
239,67636,0.0
239,67637,0.0
239,67638,0.0
239,67639,0.0
239,67640,0.0
239,67641,0.0
239,67642,0.0
239,67643,0.0
239,67644,0.0
239,67645,0.0
239,67646,0.0
239,67647,0.0
239,67648,0.0
239,67701,0.0
239,67702,0.0
239,67703,0.0
239,67704,0.0
239,67705,0.0
239,67706,0.0
239,67707,0.0
239,67708,0.0
239,67709,0.0
239,67710,0.0
239,67711,0.0
239,67712,0.0
239,67713,0.0
239,67714,0.0
239,67715,0.0
239,67716,0.0
239,67717,0.0
239,67718,0.0
239,67719,0.0
239,67720,0.0
239,67721,0.0
239,67722,0.0
239,67723,0.0
239,67724,0.0
239,67725,0.0
239,67726,0.0
239,67727,0.0
239,67728,0.0
239,67729,0.0
239,67730,0.0
239,67731,0.0
239,67732,0.0
239,67733,0.0
239,67734,0.0
239,67735,0.0
239,67736,0.0
239,67737,0.0
239,67738,0.0
239,67739,0.0
239,67740,0.0
239,67741,0.0
239,67742,0.0
239,67743,0.0
239,67744,0.0
239,67745,0.0
239,67746,0.01
239,67747,0.0
239,67748,0.0
239,67801,0.0
239,67802,0.0
239,67803,0.0
239,67804,0.0
239,67805,0.0
239,67806,0.0
239,67807,0.0
239,67808,0.0
239,67809,0.0
239,67810,0.0
239,67811,0.0
239,67812,0.0
239,67813,0.0
239,67814,0.0
239,67815,0.0
239,67816,0.0
239,67817,0.0
239,67818,0.0
239,67819,0.0
239,67820,0.0
239,67821,0.0
239,67822,0.0
239,67823,0.0
239,67824,0.0
239,67825,0.0
239,67826,0.0
239,67827,0.0
239,67828,0.0
239,67829,0.0
239,67830,0.0
239,67831,0.0
239,67832,0.0
239,67833,0.0
239,67834,0.0
239,67835,0.0
239,67836,0.0
239,67837,0.0
239,67838,0.0
239,67839,0.0
239,67840,0.0
239,67841,0.0
239,67842,0.0
239,67843,0.0
239,67844,0.0
239,67845,0.0
239,67846,0.0
239,67847,0.0
239,67848,0.0
239,67901,0.0
239,67902,0.0
239,67903,0.0
239,67904,0.0
239,67905,0.0
239,67906,0.0
239,67907,0.0
239,67908,0.0
239,67909,0.0
239,67910,0.0
239,67911,0.0
239,67912,0.0
239,67913,0.0
239,67914,0.0
239,67915,0.0
239,67916,0.0
239,67917,0.0
239,67918,0.0
239,67919,0.0
239,67920,0.0
239,67921,0.0
239,67922,0.0
239,67923,0.0
239,67924,0.0
239,67925,0.0
239,67926,0.0
239,67927,0.0
239,67928,0.0
239,67929,0.0
239,67930,0.0
239,67931,0.0
239,67932,0.0
239,67933,0.0
239,67934,0.0
239,67935,0.0
239,67936,0.0
239,67937,0.0
239,67938,0.0
239,67939,0.0
239,67940,0.0
239,67941,0.0
239,67942,0.0
239,67943,0.0
239,67944,0.0
239,67945,0.0
239,67946,0.0
239,67947,0.0
239,67948,0.0
239,68001,0.0
239,68002,0.0
239,68003,0.0
239,68004,0.0
239,68005,0.0
239,68006,0.0
239,68007,0.0
239,68008,0.0
239,68009,0.0
239,68010,0.0
239,68011,0.0
239,68012,0.0
239,68013,0.0
239,68014,0.0
239,68015,0.0
239,68016,0.0
239,68017,0.0
239,68018,0.0
239,68019,0.0
239,68020,0.0
239,68021,0.0
239,68022,0.0
239,68023,0.0
239,68024,0.0
239,68025,0.0
239,68026,0.0
239,68027,0.0
239,68028,0.0
239,68029,0.0
239,68030,0.0
239,68031,0.0
239,68032,0.0
239,68033,0.0
239,68034,0.0
239,68035,0.0
239,68036,0.0
239,68037,0.0
239,68038,0.0
239,68039,0.01
239,68040,0.0
239,68041,0.0
239,68042,0.0
239,68043,0.0
239,68044,0.0
239,68045,0.0
239,68046,0.0
239,68047,0.0
239,68048,0.0
239,68101,0.0
239,68102,0.0
239,68103,0.0
239,68104,0.0
239,68105,0.0
239,68106,0.0
239,68107,0.0
239,68108,0.0
239,68109,0.0
239,68110,0.0
239,68111,0.0
239,68112,0.0
239,68113,0.0
239,68114,0.0
239,68115,0.0
239,68116,0.0
239,68117,0.0
239,68118,0.0
239,68119,0.0
239,68120,0.0
239,68121,0.0
239,68122,0.0
239,68123,0.0
239,68124,0.0
239,68125,0.0
239,68126,0.0
239,68127,0.0
239,68128,0.0
239,68129,0.0
239,68130,0.0
239,68131,0.0
239,68132,0.0
239,68133,0.0
239,68134,0.0
239,68135,0.0
239,68136,0.0
239,68137,0.0
239,68138,0.0
239,68139,0.0
239,68140,0.0
239,68141,0.0
239,68142,0.0
239,68143,0.0
239,68144,0.0
239,68145,0.0
239,68146,0.0
239,68147,0.0
239,68148,0.0
239,68201,0.0
239,68202,0.0
239,68203,0.0
239,68204,0.0
239,68205,0.0
239,68206,0.0
239,68207,0.0
239,68208,0.0
239,68209,0.0
239,68210,0.0
239,68211,0.0
239,68212,0.0
239,68213,0.0
239,68214,0.0
239,68215,0.0
239,68216,0.0
239,68217,0.0
239,68218,0.0
239,68219,0.0
239,68220,0.0
239,68221,0.0
239,68222,0.0
239,68223,0.0
239,68224,0.0
239,68225,0.0
239,68226,0.0
239,68227,0.0
239,68228,0.0
239,68229,0.0
239,68230,0.0
239,68231,0.0
239,68232,0.0
239,68233,0.0
239,68234,0.0
239,68235,0.0
239,68236,0.0
239,68237,0.0
239,68238,0.0
239,68239,0.0
239,68240,0.0
239,68241,0.0
239,68242,0.0
239,68243,0.0
239,68244,0.0
239,68245,0.0
239,68246,0.0
239,68247,0.0
239,68248,0.0
239,68301,0.0
239,68302,0.0
239,68303,0.0
239,68304,0.0
239,68305,0.0
239,68306,0.0
239,68307,0.0
239,68308,0.0
239,68309,0.0
239,68310,0.0
239,68311,0.0
239,68312,0.0
239,68313,0.0
239,68314,0.0
239,68315,0.0
239,68316,0.0
239,68317,0.0
239,68318,0.0
239,68319,0.0
239,68320,0.0
239,68321,0.0
239,68322,0.0
239,68323,0.0
239,68324,0.0
239,68325,0.0
239,68326,0.0
239,68327,0.0
239,68328,0.0
239,68329,0.0
239,68330,0.0
239,68331,0.0
239,68332,0.0
239,68333,0.0
239,68334,0.0
239,68335,0.0
239,68336,0.01
239,68337,0.0
239,68338,0.0
239,68339,0.0
239,68340,0.0
239,68341,0.0
239,68342,0.0
239,68343,0.0
239,68344,0.0
239,68345,0.0
239,68346,0.0
239,68347,0.0
239,68348,0.0
239,68401,0.0
239,68402,0.0
239,68403,0.0
239,68404,0.0
239,68405,0.0
239,68406,0.0
239,68407,0.0
239,68408,0.0
239,68409,0.0
239,68410,0.0
239,68411,0.0
239,68412,0.0
239,68413,0.0
239,68414,0.0
239,68415,0.0
239,68416,0.0
239,68417,0.0
239,68418,0.0
239,68419,0.0
239,68420,0.0
239,68421,0.0
239,68422,0.0
239,68423,0.0
239,68424,0.0
239,68425,0.0
239,68426,0.0
239,68427,0.0
239,68428,0.0
239,68429,0.0
239,68430,0.0
239,68431,0.0
239,68432,0.0
239,68433,0.0
239,68434,0.0
239,68435,0.0
239,68436,0.0
239,68437,0.0
239,68438,0.0
239,68439,0.0
239,68440,0.0
239,68441,0.0
239,68442,0.0
239,68443,0.0
239,68444,0.0
239,68445,0.0
239,68446,0.0
239,68447,0.0
239,68448,0.0
239,68501,0.0
239,68502,0.0
239,68503,0.0
239,68504,0.0
239,68505,0.0
239,68506,0.0
239,68507,0.0
239,68508,0.0
239,68509,0.0
239,68510,0.0
239,68511,0.0
239,68512,0.0
239,68513,0.0
239,68514,0.0
239,68515,0.0
239,68516,0.0
239,68517,0.0
239,68518,0.0
239,68519,0.0
239,68520,0.0
239,68521,0.0
239,68522,0.0
239,68523,0.0
239,68524,0.0
239,68525,0.0
239,68526,0.0
239,68527,0.0
239,68528,0.0
239,68529,0.0
239,68530,0.0
239,68531,0.0
239,68532,0.0
239,68533,0.0
239,68534,0.0
239,68535,0.0
239,68536,0.0
239,68537,0.0
239,68538,0.0
239,68539,0.0
239,68540,0.0
239,68541,0.0
239,68542,0.0
239,68543,0.0
239,68544,0.0
239,68545,0.0
239,68546,0.0
239,68547,0.0
239,68548,0.0
239,68601,0.0
239,68602,0.0
239,68603,0.0
239,68604,0.0
239,68605,0.0
239,68606,0.0
239,68607,0.0
239,68608,0.0
239,68609,0.0
239,68610,0.0
239,68611,0.0
239,68612,0.01
239,68613,0.0
239,68614,0.0
239,68615,0.0
239,68616,0.0
239,68617,0.0
239,68618,0.0
239,68619,0.0
239,68620,0.0
239,68621,0.0
239,68622,0.0
239,68623,0.0
239,68624,0.0
239,68625,0.0
239,68626,0.0
239,68627,0.0
239,68628,0.0
239,68629,0.0
239,68630,0.0
239,68631,0.0
239,68632,0.0
239,68633,0.0
239,68634,0.0
239,68635,0.0
239,68636,0.0
239,68637,0.0
239,68638,0.0
239,68639,0.0
239,68640,0.0
239,68641,0.0
239,68642,0.0
239,68643,0.0
239,68644,0.0
239,68645,0.0
239,68646,0.0
239,68647,0.0
239,68648,0.0
239,68701,0.0
239,68702,0.0
239,68703,0.0
239,68704,0.0
239,68705,0.0
239,68706,0.0
239,68707,0.0
239,68708,0.0
239,68709,0.0
239,68710,0.0
239,68711,0.0
239,68712,0.0
239,68713,0.0
239,68714,0.0
239,68715,0.0
239,68716,0.0
239,68717,0.0
239,68718,0.0
239,68719,0.0
239,68720,0.0
239,68721,0.0
239,68722,0.0
239,68723,0.0
239,68724,0.0
239,68725,0.0
239,68726,0.0
239,68727,0.0
239,68728,0.0
239,68729,0.0
239,68730,0.0
239,68731,0.0
239,68732,0.0
239,68733,0.0
239,68734,0.0
239,68735,0.0
239,68736,0.0
239,68737,0.0
239,68738,0.0
239,68739,0.0
239,68740,0.0
239,68741,0.0
239,68742,0.0
239,68743,0.0
239,68744,0.0
239,68745,0.0
239,68746,0.0
239,68747,0.0
239,68748,0.0
239,68801,0.0
239,68802,0.0
239,68803,0.0
239,68804,0.0
239,68805,0.0
239,68806,0.0
239,68807,0.0
239,68808,0.0
239,68809,0.0
239,68810,0.0
239,68811,0.0
239,68812,0.0
239,68813,0.0
239,68814,0.0
239,68815,0.0
239,68816,0.0
239,68817,0.0
239,68818,0.0
239,68819,0.0
239,68820,0.0
239,68821,0.0
239,68822,0.0
239,68823,0.0
239,68824,0.0
239,68825,0.0
239,68826,0.0
239,68827,0.0
239,68828,0.0
239,68829,0.0
239,68830,0.0
239,68831,0.0
239,68832,0.0
239,68833,0.0
239,68834,0.0
239,68835,0.0
239,68836,0.0
239,68837,0.0
239,68838,0.0
239,68839,0.0
239,68840,0.0
239,68841,0.0
239,68842,0.0
239,68843,0.0
239,68844,0.0
239,68845,0.0
239,68846,0.0
239,68847,0.0
239,68848,0.0
239,68901,0.0
239,68902,0.0
239,68903,0.0
239,68904,0.0
239,68905,0.0
239,68906,0.0
239,68907,0.0
239,68908,0.0
239,68909,0.0
239,68910,0.0
239,68911,0.0
239,68912,0.0
239,68913,0.0
239,68914,0.0
239,68915,0.0
239,68916,0.0
239,68917,0.0
239,68918,0.0
239,68919,0.0
239,68920,0.0
239,68921,0.0
239,68922,0.0
239,68923,0.0
239,68924,0.0
239,68925,0.0
239,68926,0.0
239,68927,0.0
239,68928,0.0
239,68929,0.01
239,68930,0.0
239,68931,0.0
239,68932,0.0
239,68933,0.0
239,68934,0.0
239,68935,0.0
239,68936,0.0
239,68937,0.0
239,68938,0.0
239,68939,0.0
239,68940,0.0
239,68941,0.0
239,68942,0.0
239,68943,0.0
239,68944,0.0
239,68945,0.0
239,68946,0.0
239,68947,0.0
239,68948,0.0
239,69001,0.0
239,69002,0.0
239,69003,0.0
239,69004,0.0
239,69005,0.0
239,69006,0.0
239,69007,0.0
239,69008,0.0
239,69009,0.0
239,69010,0.0
239,69011,0.0
239,69012,0.0
239,69013,0.0
239,69014,0.0
239,69015,0.0
239,69016,0.0
239,69017,0.0
239,69018,0.0
239,69019,0.0
239,69020,0.0
239,69021,0.0
239,69022,0.0
239,69023,0.0
239,69024,0.0
239,69025,0.0
239,69026,0.0
239,69027,0.0
239,69028,0.0
239,69029,0.0
239,69030,0.0
239,69031,0.0
239,69032,0.0
239,69033,0.0
239,69034,0.0
239,69035,0.0
239,69036,0.0
239,69037,0.0
239,69038,0.0
239,69039,0.0
239,69040,0.0
239,69041,0.0
239,69042,0.0
239,69043,0.0
239,69044,0.0
239,69045,0.0
239,69046,0.0
239,69047,0.0
239,69048,0.0
239,69101,0.0
239,69102,0.0
239,69103,0.0
239,69104,0.0
239,69105,0.0
239,69106,0.0
239,69107,0.0
239,69108,0.0
239,69109,0.0
239,69110,0.0
239,69111,0.0
239,69112,0.0
239,69113,0.0
239,69114,0.0
239,69115,0.0
239,69116,0.0
239,69117,0.0
239,69118,0.0
239,69119,0.0
239,69120,0.0
239,69121,0.0
239,69122,0.0
239,69123,0.0
239,69124,0.0
239,69125,0.0
239,69126,0.0
239,69127,0.0
239,69128,0.0
239,69129,0.0
239,69130,0.0
239,69131,0.0
239,69132,0.0
239,69133,0.0
239,69134,0.0
239,69135,0.0
239,69136,0.0
239,69137,0.0
239,69138,0.0
239,69139,0.0
239,69140,0.0
239,69141,0.0
239,69142,0.0
239,69143,0.0
239,69144,0.0
239,69145,0.0
239,69146,0.0
239,69147,0.0
239,69148,0.0
239,69201,0.0
239,69202,0.0
239,69203,0.0
239,69204,0.0
239,69205,0.0
239,69206,0.0
239,69207,0.0
239,69208,0.0
239,69209,0.0
239,69210,0.0
239,69211,0.0
239,69212,0.0
239,69213,0.0
239,69214,0.0
239,69215,0.0
239,69216,0.0
239,69217,0.0
239,69218,0.0
239,69219,0.0
239,69220,0.0
239,69221,0.0
239,69222,0.0
239,69223,0.0
239,69224,0.0
239,69225,0.0
239,69226,0.0
239,69227,0.0
239,69228,0.0
239,69229,0.0
239,69230,0.0
239,69231,0.0
239,69232,0.0
239,69233,0.0
239,69234,0.01
239,69235,0.0
239,69236,0.0
239,69237,0.0
239,69238,0.0
239,69239,0.0
239,69240,0.0
239,69241,0.0
239,69242,0.0
239,69243,0.0
239,69244,0.0
239,69245,0.0
239,69246,0.0
239,69247,0.0
239,69248,0.0
239,69301,0.0
239,69302,0.0
239,69303,0.0
239,69304,0.0
239,69305,0.0
239,69306,0.0
239,69307,0.0
239,69308,0.0
239,69309,0.0
239,69310,0.0
239,69311,0.0
239,69312,0.0
239,69313,0.0
239,69314,0.0
239,69315,0.0
239,69316,0.0
239,69317,0.0
239,69318,0.0
239,69319,0.0
239,69320,0.0
239,69321,0.0
239,69322,0.0
239,69323,0.0
239,69324,0.0
239,69325,0.0
239,69326,0.0
239,69327,0.0
239,69328,0.0
239,69329,0.0
239,69330,0.0
239,69331,0.0
239,69332,0.0
239,69333,0.0
239,69334,0.0
239,69335,0.0
239,69336,0.0
239,69337,0.0
239,69338,0.0
239,69339,0.0
239,69340,0.0
239,69341,0.0
239,69342,0.0
239,69343,0.0
239,69344,0.0
239,69345,0.0
239,69346,0.0
239,69347,0.0
239,69348,0.0
239,69401,0.0
239,69402,0.0
239,69403,0.0
239,69404,0.0
239,69405,0.0
239,69406,0.0
239,69407,0.0
239,69408,0.0
239,69409,0.0
239,69410,0.0
239,69411,0.0
239,69412,0.0
239,69413,0.0
239,69414,0.0
239,69415,0.0
239,69416,0.0
239,69417,0.0
239,69418,0.0
239,69419,0.0
239,69420,0.0
239,69421,0.0
239,69422,0.0
239,69423,0.0
239,69424,0.01
239,69425,0.0
239,69426,0.0
239,69427,0.0
239,69428,0.0
239,69429,0.0
239,69430,0.0
239,69431,0.0
239,69432,0.0
239,69433,0.0
239,69434,0.0
239,69435,0.0
239,69436,0.0
239,69437,0.0
239,69438,0.0
239,69439,0.0
239,69440,0.0
239,69441,0.0
239,69442,0.0
239,69443,0.0
239,69444,0.0
239,69445,0.0
239,69446,0.0
239,69447,0.0
239,69448,0.0
239,69501,0.0
239,69502,0.0
239,69503,0.0
239,69504,0.0
239,69505,0.0
239,69506,0.0
239,69507,0.0
239,69508,0.0
239,69509,0.0
239,69510,0.0
239,69511,0.0
239,69512,0.0
239,69513,0.0
239,69514,0.0
239,69515,0.0
239,69516,0.0
239,69517,0.0
239,69518,0.0
239,69519,0.0
239,69520,0.0
239,69521,0.0
239,69522,0.0
239,69523,0.0
239,69524,0.0
239,69525,0.0
239,69526,0.0
239,69527,0.0
239,69528,0.0
239,69529,0.0
239,69530,0.0
239,69531,0.0
239,69532,0.0
239,69533,0.0
239,69534,0.0
239,69535,0.0
239,69536,0.0
239,69537,0.0
239,69538,0.0
239,69539,0.0
239,69540,0.0
239,69541,0.0
239,69542,0.0
239,69543,0.0
239,69544,0.0
239,69545,0.0
239,69546,0.0
239,69547,0.0
239,69548,0.0
239,69601,0.0
239,69602,0.0
239,69603,0.0
239,69604,0.0
239,69605,0.0
239,69606,0.0
239,69607,0.0
239,69608,0.0
239,69609,0.0
239,69610,0.0
239,69611,0.0
239,69612,0.0
239,69613,0.0
239,69614,0.0
239,69615,0.0
239,69616,0.0
239,69617,0.0
239,69618,0.0
239,69619,0.0
239,69620,0.0
239,69621,0.0
239,69622,0.0
239,69623,0.0
239,69624,0.0
239,69625,0.0
239,69626,0.0
239,69627,0.0
239,69628,0.0
239,69629,0.0
239,69630,0.0
239,69631,0.0
239,69632,0.0
239,69633,0.0
239,69634,0.0
239,69635,0.0
239,69636,0.0
239,69637,0.0
239,69638,0.0
239,69639,0.0
239,69640,0.0
239,69641,0.0
239,69642,0.0
239,69643,0.0
239,69644,0.0
239,69645,0.0
239,69646,0.0
239,69647,0.0
239,69648,0.0
239,69701,0.0
239,69702,0.0
239,69703,0.0
239,69704,0.0
239,69705,0.0
239,69706,0.0
239,69707,0.0
239,69708,0.0
239,69709,0.0
239,69710,0.0
239,69711,0.0
239,69712,0.0
239,69713,0.0
239,69714,0.0
239,69715,0.0
239,69716,0.0
239,69717,0.0
239,69718,0.0
239,69719,0.0
239,69720,0.0
239,69721,0.0
239,69722,0.0
239,69723,0.0
239,69724,0.0
239,69725,0.0
239,69726,0.0
239,69727,0.0
239,69728,0.0
239,69729,0.0
239,69730,0.0
239,69731,0.0
239,69732,0.0
239,69733,0.0
239,69734,0.0
239,69735,0.0
239,69736,0.0
239,69737,0.01
239,69738,0.0
239,69739,0.0
239,69740,0.0
239,69741,0.0
239,69742,0.0
239,69743,0.0
239,69744,0.0
239,69745,0.0
239,69746,0.0
239,69747,0.0
239,69748,0.0
239,69801,0.0
239,69802,0.0
239,69803,0.0
239,69804,0.0
239,69805,0.0
239,69806,0.0
239,69807,0.0
239,69808,0.0
239,69809,0.0
239,69810,0.0
239,69811,0.0
239,69812,0.0
239,69813,0.0
239,69814,0.0
239,69815,0.0
239,69816,0.0
239,69817,0.0
239,69818,0.0
239,69819,0.0
239,69820,0.0
239,69821,0.0
239,69822,0.0
239,69823,0.0
239,69824,0.0
239,69825,0.0
239,69826,0.0
239,69827,0.0
239,69828,0.0
239,69829,0.0
239,69830,0.0
239,69831,0.0
239,69832,0.0
239,69833,0.0
239,69834,0.0
239,69835,0.0
239,69836,0.0
239,69837,0.0
239,69838,0.0
239,69839,0.0
239,69840,0.0
239,69841,0.0
239,69842,0.0
239,69843,0.0
239,69844,0.0
239,69845,0.0
239,69846,0.0
239,69847,0.0
239,69848,0.0
239,69901,0.0
239,69902,0.0
239,69903,0.0
239,69904,0.0
239,69905,0.0
239,69906,0.0
239,69907,0.0
239,69908,0.0
239,69909,0.0
239,69910,0.0
239,69911,0.0
239,69912,0.0
239,69913,0.0
239,69914,0.0
239,69915,0.0
239,69916,0.0
239,69917,0.0
239,69918,0.0
239,69919,0.0
239,69920,0.0
239,69921,0.0
239,69922,0.0
239,69923,0.0
239,69924,0.0
239,69925,0.0
239,69926,0.0
239,69927,0.0
239,69928,0.0
239,69929,0.0
239,69930,0.0
239,69931,0.0
239,69932,0.0
239,69933,0.0
239,69934,0.0
239,69935,0.0
239,69936,0.0
239,69937,0.0
239,69938,0.0
239,69939,0.0
239,69940,0.0
239,69941,0.0
239,69942,0.0
239,69943,0.0
239,69944,0.0
239,69945,0.0
239,69946,0.0
239,69947,0.0
239,69948,0.0
239,70001,0.0
239,70002,0.0
239,70003,0.0
239,70004,0.0
239,70005,0.0
239,70006,0.0
239,70007,0.0
239,70008,0.0
239,70009,0.0
239,70010,0.0
239,70011,0.0
239,70012,0.0
239,70013,0.0
239,70014,0.0
239,70015,0.0
239,70016,0.0
239,70017,0.0
239,70018,0.0
239,70019,0.0
239,70020,0.0
239,70021,0.0
239,70022,0.0
239,70023,0.0
239,70024,0.0
239,70025,0.0
239,70026,0.0
239,70027,0.0
239,70028,0.0
239,70029,0.0
239,70030,0.0
239,70031,0.0
239,70032,0.0
239,70033,0.0
239,70034,0.0
239,70035,0.0
239,70036,0.0
239,70037,0.0
239,70038,0.0
239,70039,0.0
239,70040,0.0
239,70041,0.0
239,70042,0.0
239,70043,0.0
239,70044,0.0
239,70045,0.0
239,70046,0.0
239,70047,0.0
239,70048,0.0
239,70101,0.0
239,70102,0.0
239,70103,0.0
239,70104,0.0
239,70105,0.0
239,70106,0.0
239,70107,0.0
239,70108,0.0
239,70109,0.0
239,70110,0.0
239,70111,0.0
239,70112,0.0
239,70113,0.0
239,70114,0.0
239,70115,0.0
239,70116,0.0
239,70117,0.0
239,70118,0.0
239,70119,0.0
239,70120,0.0
239,70121,0.0
239,70122,0.01
239,70123,0.0
239,70124,0.0
239,70125,0.0
239,70126,0.0
239,70127,0.0
239,70128,0.0
239,70129,0.0
239,70130,0.0
239,70131,0.0
239,70132,0.0
239,70133,0.0
239,70134,0.0
239,70135,0.0
239,70136,0.0
239,70137,0.0
239,70138,0.0
239,70139,0.0
239,70140,0.0
239,70141,0.0
239,70142,0.0
239,70143,0.0
239,70144,0.0
239,70145,0.0
239,70146,0.0
239,70147,0.0
239,70148,0.0
239,70201,0.0
239,70202,0.0
239,70203,0.0
239,70204,0.0
239,70205,0.0
239,70206,0.0
239,70207,0.0
239,70208,0.0
239,70209,0.0
239,70210,0.0
239,70211,0.0
239,70212,0.0
239,70213,0.0
239,70214,0.0
239,70215,0.0
239,70216,0.0
239,70217,0.0
239,70218,0.0
239,70219,0.0
239,70220,0.0
239,70221,0.0
239,70222,0.0
239,70223,0.0
239,70224,0.0
239,70225,0.0
239,70226,0.0
239,70227,0.0
239,70228,0.0
239,70229,0.0
239,70230,0.0
239,70231,0.0
239,70232,0.0
239,70233,0.0
239,70234,0.0
239,70235,0.0
239,70236,0.0
239,70237,0.0
239,70238,0.0
239,70239,0.0
239,70240,0.0
239,70241,0.0
239,70242,0.0
239,70243,0.0
239,70244,0.0
239,70245,0.0
239,70246,0.0
239,70247,0.0
239,70248,0.0
239,70301,0.0
239,70302,0.0
239,70303,0.0
239,70304,0.0
239,70305,0.0
239,70306,0.0
239,70307,0.0
239,70308,0.0
239,70309,0.0
239,70310,0.0
239,70311,0.0
239,70312,0.0
239,70313,0.0
239,70314,0.0
239,70315,0.0
239,70316,0.0
239,70317,0.0
239,70318,0.0
239,70319,0.0
239,70320,0.0
239,70321,0.0
239,70322,0.0
239,70323,0.0
239,70324,0.0
239,70325,0.0
239,70326,0.0
239,70327,0.0
239,70328,0.0
239,70329,0.0
239,70330,0.0
239,70331,0.0
239,70332,0.0
239,70333,0.0
239,70334,0.0
239,70335,0.0
239,70336,0.0
239,70337,0.0
239,70338,0.0
239,70339,0.0
239,70340,0.0
239,70341,0.0
239,70342,0.0
239,70343,0.0
239,70344,0.0
239,70345,0.0
239,70346,0.0
239,70347,0.0
239,70348,0.0
239,70401,0.0
239,70402,0.0
239,70403,0.0
239,70404,0.0
239,70405,0.0
239,70406,0.0
239,70407,0.0
239,70408,0.0
239,70409,0.0
239,70410,0.0
239,70411,0.0
239,70412,0.0
239,70413,0.0
239,70414,0.0
239,70415,0.01
239,70416,0.0
239,70417,0.0
239,70418,0.0
239,70419,0.0
239,70420,0.0
239,70421,0.0
239,70422,0.0
239,70423,0.0
239,70424,0.0
239,70425,0.0
239,70426,0.0
239,70427,0.0
239,70428,0.0
239,70429,0.0
239,70430,0.0
239,70431,0.0
239,70432,0.0
239,70433,0.0
239,70434,0.0
239,70435,0.0
239,70436,0.0
239,70437,0.0
239,70438,0.0
239,70439,0.0
239,70440,0.0
239,70441,0.0
239,70442,0.0
239,70443,0.0
239,70444,0.0
239,70445,0.0
239,70446,0.0
239,70447,0.0
239,70448,0.0
239,70501,0.0
239,70502,0.0
239,70503,0.0
239,70504,0.0
239,70505,0.0
239,70506,0.0
239,70507,0.0
239,70508,0.0
239,70509,0.0
239,70510,0.0
239,70511,0.0
239,70512,0.0
239,70513,0.0
239,70514,0.0
239,70515,0.0
239,70516,0.0
239,70517,0.0
239,70518,0.0
239,70519,0.0
239,70520,0.0
239,70521,0.0
239,70522,0.0
239,70523,0.0
239,70524,0.0
239,70525,0.0
239,70526,0.0
239,70527,0.0
239,70528,0.0
239,70529,0.0
239,70530,0.0
239,70531,0.0
239,70532,0.0
239,70533,0.0
239,70534,0.0
239,70535,0.0
239,70536,0.0
239,70537,0.0
239,70538,0.0
239,70539,0.0
239,70540,0.0
239,70541,0.0
239,70542,0.0
239,70543,0.0
239,70544,0.0
239,70545,0.0
239,70546,0.0
239,70547,0.0
239,70548,0.0
239,70601,0.0
239,70602,0.0
239,70603,0.0
239,70604,0.0
239,70605,0.0
239,70606,0.0
239,70607,0.0
239,70608,0.0
239,70609,0.0
239,70610,0.0
239,70611,0.0
239,70612,0.0
239,70613,0.0
239,70614,0.0
239,70615,0.0
239,70616,0.0
239,70617,0.0
239,70618,0.0
239,70619,0.0
239,70620,0.0
239,70621,0.0
239,70622,0.0
239,70623,0.0
239,70624,0.0
239,70625,0.0
239,70626,0.0
239,70627,0.0
239,70628,0.0
239,70629,0.0
239,70630,0.0
239,70631,0.0
239,70632,0.0
239,70633,0.0
239,70634,0.0
239,70635,0.0
239,70636,0.0
239,70637,0.0
239,70638,0.0
239,70639,0.0
239,70640,0.0
239,70641,0.0
239,70642,0.0
239,70643,0.0
239,70644,0.0
239,70645,0.0
239,70646,0.0
239,70647,0.0
239,70648,0.0
239,70701,0.0
239,70702,0.0
239,70703,0.0
239,70704,0.0
239,70705,0.0
239,70706,0.0
239,70707,0.0
239,70708,0.0
239,70709,0.0
239,70710,0.0
239,70711,0.0
239,70712,0.0
239,70713,0.0
239,70714,0.0
239,70715,0.0
239,70716,0.0
239,70717,0.0
239,70718,0.0
239,70719,0.0
239,70720,0.0
239,70721,0.0
239,70722,0.0
239,70723,0.0
239,70724,0.0
239,70725,0.0
239,70726,0.0
239,70727,0.0
239,70728,0.0
239,70729,0.0
239,70730,0.0
239,70731,0.0
239,70732,0.0
239,70733,0.0
239,70734,0.0
239,70735,0.0
239,70736,0.0
239,70737,0.0
239,70738,0.0
239,70739,0.0
239,70740,0.0
239,70741,0.0
239,70742,0.0
239,70743,0.0
239,70744,0.0
239,70745,0.0
239,70746,0.0
239,70747,0.0
239,70748,0.0
239,70801,0.0
239,70802,0.0
239,70803,0.0
239,70804,0.0
239,70805,0.01
239,70806,0.0
239,70807,0.0
239,70808,0.0
239,70809,0.0
239,70810,0.0
239,70811,0.0
239,70812,0.0
239,70813,0.0
239,70814,0.0
239,70815,0.0
239,70816,0.0
239,70817,0.0
239,70818,0.0
239,70819,0.0
239,70820,0.0
239,70821,0.0
239,70822,0.0
239,70823,0.0
239,70824,0.0
239,70825,0.0
239,70826,0.0
239,70827,0.0
239,70828,0.0
239,70829,0.0
239,70830,0.0
239,70831,0.0
239,70832,0.0
239,70833,0.0
239,70834,0.0
239,70835,0.0
239,70836,0.0
239,70837,0.0
239,70838,0.0
239,70839,0.0
239,70840,0.0
239,70841,0.0
239,70842,0.0
239,70843,0.0
239,70844,0.0
239,70845,0.0
239,70846,0.0
239,70847,0.0
239,70848,0.0
239,70901,0.0
239,70902,0.0
239,70903,0.0
239,70904,0.0
239,70905,0.0
239,70906,0.0
239,70907,0.0
239,70908,0.0
239,70909,0.0
239,70910,0.0
239,70911,0.0
239,70912,0.0
239,70913,0.0
239,70914,0.0
239,70915,0.0
239,70916,0.0
239,70917,0.0
239,70918,0.0
239,70919,0.0
239,70920,0.0
239,70921,0.0
239,70922,0.0
239,70923,0.0
239,70924,0.0
239,70925,0.0
239,70926,0.0
239,70927,0.0
239,70928,0.0
239,70929,0.0
239,70930,0.0
239,70931,0.0
239,70932,0.0
239,70933,0.0
239,70934,0.0
239,70935,0.0
239,70936,0.0
239,70937,0.0
239,70938,0.0
239,70939,0.0
239,70940,0.0
239,70941,0.0
239,70942,0.0
239,70943,0.0
239,70944,0.0
239,70945,0.0
239,70946,0.0
239,70947,0.0
239,70948,0.0
239,71001,0.0
239,71002,0.0
239,71003,0.0
239,71004,0.0
239,71005,0.0
239,71006,0.0
239,71007,0.0
239,71008,0.0
239,71009,0.0
239,71010,0.0
239,71011,0.0
239,71012,0.0
239,71013,0.0
239,71014,0.0
239,71015,0.0
239,71016,0.0
239,71017,0.0
239,71018,0.0
239,71019,0.0
239,71020,0.0
239,71021,0.0
239,71022,0.0
239,71023,0.0
239,71024,0.0
239,71025,0.0
239,71026,0.0
239,71027,0.0
239,71028,0.0
239,71029,0.0
239,71030,0.0
239,71031,0.0
239,71032,0.0
239,71033,0.0
239,71034,0.0
239,71035,0.0
239,71036,0.0
239,71037,0.0
239,71038,0.0
239,71039,0.0
239,71040,0.0
239,71041,0.0
239,71042,0.0
239,71043,0.0
239,71044,0.0
239,71045,0.0
239,71046,0.0
239,71047,0.0
239,71048,0.0
239,71101,0.0
239,71102,0.0
239,71103,0.0
239,71104,0.0
239,71105,0.0
239,71106,0.0
239,71107,0.0
239,71108,0.0
239,71109,0.0
239,71110,0.0
239,71111,0.0
239,71112,0.0
239,71113,0.0
239,71114,0.0
239,71115,0.0
239,71116,0.0
239,71117,0.0
239,71118,0.0
239,71119,0.0
239,71120,0.0
239,71121,0.0
239,71122,0.0
239,71123,0.0
239,71124,0.0
239,71125,0.0
239,71126,0.0
239,71127,0.0
239,71128,0.0
239,71129,0.0
239,71130,0.0
239,71131,0.0
239,71132,0.0
239,71133,0.0
239,71134,0.0
239,71135,0.0
239,71136,0.0
239,71137,0.0
239,71138,0.0
239,71139,0.0
239,71140,0.0
239,71141,0.0
239,71142,0.0
239,71143,0.0
239,71144,0.0
239,71145,0.0
239,71146,0.0
239,71147,0.0
239,71148,0.0
239,71201,0.0
239,71202,0.0
239,71203,0.0
239,71204,0.0
239,71205,0.0
239,71206,0.0
239,71207,0.0
239,71208,0.0
239,71209,0.0
239,71210,0.0
239,71211,0.0
239,71212,0.0
239,71213,0.0
239,71214,0.0
239,71215,0.0
239,71216,0.0
239,71217,0.0
239,71218,0.0
239,71219,0.0
239,71220,0.0
239,71221,0.0
239,71222,0.0
239,71223,0.0
239,71224,0.0
239,71225,0.0
239,71226,0.0
239,71227,0.0
239,71228,0.0
239,71229,0.0
239,71230,0.0
239,71231,0.0
239,71232,0.0
239,71233,0.0
239,71234,0.0
239,71235,0.0
239,71236,0.0
239,71237,0.0
239,71238,0.0
239,71239,0.0
239,71240,0.0
239,71241,0.0
239,71242,0.0
239,71243,0.0
239,71244,0.0
239,71245,0.0
239,71246,0.0
239,71247,0.0
239,71248,0.0
239,71301,0.0
239,71302,0.0
239,71303,0.0
239,71304,0.0
239,71305,0.0
239,71306,0.0
239,71307,0.0
239,71308,0.0
239,71309,0.0
239,71310,0.0
239,71311,0.0
239,71312,0.0
239,71313,0.0
239,71314,0.0
239,71315,0.0
239,71316,0.0
239,71317,0.0
239,71318,0.0
239,71319,0.0
239,71320,0.0
239,71321,0.0
239,71322,0.0
239,71323,0.0
239,71324,0.0
239,71325,0.0
239,71326,0.0
239,71327,0.0
239,71328,0.0
239,71329,0.0
239,71330,0.0
239,71331,0.0
239,71332,0.0
239,71333,0.0
239,71334,0.0
239,71335,0.0
239,71336,0.0
239,71337,0.0
239,71338,0.0
239,71339,0.0
239,71340,0.0
239,71341,0.0
239,71342,0.0
239,71343,0.0
239,71344,0.0
239,71345,0.0
239,71346,0.0
239,71347,0.0
239,71348,0.0
239,71401,0.0
239,71402,0.0
239,71403,0.0
239,71404,0.0
239,71405,0.0
239,71406,0.0
239,71407,0.0
239,71408,0.0
239,71409,0.0
239,71410,0.0
239,71411,0.0
239,71412,0.0
239,71413,0.0
239,71414,0.0
239,71415,0.0
239,71416,0.0
239,71417,0.0
239,71418,0.0
239,71419,0.0
239,71420,0.0
239,71421,0.0
239,71422,0.0
239,71423,0.0
239,71424,0.0
239,71425,0.0
239,71426,0.0
239,71427,0.0
239,71428,0.0
239,71429,0.0
239,71430,0.0
239,71431,0.0
239,71432,0.0
239,71433,0.0
239,71434,0.0
239,71435,0.0
239,71436,0.0
239,71437,0.0
239,71438,0.0
239,71439,0.0
239,71440,0.0
239,71441,0.0
239,71442,0.0
239,71443,0.0
239,71444,0.0
239,71445,0.0
239,71446,0.0
239,71447,0.0
239,71448,0.0
239,71501,0.0
239,71502,0.0
239,71503,0.0
239,71504,0.0
239,71505,0.0
239,71506,0.0
239,71507,0.0
239,71508,0.0
239,71509,0.0
239,71510,0.0
239,71511,0.0
239,71512,0.0
239,71513,0.0
239,71514,0.0
239,71515,0.0
239,71516,0.0
239,71517,0.0
239,71518,0.0
239,71519,0.0
239,71520,0.0
239,71521,0.0
239,71522,0.0
239,71523,0.0
239,71524,0.0
239,71525,0.0
239,71526,0.0
239,71527,0.0
239,71528,0.0
239,71529,0.0
239,71530,0.0
239,71531,0.0
239,71532,0.0
239,71533,0.0
239,71534,0.0
239,71535,0.0
239,71536,0.0
239,71537,0.0
239,71538,0.0
239,71539,0.0
239,71540,0.0
239,71541,0.0
239,71542,0.0
239,71543,0.0
239,71544,0.0
239,71545,0.01
239,71546,0.0
239,71547,0.0
239,71548,0.0
239,71601,0.0
239,71602,0.0
239,71603,0.0
239,71604,0.0
239,71605,0.0
239,71606,0.0
239,71607,0.0
239,71608,0.0
239,71609,0.0
239,71610,0.0
239,71611,0.0
239,71612,0.0
239,71613,0.0
239,71614,0.0
239,71615,0.0
239,71616,0.0
239,71617,0.0
239,71618,0.0
239,71619,0.0
239,71620,0.0
239,71621,0.0
239,71622,0.0
239,71623,0.0
239,71624,0.0
239,71625,0.0
239,71626,0.0
239,71627,0.0
239,71628,0.0
239,71629,0.0
239,71630,0.0
239,71631,0.0
239,71632,0.0
239,71633,0.0
239,71634,0.0
239,71635,0.0
239,71636,0.0
239,71637,0.0
239,71638,0.0
239,71639,0.0
239,71640,0.0
239,71641,0.0
239,71642,0.0
239,71643,0.0
239,71644,0.0
239,71645,0.0
239,71646,0.0
239,71647,0.0
239,71648,0.0
239,71701,0.0
239,71702,0.0
239,71703,0.0
239,71704,0.0
239,71705,0.0
239,71706,0.0
239,71707,0.0
239,71708,0.0
239,71709,0.0
239,71710,0.0
239,71711,0.0
239,71712,0.0
239,71713,0.0
239,71714,0.0
239,71715,0.0
239,71716,0.0
239,71717,0.0
239,71718,0.0
239,71719,0.0
239,71720,0.0
239,71721,0.0
239,71722,0.0
239,71723,0.0
239,71724,0.0
239,71725,0.0
239,71726,0.0
239,71727,0.0
239,71728,0.0
239,71729,0.0
239,71730,0.0
239,71731,0.0
239,71732,0.0
239,71733,0.0
239,71734,0.0
239,71735,0.0
239,71736,0.0
239,71737,0.0
239,71738,0.0
239,71739,0.0
239,71740,0.0
239,71741,0.0
239,71742,0.0
239,71743,0.0
239,71744,0.0
239,71745,0.0
239,71746,0.0
239,71747,0.0
239,71748,0.0
239,71801,0.0
239,71802,0.0
239,71803,0.0
239,71804,0.0
239,71805,0.0
239,71806,0.0
239,71807,0.0
239,71808,0.0
239,71809,0.0
239,71810,0.0
239,71811,0.0
239,71812,0.0
239,71813,0.0
239,71814,0.0
239,71815,0.0
239,71816,0.0
239,71817,0.0
239,71818,0.0
239,71819,0.0
239,71820,0.0
239,71821,0.0
239,71822,0.0
239,71823,0.0
239,71824,0.0
239,71825,0.0
239,71826,0.0
239,71827,0.0
239,71828,0.0
239,71829,0.0
239,71830,0.0
239,71831,0.0
239,71832,0.0
239,71833,0.0
239,71834,0.0
239,71835,0.0
239,71836,0.0
239,71837,0.0
239,71838,0.0
239,71839,0.0
239,71840,0.0
239,71841,0.0
239,71842,0.0
239,71843,0.0
239,71844,0.0
239,71845,0.0
239,71846,0.0
239,71847,0.0
239,71848,0.0
239,71901,0.0
239,71902,0.0
239,71903,0.0
239,71904,0.0
239,71905,0.0
239,71906,0.0
239,71907,0.0
239,71908,0.0
239,71909,0.0
239,71910,0.0
239,71911,0.0
239,71912,0.0
239,71913,0.0
239,71914,0.0
239,71915,0.0
239,71916,0.0
239,71917,0.0
239,71918,0.0
239,71919,0.0
239,71920,0.0
239,71921,0.0
239,71922,0.0
239,71923,0.0
239,71924,0.0
239,71925,0.0
239,71926,0.0
239,71927,0.0
239,71928,0.0
239,71929,0.0
239,71930,0.0
239,71931,0.0
239,71932,0.0
239,71933,0.0
239,71934,0.0
239,71935,0.0
239,71936,0.0
239,71937,0.0
239,71938,0.0
239,71939,0.0
239,71940,0.0
239,71941,0.0
239,71942,0.0
239,71943,0.0
239,71944,0.0
239,71945,0.0
239,71946,0.0
239,71947,0.0
239,71948,0.0
239,72001,0.0
239,72002,0.0
239,72003,0.0
239,72004,0.0
239,72005,0.0
239,72006,0.0
239,72007,0.0
239,72008,0.0
239,72009,0.0
239,72010,0.0
239,72011,0.0
239,72012,0.0
239,72013,0.0
239,72014,0.0
239,72015,0.0
239,72016,0.0
239,72017,0.0
239,72018,0.0
239,72019,0.0
239,72020,0.0
239,72021,0.0
239,72022,0.0
239,72023,0.0
239,72024,0.0
239,72025,0.0
239,72026,0.0
239,72027,0.0
239,72028,0.0
239,72029,0.0
239,72030,0.0
239,72031,0.0
239,72032,0.0
239,72033,0.0
239,72034,0.0
239,72035,0.0
239,72036,0.0
239,72037,0.0
239,72038,0.0
239,72039,0.0
239,72040,0.0
239,72041,0.0
239,72042,0.0
239,72043,0.0
239,72044,0.0
239,72045,0.0
239,72046,0.0
239,72047,0.0
239,72048,0.0
239,72101,0.0
239,72102,0.0
239,72103,0.0
239,72104,0.0
239,72105,0.0
239,72106,0.0
239,72107,0.0
239,72108,0.0
239,72109,0.0
239,72110,0.0
239,72111,0.0
239,72112,0.0
239,72113,0.0
239,72114,0.0
239,72115,0.0
239,72116,0.0
239,72117,0.0
239,72118,0.0
239,72119,0.0
239,72120,0.0
239,72121,0.0
239,72122,0.0
239,72123,0.0
239,72124,0.0
239,72125,0.0
239,72126,0.0
239,72127,0.0
239,72128,0.0
239,72129,0.0
239,72130,0.0
239,72131,0.0
239,72132,0.0
239,72133,0.0
239,72134,0.0
239,72135,0.0
239,72136,0.0
239,72137,0.0
239,72138,0.0
239,72139,0.0
239,72140,0.0
239,72141,0.0
239,72142,0.0
239,72143,0.0
239,72144,0.0
239,72145,0.0
239,72146,0.0
239,72147,0.0
239,72148,0.0
239,72201,0.0
239,72202,0.0
239,72203,0.0
239,72204,0.0
239,72205,0.0
239,72206,0.0
239,72207,0.0
239,72208,0.0
239,72209,0.0
239,72210,0.0
239,72211,0.0
239,72212,0.0
239,72213,0.0
239,72214,0.0
239,72215,0.0
239,72216,0.0
239,72217,0.0
239,72218,0.0
239,72219,0.0
239,72220,0.0
239,72221,0.0
239,72222,0.0
239,72223,0.0
239,72224,0.0
239,72225,0.0
239,72226,0.0
239,72227,0.0
239,72228,0.0
239,72229,0.0
239,72230,0.0
239,72231,0.0
239,72232,0.0
239,72233,0.0
239,72234,0.0
239,72235,0.0
239,72236,0.0
239,72237,0.0
239,72238,0.0
239,72239,0.0
239,72240,0.0
239,72241,0.0
239,72242,0.0
239,72243,0.0
239,72244,0.0
239,72245,0.0
239,72246,0.0
239,72247,0.0
239,72248,0.0
239,72301,0.0
239,72302,0.0
239,72303,0.0
239,72304,0.0
239,72305,0.0
239,72306,0.0
239,72307,0.0
239,72308,0.0
239,72309,0.0
239,72310,0.0
239,72311,0.0
239,72312,0.0
239,72313,0.0
239,72314,0.0
239,72315,0.0
239,72316,0.0
239,72317,0.0
239,72318,0.0
239,72319,0.0
239,72320,0.0
239,72321,0.0
239,72322,0.0
239,72323,0.0
239,72324,0.0
239,72325,0.0
239,72326,0.0
239,72327,0.0
239,72328,0.0
239,72329,0.0
239,72330,0.0
239,72331,0.0
239,72332,0.0
239,72333,0.0
239,72334,0.0
239,72335,0.0
239,72336,0.0
239,72337,0.0
239,72338,0.0
239,72339,0.0
239,72340,0.0
239,72341,0.0
239,72342,0.0
239,72343,0.0
239,72344,0.0
239,72345,0.0
239,72346,0.0
239,72347,0.0
239,72348,0.0
239,72401,0.0
239,72402,0.0
239,72403,0.0
239,72404,0.0
239,72405,0.0
239,72406,0.0
239,72407,0.0
239,72408,0.0
239,72409,0.0
239,72410,0.0
239,72411,0.0
239,72412,0.0
239,72413,0.0
239,72414,0.0
239,72415,0.0
239,72416,0.0
239,72417,0.0
239,72418,0.0
239,72419,0.0
239,72420,0.0
239,72421,0.0
239,72422,0.0
239,72423,0.0
239,72424,0.0
239,72425,0.0
239,72426,0.0
239,72427,0.0
239,72428,0.0
239,72429,0.0
239,72430,0.0
239,72431,0.0
239,72432,0.0
239,72433,0.0
239,72434,0.0
239,72435,0.0
239,72436,0.0
239,72437,0.0
239,72438,0.0
239,72439,0.0
239,72440,0.0
239,72441,0.0
239,72442,0.0
239,72443,0.0
239,72444,0.0
239,72445,0.0
239,72446,0.0
239,72447,0.0
239,72448,0.0
239,72501,0.0
239,72502,0.0
239,72503,0.0
239,72504,0.0
239,72505,0.0
239,72506,0.0
239,72507,0.0
239,72508,0.0
239,72509,0.0
239,72510,0.0
239,72511,0.0
239,72512,0.0
239,72513,0.0
239,72514,0.0
239,72515,0.0
239,72516,0.0
239,72517,0.0
239,72518,0.0
239,72519,0.0
239,72520,0.0
239,72521,0.0
239,72522,0.0
239,72523,0.0
239,72524,0.0
239,72525,0.0
239,72526,0.0
239,72527,0.0
239,72528,0.0
239,72529,0.0
239,72530,0.0
239,72531,0.0
239,72532,0.0
239,72533,0.0
239,72534,0.0
239,72535,0.0
239,72536,0.0
239,72537,0.0
239,72538,0.0
239,72539,0.0
239,72540,0.0
239,72541,0.0
239,72542,0.0
239,72543,0.0
239,72544,0.0
239,72545,0.0
239,72546,0.0
239,72547,0.0
239,72548,0.0
239,72601,0.0
239,72602,0.0
239,72603,0.0
239,72604,0.0
239,72605,0.0
239,72606,0.0
239,72607,0.0
239,72608,0.0
239,72609,0.0
239,72610,0.0
239,72611,0.0
239,72612,0.0
239,72613,0.0
239,72614,0.0
239,72615,0.0
239,72616,0.0
239,72617,0.0
239,72618,0.0
239,72619,0.0
239,72620,0.0
239,72621,0.0
239,72622,0.0
239,72623,0.0
239,72624,0.0
239,72625,0.0
239,72626,0.0
239,72627,0.0
239,72628,0.0
239,72629,0.0
239,72630,0.0
239,72631,0.0
239,72632,0.0
239,72633,0.0
239,72634,0.0
239,72635,0.0
239,72636,0.0
239,72637,0.0
239,72638,0.0
239,72639,0.0
239,72640,0.0
239,72641,0.0
239,72642,0.0
239,72643,0.0
239,72644,0.0
239,72645,0.0
239,72646,0.0
239,72647,0.0
239,72648,0.0
239,72701,0.0
239,72702,0.0
239,72703,0.0
239,72704,0.0
239,72705,0.0
239,72706,0.0
239,72707,0.0
239,72708,0.0
239,72709,0.0
239,72710,0.0
239,72711,0.0
239,72712,0.0
239,72713,0.0
239,72714,0.0
239,72715,0.0
239,72716,0.0
239,72717,0.0
239,72718,0.0
239,72719,0.0
239,72720,0.0
239,72721,0.0
239,72722,0.0
239,72723,0.0
239,72724,0.0
239,72725,0.0
239,72726,0.0
239,72727,0.0
239,72728,0.0
239,72729,0.0
239,72730,0.0
239,72731,0.0
239,72732,0.0
239,72733,0.0
239,72734,0.0
239,72735,0.0
239,72736,0.0
239,72737,0.0
239,72738,0.0
239,72739,0.0
239,72740,0.0
239,72741,0.0
239,72742,0.0
239,72743,0.0
239,72744,0.0
239,72745,0.0
239,72746,0.0
239,72747,0.0
239,72748,0.0
239,72801,0.0
239,72802,0.0
239,72803,0.0
239,72804,0.0
239,72805,0.0
239,72806,0.0
239,72807,0.0
239,72808,0.0
239,72809,0.0
239,72810,0.0
239,72811,0.0
239,72812,0.0
239,72813,0.0
239,72814,0.0
239,72815,0.0
239,72816,0.0
239,72817,0.0
239,72818,0.0
239,72819,0.0
239,72820,0.0
239,72821,0.0
239,72822,0.0
239,72823,0.0
239,72824,0.0
239,72825,0.0
239,72826,0.0
239,72827,0.0
239,72828,0.0
239,72829,0.0
239,72830,0.0
239,72831,0.0
239,72832,0.0
239,72833,0.0
239,72834,0.0
239,72835,0.0
239,72836,0.0
239,72837,0.0
239,72838,0.0
239,72839,0.0
239,72840,0.0
239,72841,0.0
239,72842,0.0
239,72843,0.0
239,72844,0.0
239,72845,0.0
239,72846,0.0
239,72847,0.01
239,72848,0.0
239,72901,0.0
239,72902,0.0
239,72903,0.0
239,72904,0.0
239,72905,0.0
239,72906,0.0
239,72907,0.0
239,72908,0.0
239,72909,0.0
239,72910,0.0
239,72911,0.0
239,72912,0.0
239,72913,0.0
239,72914,0.0
239,72915,0.0
239,72916,0.0
239,72917,0.0
239,72918,0.0
239,72919,0.0
239,72920,0.0
239,72921,0.0
239,72922,0.0
239,72923,0.0
239,72924,0.0
239,72925,0.0
239,72926,0.0
239,72927,0.0
239,72928,0.0
239,72929,0.0
239,72930,0.0
239,72931,0.0
239,72932,0.0
239,72933,0.0
239,72934,0.0
239,72935,0.0
239,72936,0.0
239,72937,0.0
239,72938,0.0
239,72939,0.0
239,72940,0.0
239,72941,0.0
239,72942,0.0
239,72943,0.0
239,72944,0.0
239,72945,0.0
239,72946,0.0
239,72947,0.0
239,72948,0.0
239,73001,0.0
239,73002,0.0
239,73003,0.0
239,73004,0.0
239,73005,0.0
239,73006,0.0
239,73007,0.0
239,73008,0.0
239,73009,0.0
239,73010,0.0
239,73011,0.0
239,73012,0.0
239,73013,0.0
239,73014,0.0
239,73015,0.0
239,73016,0.0
239,73017,0.0
239,73018,0.0
239,73019,0.0
239,73020,0.0
239,73021,0.0
239,73022,0.0
239,73023,0.0
239,73024,0.0
239,73025,0.0
239,73026,0.0
239,73027,0.0
239,73028,0.0
239,73029,0.0
239,73030,0.0
239,73031,0.0
239,73032,0.0
239,73033,0.0
239,73034,0.0
239,73035,0.0
239,73036,0.0
239,73037,0.0
239,73038,0.0
239,73039,0.0
239,73040,0.0
239,73041,0.0
239,73042,0.0
239,73043,0.0
239,73044,0.0
239,73045,0.0
239,73046,0.0
239,73047,0.0
239,73048,0.0
239,73101,0.0
239,73102,0.0
239,73103,0.0
239,73104,0.0
239,73105,0.0
239,73106,0.0
239,73107,0.0
239,73108,0.0
239,73109,0.0
239,73110,0.0
239,73111,0.0
239,73112,0.0
239,73113,0.0
239,73114,0.0
239,73115,0.0
239,73116,0.0
239,73117,0.0
239,73118,0.0
239,73119,0.0
239,73120,0.0
239,73121,0.0
239,73122,0.0
239,73123,0.0
239,73124,0.0
239,73125,0.0
239,73126,0.0
239,73127,0.0
239,73128,0.0
239,73129,0.0
239,73130,0.0
239,73131,0.0
239,73132,0.0
239,73133,0.0
239,73134,0.0
239,73135,0.0
239,73136,0.0
239,73137,0.0
239,73138,0.0
239,73139,0.0
239,73140,0.0
239,73141,0.0
239,73142,0.0
239,73143,0.0
239,73144,0.0
239,73145,0.0
239,73146,0.0
239,73147,0.0
239,73148,0.0
239,73201,0.0
239,73202,0.0
239,73203,0.0
239,73204,0.0
239,73205,0.0
239,73206,0.0
239,73207,0.0
239,73208,0.0
239,73209,0.0
239,73210,0.0
239,73211,0.0
239,73212,0.0
239,73213,0.0
239,73214,0.0
239,73215,0.0
239,73216,0.0
239,73217,0.0
239,73218,0.0
239,73219,0.0
239,73220,0.0
239,73221,0.0
239,73222,0.0
239,73223,0.0
239,73224,0.0
239,73225,0.0
239,73226,0.0
239,73227,0.0
239,73228,0.0
239,73229,0.0
239,73230,0.0
239,73231,0.0
239,73232,0.0
239,73233,0.0
239,73234,0.0
239,73235,0.0
239,73236,0.0
239,73237,0.0
239,73238,0.0
239,73239,0.0
239,73240,0.0
239,73241,0.0
239,73242,0.0
239,73243,0.0
239,73244,0.0
239,73245,0.0
239,73246,0.0
239,73247,0.0
239,73248,0.0
239,73301,0.0
239,73302,0.0
239,73303,0.0
239,73304,0.0
239,73305,0.0
239,73306,0.0
239,73307,0.0
239,73308,0.0
239,73309,0.0
239,73310,0.0
239,73311,0.0
239,73312,0.0
239,73313,0.0
239,73314,0.0
239,73315,0.0
239,73316,0.0
239,73317,0.0
239,73318,0.0
239,73319,0.0
239,73320,0.0
239,73321,0.0
239,73322,0.0
239,73323,0.0
239,73324,0.0
239,73325,0.0
239,73326,0.0
239,73327,0.0
239,73328,0.0
239,73329,0.0
239,73330,0.0
239,73331,0.0
239,73332,0.0
239,73333,0.0
239,73334,0.0
239,73335,0.0
239,73336,0.0
239,73337,0.0
239,73338,0.0
239,73339,0.0
239,73340,0.0
239,73341,0.0
239,73342,0.0
239,73343,0.0
239,73344,0.0
239,73345,0.0
239,73346,0.0
239,73347,0.0
239,73348,0.0
239,73401,0.0
239,73402,0.0
239,73403,0.0
239,73404,0.0
239,73405,0.0
239,73406,0.0
239,73407,0.0
239,73408,0.0
239,73409,0.0
239,73410,0.0
239,73411,0.0
239,73412,0.0
239,73413,0.0
239,73414,0.0
239,73415,0.0
239,73416,0.0
239,73417,0.0
239,73418,0.0
239,73419,0.0
239,73420,0.0
239,73421,0.0
239,73422,0.0
239,73423,0.0
239,73424,0.0
239,73425,0.0
239,73426,0.0
239,73427,0.0
239,73428,0.0
239,73429,0.0
239,73430,0.0
239,73431,0.0
239,73432,0.0
239,73433,0.0
239,73434,0.0
239,73435,0.0
239,73436,0.0
239,73437,0.0
239,73438,0.0
239,73439,0.0
239,73440,0.0
239,73441,0.0
239,73442,0.0
239,73443,0.0
239,73444,0.0
239,73445,0.0
239,73446,0.0
239,73447,0.0
239,73448,0.0
239,73501,0.0
239,73502,0.0
239,73503,0.0
239,73504,0.0
239,73505,0.0
239,73506,0.0
239,73507,0.0
239,73508,0.0
239,73509,0.0
239,73510,0.0
239,73511,0.0
239,73512,0.0
239,73513,0.0
239,73514,0.0
239,73515,0.0
239,73516,0.0
239,73517,0.0
239,73518,0.0
239,73519,0.0
239,73520,0.0
239,73521,0.0
239,73522,0.0
239,73523,0.0
239,73524,0.0
239,73525,0.0
239,73526,0.0
239,73527,0.0
239,73528,0.0
239,73529,0.0
239,73530,0.0
239,73531,0.0
239,73532,0.0
239,73533,0.0
239,73534,0.0
239,73535,0.0
239,73536,0.0
239,73537,0.0
239,73538,0.0
239,73539,0.0
239,73540,0.0
239,73541,0.0
239,73542,0.0
239,73543,0.0
239,73544,0.0
239,73545,0.0
239,73546,0.0
239,73547,0.0
239,73548,0.0
239,73601,0.0
239,73602,0.0
239,73603,0.0
239,73604,0.0
239,73605,0.0
239,73606,0.0
239,73607,0.0
239,73608,0.0
239,73609,0.0
239,73610,0.0
239,73611,0.0
239,73612,0.0
239,73613,0.0
239,73614,0.0
239,73615,0.0
239,73616,0.0
239,73617,0.0
239,73618,0.0
239,73619,0.0
239,73620,0.0
239,73621,0.0
239,73622,0.0
239,73623,0.0
239,73624,0.0
239,73625,0.0
239,73626,0.0
239,73627,0.0
239,73628,0.0
239,73629,0.0
239,73630,0.0
239,73631,0.0
239,73632,0.0
239,73633,0.0
239,73634,0.0
239,73635,0.0
239,73636,0.0
239,73637,0.0
239,73638,0.0
239,73639,0.0
239,73640,0.0
239,73641,0.0
239,73642,0.0
239,73643,0.0
239,73644,0.0
239,73645,0.0
239,73646,0.0
239,73647,0.0
239,73648,0.0
239,73701,0.0
239,73702,0.0
239,73703,0.0
239,73704,0.0
239,73705,0.0
239,73706,0.0
239,73707,0.0
239,73708,0.0
239,73709,0.0
239,73710,0.0
239,73711,0.0
239,73712,0.0
239,73713,0.0
239,73714,0.0
239,73715,0.0
239,73716,0.0
239,73717,0.0
239,73718,0.0
239,73719,0.0
239,73720,0.0
239,73721,0.0
239,73722,0.0
239,73723,0.0
239,73724,0.0
239,73725,0.0
239,73726,0.0
239,73727,0.0
239,73728,0.0
239,73729,0.0
239,73730,0.0
239,73731,0.0
239,73732,0.0
239,73733,0.0
239,73734,0.0
239,73735,0.0
239,73736,0.0
239,73737,0.0
239,73738,0.0
239,73739,0.0
239,73740,0.0
239,73741,0.0
239,73742,0.0
239,73743,0.0
239,73744,0.0
239,73745,0.0
239,73746,0.0
239,73747,0.0
239,73748,0.0
239,73801,0.0
239,73802,0.0
239,73803,0.0
239,73804,0.0
239,73805,0.0
239,73806,0.0
239,73807,0.0
239,73808,0.0
239,73809,0.0
239,73810,0.0
239,73811,0.0
239,73812,0.0
239,73813,0.0
239,73814,0.0
239,73815,0.0
239,73816,0.0
239,73817,0.0
239,73818,0.0
239,73819,0.0
239,73820,0.0
239,73821,0.0
239,73822,0.0
239,73823,0.0
239,73824,0.0
239,73825,0.0
239,73826,0.0
239,73827,0.0
239,73828,0.0
239,73829,0.0
239,73830,0.0
239,73831,0.0
239,73832,0.0
239,73833,0.0
239,73834,0.0
239,73835,0.0
239,73836,0.0
239,73837,0.0
239,73838,0.0
239,73839,0.0
239,73840,0.0
239,73841,0.0
239,73842,0.0
239,73843,0.0
239,73844,0.0
239,73845,0.0
239,73846,0.0
239,73847,0.0
239,73848,0.0
239,73901,0.0
239,73902,0.0
239,73903,0.0
239,73904,0.0
239,73905,0.0
239,73906,0.0
239,73907,0.0
239,73908,0.0
239,73909,0.0
239,73910,0.0
239,73911,0.0
239,73912,0.0
239,73913,0.0
239,73914,0.0
239,73915,0.0
239,73916,0.0
239,73917,0.0
239,73918,0.0
239,73919,0.0
239,73920,0.0
239,73921,0.0
239,73922,0.0
239,73923,0.0
239,73924,0.0
239,73925,0.0
239,73926,0.0
239,73927,0.0
239,73928,0.0
239,73929,0.0
239,73930,0.0
239,73931,0.0
239,73932,0.0
239,73933,0.0
239,73934,0.0
239,73935,0.0
239,73936,0.0
239,73937,0.0
239,73938,0.0
239,73939,0.0
239,73940,0.0
239,73941,0.0
239,73942,0.0
239,73943,0.0
239,73944,0.0
239,73945,0.0
239,73946,0.0
239,73947,0.0
239,73948,0.0
239,74001,0.0
239,74002,0.0
239,74003,0.0
239,74004,0.0
239,74005,0.0
239,74006,0.0
239,74007,0.0
239,74008,0.0
239,74009,0.0
239,74010,0.0
239,74011,0.0
239,74012,0.0
239,74013,0.0
239,74014,0.0
239,74015,0.0
239,74016,0.0
239,74017,0.0
239,74018,0.0
239,74019,0.0
239,74020,0.0
239,74021,0.0
239,74022,0.0
239,74023,0.0
239,74024,0.0
239,74025,0.0
239,74026,0.0
239,74027,0.0
239,74028,0.0
239,74029,0.0
239,74030,0.0
239,74031,0.0
239,74032,0.0
239,74033,0.0
239,74034,0.0
239,74035,0.0
239,74036,0.0
239,74037,0.0
239,74038,0.0
239,74039,0.0
239,74040,0.0
239,74041,0.0
239,74042,0.0
239,74043,0.0
239,74044,0.0
239,74045,0.0
239,74046,0.0
239,74047,0.0
239,74048,0.0
239,74101,0.0
239,74102,0.0
239,74103,0.0
239,74104,0.0
239,74105,0.0
239,74106,0.0
239,74107,0.0
239,74108,0.0
239,74109,0.0
239,74110,0.0
239,74111,0.0
239,74112,0.0
239,74113,0.0
239,74114,0.0
239,74115,0.0
239,74116,0.0
239,74117,0.0
239,74118,0.0
239,74119,0.0
239,74120,0.0
239,74121,0.0
239,74122,0.0
239,74123,0.0
239,74124,0.0
239,74125,0.0
239,74126,0.0
239,74127,0.0
239,74128,0.0
239,74129,0.0
239,74130,0.0
239,74131,0.0
239,74132,0.0
239,74133,0.0
239,74134,0.0
239,74135,0.0
239,74136,0.0
239,74137,0.0
239,74138,0.0
239,74139,0.0
239,74140,0.0
239,74141,0.0
239,74142,0.0
239,74143,0.0
239,74144,0.0
239,74145,0.0
239,74146,0.0
239,74147,0.0
239,74148,0.0
239,74201,0.0
239,74202,0.0
239,74203,0.0
239,74204,0.0
239,74205,0.0
239,74206,0.0
239,74207,0.0
239,74208,0.0
239,74209,0.0
239,74210,0.0
239,74211,0.0
239,74212,0.0
239,74213,0.0
239,74214,0.0
239,74215,0.0
239,74216,0.0
239,74217,0.0
239,74218,0.0
239,74219,0.0
239,74220,0.0
239,74221,0.0
239,74222,0.0
239,74223,0.0
239,74224,0.0
239,74225,0.0
239,74226,0.0
239,74227,0.0
239,74228,0.0
239,74229,0.0
239,74230,0.0
239,74231,0.0
239,74232,0.0
239,74233,0.0
239,74234,0.0
239,74235,0.0
239,74236,0.0
239,74237,0.0
239,74238,0.0
239,74239,0.0
239,74240,0.0
239,74241,0.0
239,74242,0.0
239,74243,0.0
239,74244,0.0
239,74245,0.0
239,74246,0.0
239,74247,0.0
239,74248,0.0
239,74301,0.0
239,74302,0.0
239,74303,0.0
239,74304,0.0
239,74305,0.0
239,74306,0.0
239,74307,0.0
239,74308,0.0
239,74309,0.0
239,74310,0.0
239,74311,0.0
239,74312,0.0
239,74313,0.0
239,74314,0.0
239,74315,0.0
239,74316,0.0
239,74317,0.0
239,74318,0.0
239,74319,0.0
239,74320,0.0
239,74321,0.0
239,74322,0.0
239,74323,0.0
239,74324,0.0
239,74325,0.0
239,74326,0.0
239,74327,0.0
239,74328,0.0
239,74329,0.0
239,74330,0.0
239,74331,0.0
239,74332,0.0
239,74333,0.0
239,74334,0.0
239,74335,0.0
239,74336,0.0
239,74337,0.0
239,74338,0.0
239,74339,0.0
239,74340,0.0
239,74341,0.0
239,74342,0.0
239,74343,0.0
239,74344,0.0
239,74345,0.0
239,74346,0.0
239,74347,0.0
239,74348,0.0
239,74401,0.0
239,74402,0.0
239,74403,0.0
239,74404,0.0
239,74405,0.0
239,74406,0.0
239,74407,0.0
239,74408,0.0
239,74409,0.0
239,74410,0.0
239,74411,0.0
239,74412,0.0
239,74413,0.0
239,74414,0.0
239,74415,0.0
239,74416,0.0
239,74417,0.0
239,74418,0.0
239,74419,0.0
239,74420,0.0
239,74421,0.0
239,74422,0.0
239,74423,0.0
239,74424,0.0
239,74425,0.0
239,74426,0.0
239,74427,0.0
239,74428,0.0
239,74429,0.0
239,74430,0.0
239,74431,0.0
239,74432,0.0
239,74433,0.0
239,74434,0.0
239,74435,0.0
239,74436,0.0
239,74437,0.0
239,74438,0.0
239,74439,0.0
239,74440,0.0
239,74441,0.0
239,74442,0.0
239,74443,0.0
239,74444,0.0
239,74445,0.0
239,74446,0.0
239,74447,0.0
239,74448,0.0
239,74501,0.0
239,74502,0.0
239,74503,0.0
239,74504,0.0
239,74505,0.0
239,74506,0.0
239,74507,0.0
239,74508,0.0
239,74509,0.0
239,74510,0.0
239,74511,0.0
239,74512,0.0
239,74513,0.0
239,74514,0.0
239,74515,0.0
239,74516,0.01
239,74517,0.0
239,74518,0.0
239,74519,0.0
239,74520,0.0
239,74521,0.0
239,74522,0.0
239,74523,0.0
239,74524,0.0
239,74525,0.0
239,74526,0.0
239,74527,0.0
239,74528,0.0
239,74529,0.0
239,74530,0.0
239,74531,0.0
239,74532,0.0
239,74533,0.0
239,74534,0.0
239,74535,0.0
239,74536,0.0
239,74537,0.0
239,74538,0.0
239,74539,0.0
239,74540,0.0
239,74541,0.0
239,74542,0.0
239,74543,0.0
239,74544,0.0
239,74545,0.0
239,74546,0.0
239,74547,0.0
239,74548,0.0
239,74601,0.0
239,74602,0.0
239,74603,0.0
239,74604,0.0
239,74605,0.0
239,74606,0.0
239,74607,0.0
239,74608,0.0
239,74609,0.0
239,74610,0.0
239,74611,0.0
239,74612,0.0
239,74613,0.0
239,74614,0.0
239,74615,0.0
239,74616,0.0
239,74617,0.0
239,74618,0.0
239,74619,0.0
239,74620,0.0
239,74621,0.0
239,74622,0.0
239,74623,0.0
239,74624,0.0
239,74625,0.0
239,74626,0.0
239,74627,0.0
239,74628,0.0
239,74629,0.0
239,74630,0.0
239,74631,0.0
239,74632,0.0
239,74633,0.0
239,74634,0.0
239,74635,0.0
239,74636,0.0
239,74637,0.0
239,74638,0.0
239,74639,0.0
239,74640,0.0
239,74641,0.0
239,74642,0.0
239,74643,0.0
239,74644,0.0
239,74645,0.0
239,74646,0.0
239,74647,0.0
239,74648,0.0
239,74701,0.0
239,74702,0.0
239,74703,0.0
239,74704,0.0
239,74705,0.0
239,74706,0.0
239,74707,0.0
239,74708,0.0
239,74709,0.0
239,74710,0.0
239,74711,0.0
239,74712,0.0
239,74713,0.0
239,74714,0.0
239,74715,0.0
239,74716,0.0
239,74717,0.0
239,74718,0.0
239,74719,0.0
239,74720,0.0
239,74721,0.0
239,74722,0.0
239,74723,0.0
239,74724,0.0
239,74725,0.0
239,74726,0.0
239,74727,0.0
239,74728,0.0
239,74729,0.0
239,74730,0.0
239,74731,0.0
239,74732,0.0
239,74733,0.0
239,74734,0.0
239,74735,0.0
239,74736,0.0
239,74737,0.0
239,74738,0.0
239,74739,0.0
239,74740,0.0
239,74741,0.0
239,74742,0.0
239,74743,0.0
239,74744,0.0
239,74745,0.0
239,74746,0.0
239,74747,0.0
239,74748,0.0
239,74801,0.0
239,74802,0.0
239,74803,0.0
239,74804,0.0
239,74805,0.0
239,74806,0.0
239,74807,0.0
239,74808,0.0
239,74809,0.0
239,74810,0.0
239,74811,0.0
239,74812,0.0
239,74813,0.0
239,74814,0.0
239,74815,0.0
239,74816,0.0
239,74817,0.0
239,74818,0.0
239,74819,0.0
239,74820,0.0
239,74821,0.0
239,74822,0.0
239,74823,0.0
239,74824,0.0
239,74825,0.0
239,74826,0.0
239,74827,0.0
239,74828,0.0
239,74829,0.0
239,74830,0.0
239,74831,0.0
239,74832,0.0
239,74833,0.0
239,74834,0.0
239,74835,0.0
239,74836,0.0
239,74837,0.0
239,74838,0.0
239,74839,0.0
239,74840,0.0
239,74841,0.0
239,74842,0.0
239,74843,0.0
239,74844,0.0
239,74845,0.0
239,74846,0.0
239,74847,0.0
239,74848,0.0
239,74901,0.0
239,74902,0.0
239,74903,0.0
239,74904,0.0
239,74905,0.0
239,74906,0.0
239,74907,0.0
239,74908,0.0
239,74909,0.0
239,74910,0.0
239,74911,0.0
239,74912,0.0
239,74913,0.0
239,74914,0.0
239,74915,0.0
239,74916,0.0
239,74917,0.0
239,74918,0.0
239,74919,0.0
239,74920,0.0
239,74921,0.0
239,74922,0.0
239,74923,0.0
239,74924,0.0
239,74925,0.0
239,74926,0.0
239,74927,0.0
239,74928,0.0
239,74929,0.0
239,74930,0.0
239,74931,0.0
239,74932,0.0
239,74933,0.0
239,74934,0.0
239,74935,0.0
239,74936,0.0
239,74937,0.0
239,74938,0.0
239,74939,0.0
239,74940,0.0
239,74941,0.0
239,74942,0.0
239,74943,0.0
239,74944,0.0
239,74945,0.0
239,74946,0.0
239,74947,0.0
239,74948,0.0
239,75001,0.0
239,75002,0.0
239,75003,0.0
239,75004,0.0
239,75005,0.0
239,75006,0.0
239,75007,0.0
239,75008,0.0
239,75009,0.0
239,75010,0.0
239,75011,0.0
239,75012,0.0
239,75013,0.0
239,75014,0.0
239,75015,0.0
239,75016,0.0
239,75017,0.0
239,75018,0.0
239,75019,0.0
239,75020,0.0
239,75021,0.0
239,75022,0.0
239,75023,0.0
239,75024,0.0
239,75025,0.0
239,75026,0.0
239,75027,0.0
239,75028,0.0
239,75029,0.0
239,75030,0.0
239,75031,0.0
239,75032,0.0
239,75033,0.0
239,75034,0.0
239,75035,0.0
239,75036,0.0
239,75037,0.0
239,75038,0.0
239,75039,0.0
239,75040,0.0
239,75041,0.0
239,75042,0.0
239,75043,0.0
239,75044,0.0
239,75045,0.0
239,75046,0.0
239,75047,0.0
239,75048,0.0
239,75101,0.0
239,75102,0.0
239,75103,0.0
239,75104,0.0
239,75105,0.0
239,75106,0.0
239,75107,0.0
239,75108,0.0
239,75109,0.0
239,75110,0.0
239,75111,0.0
239,75112,0.0
239,75113,0.0
239,75114,0.0
239,75115,0.0
239,75116,0.0
239,75117,0.0
239,75118,0.0
239,75119,0.0
239,75120,0.0
239,75121,0.0
239,75122,0.0
239,75123,0.0
239,75124,0.0
239,75125,0.0
239,75126,0.0
239,75127,0.0
239,75128,0.0
239,75129,0.0
239,75130,0.0
239,75131,0.0
239,75132,0.0
239,75133,0.0
239,75134,0.0
239,75135,0.0
239,75136,0.0
239,75137,0.0
239,75138,0.0
239,75139,0.0
239,75140,0.0
239,75141,0.0
239,75142,0.0
239,75143,0.0
239,75144,0.0
239,75145,0.0
239,75146,0.0
239,75147,0.0
239,75148,0.0
239,75201,0.0
239,75202,0.0
239,75203,0.0
239,75204,0.0
239,75205,0.0
239,75206,0.0
239,75207,0.0
239,75208,0.0
239,75209,0.0
239,75210,0.0
239,75211,0.0
239,75212,0.0
239,75213,0.0
239,75214,0.0
239,75215,0.0
239,75216,0.0
239,75217,0.0
239,75218,0.0
239,75219,0.0
239,75220,0.0
239,75221,0.0
239,75222,0.0
239,75223,0.0
239,75224,0.0
239,75225,0.0
239,75226,0.0
239,75227,0.0
239,75228,0.0
239,75229,0.0
239,75230,0.0
239,75231,0.0
239,75232,0.0
239,75233,0.0
239,75234,0.0
239,75235,0.0
239,75236,0.0
239,75237,0.0
239,75238,0.0
239,75239,0.0
239,75240,0.0
239,75241,0.0
239,75242,0.0
239,75243,0.0
239,75244,0.0
239,75245,0.0
239,75246,0.0
239,75247,0.0
239,75248,0.0
239,75301,0.0
239,75302,0.0
239,75303,0.0
239,75304,0.0
239,75305,0.0
239,75306,0.0
239,75307,0.0
239,75308,0.0
239,75309,0.0
239,75310,0.0
239,75311,0.0
239,75312,0.0
239,75313,0.0
239,75314,0.0
239,75315,0.0
239,75316,0.0
239,75317,0.0
239,75318,0.0
239,75319,0.0
239,75320,0.0
239,75321,0.0
239,75322,0.0
239,75323,0.0
239,75324,0.0
239,75325,0.0
239,75326,0.0
239,75327,0.0
239,75328,0.0
239,75329,0.0
239,75330,0.0
239,75331,0.0
239,75332,0.0
239,75333,0.0
239,75334,0.0
239,75335,0.0
239,75336,0.0
239,75337,0.0
239,75338,0.0
239,75339,0.0
239,75340,0.0
239,75341,0.0
239,75342,0.0
239,75343,0.0
239,75344,0.0
239,75345,0.0
239,75346,0.0
239,75347,0.0
239,75348,0.0
239,75401,0.0
239,75402,0.0
239,75403,0.0
239,75404,0.0
239,75405,0.0
239,75406,0.0
239,75407,0.0
239,75408,0.0
239,75409,0.0
239,75410,0.0
239,75411,0.0
239,75412,0.0
239,75413,0.0
239,75414,0.0
239,75415,0.0
239,75416,0.0
239,75417,0.0
239,75418,0.0
239,75419,0.0
239,75420,0.0
239,75421,0.0
239,75422,0.0
239,75423,0.0
239,75424,0.0
239,75425,0.0
239,75426,0.0
239,75427,0.0
239,75428,0.0
239,75429,0.0
239,75430,0.0
239,75431,0.0
239,75432,0.0
239,75433,0.0
239,75434,0.0
239,75435,0.0
239,75436,0.0
239,75437,0.0
239,75438,0.0
239,75439,0.0
239,75440,0.0
239,75441,0.0
239,75442,0.0
239,75443,0.0
239,75444,0.0
239,75445,0.0
239,75446,0.0
239,75447,0.0
239,75448,0.0
239,75501,0.0
239,75502,0.0
239,75503,0.0
239,75504,0.0
239,75505,0.0
239,75506,0.0
239,75507,0.0
239,75508,0.0
239,75509,0.0
239,75510,0.0
239,75511,0.0
239,75512,0.0
239,75513,0.0
239,75514,0.0
239,75515,0.01
239,75516,0.0
239,75517,0.0
239,75518,0.0
239,75519,0.0
239,75520,0.0
239,75521,0.0
239,75522,0.0
239,75523,0.0
239,75524,0.0
239,75525,0.0
239,75526,0.0
239,75527,0.0
239,75528,0.0
239,75529,0.0
239,75530,0.0
239,75531,0.0
239,75532,0.0
239,75533,0.0
239,75534,0.0
239,75535,0.0
239,75536,0.0
239,75537,0.0
239,75538,0.0
239,75539,0.0
239,75540,0.0
239,75541,0.0
239,75542,0.0
239,75543,0.0
239,75544,0.0
239,75545,0.0
239,75546,0.0
239,75547,0.0
239,75548,0.0
239,75601,0.0
239,75602,0.0
239,75603,0.0
239,75604,0.0
239,75605,0.0
239,75606,0.0
239,75607,0.0
239,75608,0.0
239,75609,0.0
239,75610,0.0
239,75611,0.0
239,75612,0.0
239,75613,0.0
239,75614,0.0
239,75615,0.0
239,75616,0.0
239,75617,0.0
239,75618,0.0
239,75619,0.0
239,75620,0.0
239,75621,0.0
239,75622,0.0
239,75623,0.0
239,75624,0.0
239,75625,0.0
239,75626,0.0
239,75627,0.0
239,75628,0.0
239,75629,0.0
239,75630,0.0
239,75631,0.0
239,75632,0.0
239,75633,0.0
239,75634,0.0
239,75635,0.0
239,75636,0.0
239,75637,0.0
239,75638,0.0
239,75639,0.0
239,75640,0.0
239,75641,0.0
239,75642,0.0
239,75643,0.0
239,75644,0.0
239,75645,0.0
239,75646,0.0
239,75647,0.0
239,75648,0.0
239,75701,0.0
239,75702,0.0
239,75703,0.0
239,75704,0.0
239,75705,0.0
239,75706,0.0
239,75707,0.0
239,75708,0.0
239,75709,0.0
239,75710,0.0
239,75711,0.0
239,75712,0.0
239,75713,0.0
239,75714,0.0
239,75715,0.0
239,75716,0.0
239,75717,0.0
239,75718,0.0
239,75719,0.0
239,75720,0.0
239,75721,0.0
239,75722,0.0
239,75723,0.0
239,75724,0.0
239,75725,0.0
239,75726,0.0
239,75727,0.0
239,75728,0.0
239,75729,0.0
239,75730,0.0
239,75731,0.0
239,75732,0.0
239,75733,0.0
239,75734,0.0
239,75735,0.0
239,75736,0.0
239,75737,0.0
239,75738,0.0
239,75739,0.0
239,75740,0.0
239,75741,0.0
239,75742,0.0
239,75743,0.0
239,75744,0.0
239,75745,0.0
239,75746,0.0
239,75747,0.0
239,75748,0.0
239,75801,0.0
239,75802,0.0
239,75803,0.0
239,75804,0.0
239,75805,0.0
239,75806,0.0
239,75807,0.0
239,75808,0.0
239,75809,0.0
239,75810,0.0
239,75811,0.0
239,75812,0.0
239,75813,0.0
239,75814,0.0
239,75815,0.0
239,75816,0.0
239,75817,0.0
239,75818,0.0
239,75819,0.0
239,75820,0.0
239,75821,0.0
239,75822,0.0
239,75823,0.0
239,75824,0.0
239,75825,0.0
239,75826,0.0
239,75827,0.0
239,75828,0.0
239,75829,0.0
239,75830,0.0
239,75831,0.0
239,75832,0.0
239,75833,0.0
239,75834,0.0
239,75835,0.0
239,75836,0.0
239,75837,0.0
239,75838,0.0
239,75839,0.0
239,75840,0.0
239,75841,0.0
239,75842,0.0
239,75843,0.0
239,75844,0.0
239,75845,0.0
239,75846,0.0
239,75847,0.0
239,75848,0.0
239,75901,0.0
239,75902,0.0
239,75903,0.0
239,75904,0.0
239,75905,0.0
239,75906,0.0
239,75907,0.0
239,75908,0.0
239,75909,0.0
239,75910,0.0
239,75911,0.0
239,75912,0.0
239,75913,0.0
239,75914,0.0
239,75915,0.0
239,75916,0.0
239,75917,0.0
239,75918,0.0
239,75919,0.0
239,75920,0.0
239,75921,0.0
239,75922,0.0
239,75923,0.0
239,75924,0.0
239,75925,0.0
239,75926,0.0
239,75927,0.0
239,75928,0.0
239,75929,0.0
239,75930,0.0
239,75931,0.0
239,75932,0.0
239,75933,0.0
239,75934,0.0
239,75935,0.0
239,75936,0.0
239,75937,0.0
239,75938,0.0
239,75939,0.0
239,75940,0.0
239,75941,0.0
239,75942,0.0
239,75943,0.0
239,75944,0.0
239,75945,0.0
239,75946,0.0
239,75947,0.0
239,75948,0.0
239,76001,0.0
239,76002,0.0
239,76003,0.0
239,76004,0.0
239,76005,0.0
239,76006,0.0
239,76007,0.0
239,76008,0.0
239,76009,0.0
239,76010,0.0
239,76011,0.0
239,76012,0.0
239,76013,0.0
239,76014,0.0
239,76015,0.0
239,76016,0.0
239,76017,0.0
239,76018,0.0
239,76019,0.0
239,76020,0.0
239,76021,0.0
239,76022,0.0
239,76023,0.0
239,76024,0.0
239,76025,0.0
239,76026,0.0
239,76027,0.0
239,76028,0.0
239,76029,0.0
239,76030,0.0
239,76031,0.0
239,76032,0.0
239,76033,0.0
239,76034,0.0
239,76035,0.0
239,76036,0.0
239,76037,0.0
239,76038,0.0
239,76039,0.0
239,76040,0.0
239,76041,0.0
239,76042,0.0
239,76043,0.0
239,76044,0.0
239,76045,0.0
239,76046,0.0
239,76047,0.0
239,76048,0.0
239,76101,0.0
239,76102,0.0
239,76103,0.0
239,76104,0.0
239,76105,0.0
239,76106,0.0
239,76107,0.0
239,76108,0.0
239,76109,0.0
239,76110,0.0
239,76111,0.0
239,76112,0.0
239,76113,0.0
239,76114,0.0
239,76115,0.0
239,76116,0.0
239,76117,0.0
239,76118,0.0
239,76119,0.0
239,76120,0.0
239,76121,0.0
239,76122,0.0
239,76123,0.0
239,76124,0.0
239,76125,0.0
239,76126,0.0
239,76127,0.0
239,76128,0.0
239,76129,0.0
239,76130,0.0
239,76131,0.0
239,76132,0.0
239,76133,0.0
239,76134,0.0
239,76135,0.0
239,76136,0.0
239,76137,0.0
239,76138,0.0
239,76139,0.0
239,76140,0.0
239,76141,0.0
239,76142,0.0
239,76143,0.0
239,76144,0.0
239,76145,0.0
239,76146,0.0
239,76147,0.0
239,76148,0.0
239,76201,0.0
239,76202,0.0
239,76203,0.0
239,76204,0.0
239,76205,0.0
239,76206,0.0
239,76207,0.0
239,76208,0.0
239,76209,0.0
239,76210,0.0
239,76211,0.0
239,76212,0.0
239,76213,0.0
239,76214,0.0
239,76215,0.0
239,76216,0.0
239,76217,0.0
239,76218,0.0
239,76219,0.0
239,76220,0.0
239,76221,0.0
239,76222,0.0
239,76223,0.0
239,76224,0.0
239,76225,0.0
239,76226,0.0
239,76227,0.0
239,76228,0.0
239,76229,0.0
239,76230,0.0
239,76231,0.0
239,76232,0.0
239,76233,0.0
239,76234,0.0
239,76235,0.0
239,76236,0.0
239,76237,0.0
239,76238,0.0
239,76239,0.0
239,76240,0.0
239,76241,0.0
239,76242,0.0
239,76243,0.0
239,76244,0.0
239,76245,0.0
239,76246,0.0
239,76247,0.0
239,76248,0.0
239,76301,0.0
239,76302,0.0
239,76303,0.0
239,76304,0.0
239,76305,0.0
239,76306,0.0
239,76307,0.0
239,76308,0.0
239,76309,0.0
239,76310,0.0
239,76311,0.0
239,76312,0.0
239,76313,0.0
239,76314,0.0
239,76315,0.0
239,76316,0.0
239,76317,0.0
239,76318,0.0
239,76319,0.0
239,76320,0.0
239,76321,0.0
239,76322,0.0
239,76323,0.0
239,76324,0.0
239,76325,0.0
239,76326,0.0
239,76327,0.0
239,76328,0.0
239,76329,0.0
239,76330,0.0
239,76331,0.0
239,76332,0.0
239,76333,0.0
239,76334,0.0
239,76335,0.0
239,76336,0.0
239,76337,0.0
239,76338,0.0
239,76339,0.0
239,76340,0.0
239,76341,0.0
239,76342,0.0
239,76343,0.0
239,76344,0.0
239,76345,0.0
239,76346,0.0
239,76347,0.0
239,76348,0.0
239,76401,0.0
239,76402,0.0
239,76403,0.0
239,76404,0.0
239,76405,0.0
239,76406,0.01
239,76407,0.0
239,76408,0.0
239,76409,0.0
239,76410,0.0
239,76411,0.0
239,76412,0.0
239,76413,0.0
239,76414,0.0
239,76415,0.0
239,76416,0.0
239,76417,0.0
239,76418,0.0
239,76419,0.0
239,76420,0.0
239,76421,0.0
239,76422,0.0
239,76423,0.0
239,76424,0.0
239,76425,0.0
239,76426,0.0
239,76427,0.0
239,76428,0.0
239,76429,0.0
239,76430,0.0
239,76431,0.0
239,76432,0.0
239,76433,0.0
239,76434,0.0
239,76435,0.0
239,76436,0.0
239,76437,0.0
239,76438,0.0
239,76439,0.0
239,76440,0.0
239,76441,0.0
239,76442,0.0
239,76443,0.0
239,76444,0.0
239,76445,0.0
239,76446,0.0
239,76447,0.0
239,76448,0.0
239,76501,0.0
239,76502,0.0
239,76503,0.0
239,76504,0.0
239,76505,0.0
239,76506,0.0
239,76507,0.0
239,76508,0.0
239,76509,0.0
239,76510,0.0
239,76511,0.0
239,76512,0.0
239,76513,0.0
239,76514,0.0
239,76515,0.0
239,76516,0.0
239,76517,0.0
239,76518,0.0
239,76519,0.0
239,76520,0.0
239,76521,0.0
239,76522,0.0
239,76523,0.0
239,76524,0.0
239,76525,0.0
239,76526,0.0
239,76527,0.0
239,76528,0.0
239,76529,0.0
239,76530,0.0
239,76531,0.0
239,76532,0.0
239,76533,0.0
239,76534,0.0
239,76535,0.0
239,76536,0.0
239,76537,0.0
239,76538,0.0
239,76539,0.0
239,76540,0.0
239,76541,0.0
239,76542,0.0
239,76543,0.0
239,76544,0.0
239,76545,0.0
239,76546,0.0
239,76547,0.0
239,76548,0.0
239,76601,0.0
239,76602,0.0
239,76603,0.0
239,76604,0.0
239,76605,0.0
239,76606,0.0
239,76607,0.0
239,76608,0.0
239,76609,0.0
239,76610,0.0
239,76611,0.0
239,76612,0.0
239,76613,0.0
239,76614,0.0
239,76615,0.0
239,76616,0.0
239,76617,0.0
239,76618,0.0
239,76619,0.0
239,76620,0.0
239,76621,0.0
239,76622,0.0
239,76623,0.0
239,76624,0.0
239,76625,0.0
239,76626,0.0
239,76627,0.0
239,76628,0.0
239,76629,0.0
239,76630,0.0
239,76631,0.0
239,76632,0.0
239,76633,0.0
239,76634,0.0
239,76635,0.0
239,76636,0.0
239,76637,0.0
239,76638,0.0
239,76639,0.0
239,76640,0.0
239,76641,0.0
239,76642,0.0
239,76643,0.0
239,76644,0.0
239,76645,0.0
239,76646,0.0
239,76647,0.0
239,76648,0.0
239,76701,0.0
239,76702,0.0
239,76703,0.0
239,76704,0.0
239,76705,0.0
239,76706,0.0
239,76707,0.0
239,76708,0.0
239,76709,0.0
239,76710,0.0
239,76711,0.0
239,76712,0.0
239,76713,0.0
239,76714,0.0
239,76715,0.0
239,76716,0.0
239,76717,0.0
239,76718,0.0
239,76719,0.0
239,76720,0.0
239,76721,0.0
239,76722,0.0
239,76723,0.0
239,76724,0.0
239,76725,0.0
239,76726,0.0
239,76727,0.0
239,76728,0.0
239,76729,0.0
239,76730,0.0
239,76731,0.0
239,76732,0.0
239,76733,0.0
239,76734,0.0
239,76735,0.0
239,76736,0.0
239,76737,0.0
239,76738,0.0
239,76739,0.0
239,76740,0.0
239,76741,0.0
239,76742,0.0
239,76743,0.0
239,76744,0.0
239,76745,0.0
239,76746,0.0
239,76747,0.0
239,76748,0.0
239,76801,0.0
239,76802,0.0
239,76803,0.0
239,76804,0.0
239,76805,0.0
239,76806,0.0
239,76807,0.0
239,76808,0.0
239,76809,0.0
239,76810,0.0
239,76811,0.0
239,76812,0.0
239,76813,0.0
239,76814,0.0
239,76815,0.0
239,76816,0.0
239,76817,0.0
239,76818,0.0
239,76819,0.0
239,76820,0.0
239,76821,0.0
239,76822,0.0
239,76823,0.0
239,76824,0.0
239,76825,0.0
239,76826,0.0
239,76827,0.0
239,76828,0.0
239,76829,0.0
239,76830,0.0
239,76831,0.0
239,76832,0.0
239,76833,0.0
239,76834,0.0
239,76835,0.0
239,76836,0.0
239,76837,0.0
239,76838,0.0
239,76839,0.0
239,76840,0.0
239,76841,0.0
239,76842,0.0
239,76843,0.0
239,76844,0.0
239,76845,0.0
239,76846,0.0
239,76847,0.0
239,76848,0.0
239,76901,0.0
239,76902,0.0
239,76903,0.0
239,76904,0.0
239,76905,0.0
239,76906,0.0
239,76907,0.0
239,76908,0.0
239,76909,0.0
239,76910,0.0
239,76911,0.0
239,76912,0.0
239,76913,0.0
239,76914,0.0
239,76915,0.0
239,76916,0.0
239,76917,0.0
239,76918,0.0
239,76919,0.0
239,76920,0.0
239,76921,0.0
239,76922,0.0
239,76923,0.0
239,76924,0.0
239,76925,0.0
239,76926,0.0
239,76927,0.0
239,76928,0.0
239,76929,0.0
239,76930,0.0
239,76931,0.0
239,76932,0.0
239,76933,0.0
239,76934,0.0
239,76935,0.0
239,76936,0.0
239,76937,0.0
239,76938,0.0
239,76939,0.0
239,76940,0.0
239,76941,0.0
239,76942,0.0
239,76943,0.0
239,76944,0.0
239,76945,0.0
239,76946,0.0
239,76947,0.0
239,76948,0.0
239,77001,0.0
239,77002,0.0
239,77003,0.0
239,77004,0.0
239,77005,0.0
239,77006,0.0
239,77007,0.0
239,77008,0.0
239,77009,0.0
239,77010,0.0
239,77011,0.0
239,77012,0.0
239,77013,0.0
239,77014,0.0
239,77015,0.0
239,77016,0.0
239,77017,0.0
239,77018,0.0
239,77019,0.0
239,77020,0.0
239,77021,0.0
239,77022,0.0
239,77023,0.0
239,77024,0.0
239,77025,0.0
239,77026,0.0
239,77027,0.0
239,77028,0.0
239,77029,0.0
239,77030,0.0
239,77031,0.0
239,77032,0.0
239,77033,0.0
239,77034,0.0
239,77035,0.0
239,77036,0.0
239,77037,0.0
239,77038,0.0
239,77039,0.0
239,77040,0.0
239,77041,0.0
239,77042,0.0
239,77043,0.0
239,77044,0.0
239,77045,0.0
239,77046,0.0
239,77047,0.0
239,77048,0.0
239,77101,0.0
239,77102,0.0
239,77103,0.0
239,77104,0.0
239,77105,0.0
239,77106,0.0
239,77107,0.0
239,77108,0.01
239,77109,0.0
239,77110,0.0
239,77111,0.0
239,77112,0.0
239,77113,0.0
239,77114,0.0
239,77115,0.0
239,77116,0.0
239,77117,0.0
239,77118,0.0
239,77119,0.0
239,77120,0.0
239,77121,0.0
239,77122,0.0
239,77123,0.0
239,77124,0.0
239,77125,0.0
239,77126,0.0
239,77127,0.0
239,77128,0.0
239,77129,0.0
239,77130,0.0
239,77131,0.0
239,77132,0.0
239,77133,0.0
239,77134,0.0
239,77135,0.0
239,77136,0.0
239,77137,0.0
239,77138,0.0
239,77139,0.0
239,77140,0.0
239,77141,0.0
239,77142,0.0
239,77143,0.0
239,77144,0.0
239,77145,0.0
239,77146,0.0
239,77147,0.0
239,77148,0.0
239,77201,0.0
239,77202,0.0
239,77203,0.0
239,77204,0.0
239,77205,0.0
239,77206,0.0
239,77207,0.0
239,77208,0.0
239,77209,0.0
239,77210,0.0
239,77211,0.0
239,77212,0.0
239,77213,0.0
239,77214,0.0
239,77215,0.0
239,77216,0.0
239,77217,0.0
239,77218,0.0
239,77219,0.0
239,77220,0.0
239,77221,0.0
239,77222,0.0
239,77223,0.0
239,77224,0.0
239,77225,0.0
239,77226,0.0
239,77227,0.0
239,77228,0.0
239,77229,0.0
239,77230,0.0
239,77231,0.0
239,77232,0.0
239,77233,0.0
239,77234,0.0
239,77235,0.0
239,77236,0.0
239,77237,0.0
239,77238,0.0
239,77239,0.0
239,77240,0.0
239,77241,0.0
239,77242,0.0
239,77243,0.0
239,77244,0.0
239,77245,0.0
239,77246,0.0
239,77247,0.0
239,77248,0.0
239,77301,0.0
239,77302,0.0
239,77303,0.0
239,77304,0.0
239,77305,0.0
239,77306,0.0
239,77307,0.0
239,77308,0.0
239,77309,0.0
239,77310,0.0
239,77311,0.0
239,77312,0.0
239,77313,0.0
239,77314,0.0
239,77315,0.0
239,77316,0.0
239,77317,0.0
239,77318,0.0
239,77319,0.0
239,77320,0.0
239,77321,0.0
239,77322,0.0
239,77323,0.0
239,77324,0.0
239,77325,0.0
239,77326,0.0
239,77327,0.0
239,77328,0.0
239,77329,0.0
239,77330,0.0
239,77331,0.0
239,77332,0.0
239,77333,0.0
239,77334,0.0
239,77335,0.0
239,77336,0.0
239,77337,0.0
239,77338,0.0
239,77339,0.0
239,77340,0.0
239,77341,0.0
239,77342,0.0
239,77343,0.0
239,77344,0.0
239,77345,0.0
239,77346,0.0
239,77347,0.0
239,77348,0.0
239,77401,0.0
239,77402,0.0
239,77403,0.0
239,77404,0.0
239,77405,0.0
239,77406,0.0
239,77407,0.0
239,77408,0.0
239,77409,0.0
239,77410,0.0
239,77411,0.0
239,77412,0.0
239,77413,0.0
239,77414,0.0
239,77415,0.0
239,77416,0.0
239,77417,0.0
239,77418,0.0
239,77419,0.0
239,77420,0.0
239,77421,0.0
239,77422,0.0
239,77423,0.0
239,77424,0.0
239,77425,0.0
239,77426,0.0
239,77427,0.0
239,77428,0.0
239,77429,0.0
239,77430,0.0
239,77431,0.0
239,77432,0.0
239,77433,0.0
239,77434,0.0
239,77435,0.0
239,77436,0.0
239,77437,0.0
239,77438,0.0
239,77439,0.0
239,77440,0.0
239,77441,0.0
239,77442,0.0
239,77443,0.0
239,77444,0.0
239,77445,0.0
239,77446,0.0
239,77447,0.0
239,77448,0.0
239,77501,0.0
239,77502,0.0
239,77503,0.0
239,77504,0.0
239,77505,0.0
239,77506,0.0
239,77507,0.0
239,77508,0.0
239,77509,0.0
239,77510,0.0
239,77511,0.0
239,77512,0.0
239,77513,0.0
239,77514,0.0
239,77515,0.0
239,77516,0.0
239,77517,0.0
239,77518,0.0
239,77519,0.0
239,77520,0.0
239,77521,0.0
239,77522,0.0
239,77523,0.0
239,77524,0.0
239,77525,0.0
239,77526,0.0
239,77527,0.0
239,77528,0.0
239,77529,0.0
239,77530,0.0
239,77531,0.0
239,77532,0.0
239,77533,0.0
239,77534,0.0
239,77535,0.0
239,77536,0.0
239,77537,0.0
239,77538,0.0
239,77539,0.0
239,77540,0.0
239,77541,0.0
239,77542,0.0
239,77543,0.0
239,77544,0.0
239,77545,0.0
239,77546,0.0
239,77547,0.0
239,77548,0.0
239,77601,0.0
239,77602,0.0
239,77603,0.0
239,77604,0.0
239,77605,0.0
239,77606,0.0
239,77607,0.0
239,77608,0.0
239,77609,0.0
239,77610,0.0
239,77611,0.0
239,77612,0.0
239,77613,0.0
239,77614,0.0
239,77615,0.0
239,77616,0.0
239,77617,0.0
239,77618,0.0
239,77619,0.0
239,77620,0.0
239,77621,0.0
239,77622,0.0
239,77623,0.0
239,77624,0.0
239,77625,0.0
239,77626,0.0
239,77627,0.0
239,77628,0.0
239,77629,0.0
239,77630,0.0
239,77631,0.0
239,77632,0.0
239,77633,0.0
239,77634,0.0
239,77635,0.0
239,77636,0.0
239,77637,0.0
239,77638,0.0
239,77639,0.0
239,77640,0.0
239,77641,0.0
239,77642,0.0
239,77643,0.0
239,77644,0.0
239,77645,0.0
239,77646,0.0
239,77647,0.0
239,77648,0.0
239,77701,0.0
239,77702,0.0
239,77703,0.0
239,77704,0.0
239,77705,0.0
239,77706,0.0
239,77707,0.0
239,77708,0.0
239,77709,0.0
239,77710,0.0
239,77711,0.0
239,77712,0.0
239,77713,0.0
239,77714,0.0
239,77715,0.0
239,77716,0.0
239,77717,0.0
239,77718,0.0
239,77719,0.0
239,77720,0.0
239,77721,0.0
239,77722,0.0
239,77723,0.0
239,77724,0.0
239,77725,0.0
239,77726,0.0
239,77727,0.0
239,77728,0.0
239,77729,0.0
239,77730,0.0
239,77731,0.0
239,77732,0.0
239,77733,0.0
239,77734,0.0
239,77735,0.0
239,77736,0.0
239,77737,0.0
239,77738,0.0
239,77739,0.0
239,77740,0.0
239,77741,0.0
239,77742,0.0
239,77743,0.0
239,77744,0.0
239,77745,0.0
239,77746,0.0
239,77747,0.0
239,77748,0.0
239,77801,0.0
239,77802,0.0
239,77803,0.0
239,77804,0.0
239,77805,0.0
239,77806,0.0
239,77807,0.0
239,77808,0.0
239,77809,0.0
239,77810,0.0
239,77811,0.0
239,77812,0.0
239,77813,0.0
239,77814,0.0
239,77815,0.0
239,77816,0.0
239,77817,0.0
239,77818,0.0
239,77819,0.0
239,77820,0.0
239,77821,0.0
239,77822,0.0
239,77823,0.0
239,77824,0.0
239,77825,0.0
239,77826,0.0
239,77827,0.0
239,77828,0.0
239,77829,0.0
239,77830,0.0
239,77831,0.0
239,77832,0.0
239,77833,0.0
239,77834,0.0
239,77835,0.0
239,77836,0.0
239,77837,0.0
239,77838,0.0
239,77839,0.0
239,77840,0.0
239,77841,0.0
239,77842,0.0
239,77843,0.0
239,77844,0.0
239,77845,0.0
239,77846,0.0
239,77847,0.0
239,77848,0.0
239,77901,0.0
239,77902,0.0
239,77903,0.0
239,77904,0.0
239,77905,0.0
239,77906,0.0
239,77907,0.0
239,77908,0.0
239,77909,0.0
239,77910,0.0
239,77911,0.0
239,77912,0.0
239,77913,0.0
239,77914,0.0
239,77915,0.0
239,77916,0.0
239,77917,0.0
239,77918,0.0
239,77919,0.0
239,77920,0.0
239,77921,0.0
239,77922,0.0
239,77923,0.0
239,77924,0.0
239,77925,0.0
239,77926,0.0
239,77927,0.0
239,77928,0.0
239,77929,0.0
239,77930,0.0
239,77931,0.0
239,77932,0.0
239,77933,0.0
239,77934,0.0
239,77935,0.0
239,77936,0.0
239,77937,0.0
239,77938,0.0
239,77939,0.0
239,77940,0.0
239,77941,0.0
239,77942,0.0
239,77943,0.0
239,77944,0.0
239,77945,0.0
239,77946,0.0
239,77947,0.0
239,77948,0.0
239,78001,0.0
239,78002,0.0
239,78003,0.0
239,78004,0.0
239,78005,0.0
239,78006,0.0
239,78007,0.0
239,78008,0.0
239,78009,0.0
239,78010,0.0
239,78011,0.0
239,78012,0.0
239,78013,0.0
239,78014,0.0
239,78015,0.0
239,78016,0.0
239,78017,0.0
239,78018,0.0
239,78019,0.0
239,78020,0.0
239,78021,0.0
239,78022,0.0
239,78023,0.0
239,78024,0.0
239,78025,0.0
239,78026,0.0
239,78027,0.0
239,78028,0.0
239,78029,0.0
239,78030,0.0
239,78031,0.0
239,78032,0.0
239,78033,0.0
239,78034,0.0
239,78035,0.0
239,78036,0.0
239,78037,0.0
239,78038,0.0
239,78039,0.0
239,78040,0.0
239,78041,0.0
239,78042,0.0
239,78043,0.0
239,78044,0.0
239,78045,0.0
239,78046,0.0
239,78047,0.0
239,78048,0.0
239,78101,0.0
239,78102,0.0
239,78103,0.0
239,78104,0.0
239,78105,0.0
239,78106,0.0
239,78107,0.0
239,78108,0.0
239,78109,0.0
239,78110,0.0
239,78111,0.0
239,78112,0.0
239,78113,0.0
239,78114,0.0
239,78115,0.0
239,78116,0.0
239,78117,0.0
239,78118,0.0
239,78119,0.0
239,78120,0.0
239,78121,0.0
239,78122,0.0
239,78123,0.0
239,78124,0.0
239,78125,0.0
239,78126,0.0
239,78127,0.0
239,78128,0.0
239,78129,0.0
239,78130,0.0
239,78131,0.0
239,78132,0.0
239,78133,0.0
239,78134,0.0
239,78135,0.0
239,78136,0.0
239,78137,0.0
239,78138,0.0
239,78139,0.0
239,78140,0.0
239,78141,0.0
239,78142,0.0
239,78143,0.01
239,78144,0.0
239,78145,0.0
239,78146,0.0
239,78147,0.0
239,78148,0.0
239,78201,0.0
239,78202,0.0
239,78203,0.0
239,78204,0.0
239,78205,0.0
239,78206,0.0
239,78207,0.0
239,78208,0.0
239,78209,0.0
239,78210,0.0
239,78211,0.0
239,78212,0.0
239,78213,0.0
239,78214,0.0
239,78215,0.0
239,78216,0.0
239,78217,0.0
239,78218,0.0
239,78219,0.0
239,78220,0.0
239,78221,0.0
239,78222,0.0
239,78223,0.0
239,78224,0.0
239,78225,0.0
239,78226,0.0
239,78227,0.0
239,78228,0.0
239,78229,0.0
239,78230,0.0
239,78231,0.0
239,78232,0.0
239,78233,0.0
239,78234,0.0
239,78235,0.0
239,78236,0.0
239,78237,0.0
239,78238,0.0
239,78239,0.0
239,78240,0.0
239,78241,0.0
239,78242,0.0
239,78243,0.0
239,78244,0.0
239,78245,0.0
239,78246,0.0
239,78247,0.0
239,78248,0.0
239,78301,0.0
239,78302,0.0
239,78303,0.0
239,78304,0.0
239,78305,0.0
239,78306,0.0
239,78307,0.0
239,78308,0.0
239,78309,0.0
239,78310,0.0
239,78311,0.0
239,78312,0.0
239,78313,0.0
239,78314,0.0
239,78315,0.0
239,78316,0.0
239,78317,0.0
239,78318,0.0
239,78319,0.0
239,78320,0.0
239,78321,0.0
239,78322,0.0
239,78323,0.0
239,78324,0.0
239,78325,0.0
239,78326,0.0
239,78327,0.0
239,78328,0.0
239,78329,0.0
239,78330,0.0
239,78331,0.0
239,78332,0.0
239,78333,0.0
239,78334,0.0
239,78335,0.0
239,78336,0.0
239,78337,0.0
239,78338,0.0
239,78339,0.0
239,78340,0.0
239,78341,0.0
239,78342,0.0
239,78343,0.0
239,78344,0.0
239,78345,0.0
239,78346,0.0
239,78347,0.0
239,78348,0.0
239,78401,0.0
239,78402,0.0
239,78403,0.0
239,78404,0.0
239,78405,0.0
239,78406,0.0
239,78407,0.0
239,78408,0.0
239,78409,0.0
239,78410,0.0
239,78411,0.0
239,78412,0.0
239,78413,0.0
239,78414,0.0
239,78415,0.0
239,78416,0.0
239,78417,0.0
239,78418,0.0
239,78419,0.0
239,78420,0.0
239,78421,0.0
239,78422,0.0
239,78423,0.0
239,78424,0.0
239,78425,0.0
239,78426,0.0
239,78427,0.0
239,78428,0.0
239,78429,0.0
239,78430,0.0
239,78431,0.0
239,78432,0.0
239,78433,0.0
239,78434,0.0
239,78435,0.0
239,78436,0.0
239,78437,0.0
239,78438,0.0
239,78439,0.0
239,78440,0.0
239,78441,0.0
239,78442,0.0
239,78443,0.0
239,78444,0.0
239,78445,0.0
239,78446,0.0
239,78447,0.0
239,78448,0.0
239,78501,0.0
239,78502,0.0
239,78503,0.0
239,78504,0.0
239,78505,0.0
239,78506,0.0
239,78507,0.0
239,78508,0.0
239,78509,0.0
239,78510,0.0
239,78511,0.0
239,78512,0.0
239,78513,0.0
239,78514,0.0
239,78515,0.0
239,78516,0.0
239,78517,0.0
239,78518,0.0
239,78519,0.0
239,78520,0.0
239,78521,0.0
239,78522,0.0
239,78523,0.0
239,78524,0.0
239,78525,0.0
239,78526,0.0
239,78527,0.0
239,78528,0.0
239,78529,0.0
239,78530,0.0
239,78531,0.0
239,78532,0.0
239,78533,0.0
239,78534,0.0
239,78535,0.0
239,78536,0.0
239,78537,0.0
239,78538,0.0
239,78539,0.0
239,78540,0.0
239,78541,0.0
239,78542,0.0
239,78543,0.0
239,78544,0.0
239,78545,0.0
239,78546,0.0
239,78547,0.0
239,78548,0.0
239,78601,0.0
239,78602,0.0
239,78603,0.0
239,78604,0.0
239,78605,0.0
239,78606,0.0
239,78607,0.0
239,78608,0.0
239,78609,0.0
239,78610,0.0
239,78611,0.0
239,78612,0.0
239,78613,0.0
239,78614,0.0
239,78615,0.0
239,78616,0.0
239,78617,0.0
239,78618,0.0
239,78619,0.0
239,78620,0.0
239,78621,0.0
239,78622,0.0
239,78623,0.0
239,78624,0.0
239,78625,0.0
239,78626,0.0
239,78627,0.0
239,78628,0.0
239,78629,0.0
239,78630,0.0
239,78631,0.0
239,78632,0.0
239,78633,0.0
239,78634,0.0
239,78635,0.0
239,78636,0.0
239,78637,0.0
239,78638,0.0
239,78639,0.0
239,78640,0.0
239,78641,0.0
239,78642,0.0
239,78643,0.0
239,78644,0.0
239,78645,0.0
239,78646,0.0
239,78647,0.0
239,78648,0.0
239,78701,0.0
239,78702,0.0
239,78703,0.0
239,78704,0.0
239,78705,0.0
239,78706,0.0
239,78707,0.0
239,78708,0.0
239,78709,0.0
239,78710,0.0
239,78711,0.0
239,78712,0.0
239,78713,0.0
239,78714,0.0
239,78715,0.0
239,78716,0.0
239,78717,0.0
239,78718,0.0
239,78719,0.0
239,78720,0.0
239,78721,0.0
239,78722,0.0
239,78723,0.0
239,78724,0.0
239,78725,0.0
239,78726,0.0
239,78727,0.0
239,78728,0.0
239,78729,0.0
239,78730,0.0
239,78731,0.0
239,78732,0.0
239,78733,0.0
239,78734,0.0
239,78735,0.0
239,78736,0.0
239,78737,0.0
239,78738,0.0
239,78739,0.0
239,78740,0.0
239,78741,0.0
239,78742,0.0
239,78743,0.0
239,78744,0.0
239,78745,0.0
239,78746,0.0
239,78747,0.0
239,78748,0.0
239,78801,0.0
239,78802,0.0
239,78803,0.0
239,78804,0.0
239,78805,0.0
239,78806,0.0
239,78807,0.0
239,78808,0.0
239,78809,0.0
239,78810,0.0
239,78811,0.0
239,78812,0.0
239,78813,0.0
239,78814,0.0
239,78815,0.0
239,78816,0.0
239,78817,0.0
239,78818,0.0
239,78819,0.0
239,78820,0.0
239,78821,0.0
239,78822,0.0
239,78823,0.0
239,78824,0.0
239,78825,0.0
239,78826,0.0
239,78827,0.0
239,78828,0.0
239,78829,0.0
239,78830,0.0
239,78831,0.0
239,78832,0.0
239,78833,0.0
239,78834,0.0
239,78835,0.0
239,78836,0.0
239,78837,0.0
239,78838,0.0
239,78839,0.0
239,78840,0.0
239,78841,0.0
239,78842,0.0
239,78843,0.0
239,78844,0.0
239,78845,0.0
239,78846,0.0
239,78847,0.0
239,78848,0.0
239,78901,0.0
239,78902,0.0
239,78903,0.0
239,78904,0.0
239,78905,0.0
239,78906,0.0
239,78907,0.0
239,78908,0.0
239,78909,0.0
239,78910,0.0
239,78911,0.0
239,78912,0.0
239,78913,0.0
239,78914,0.0
239,78915,0.0
239,78916,0.0
239,78917,0.0
239,78918,0.0
239,78919,0.0
239,78920,0.0
239,78921,0.0
239,78922,0.0
239,78923,0.0
239,78924,0.0
239,78925,0.0
239,78926,0.0
239,78927,0.0
239,78928,0.0
239,78929,0.0
239,78930,0.0
239,78931,0.0
239,78932,0.0
239,78933,0.0
239,78934,0.0
239,78935,0.0
239,78936,0.0
239,78937,0.0
239,78938,0.0
239,78939,0.0
239,78940,0.0
239,78941,0.0
239,78942,0.0
239,78943,0.0
239,78944,0.0
239,78945,0.0
239,78946,0.0
239,78947,0.0
239,78948,0.0
239,79001,0.0
239,79002,0.0
239,79003,0.0
239,79004,0.0
239,79005,0.0
239,79006,0.0
239,79007,0.0
239,79008,0.0
239,79009,0.0
239,79010,0.0
239,79011,0.0
239,79012,0.0
239,79013,0.0
239,79014,0.0
239,79015,0.0
239,79016,0.0
239,79017,0.0
239,79018,0.0
239,79019,0.0
239,79020,0.0
239,79021,0.0
239,79022,0.0
239,79023,0.0
239,79024,0.0
239,79025,0.0
239,79026,0.0
239,79027,0.0
239,79028,0.0
239,79029,0.0
239,79030,0.0
239,79031,0.0
239,79032,0.0
239,79033,0.0
239,79034,0.0
239,79035,0.0
239,79036,0.0
239,79037,0.0
239,79038,0.0
239,79039,0.0
239,79040,0.0
239,79041,0.0
239,79042,0.0
239,79043,0.0
239,79044,0.0
239,79045,0.0
239,79046,0.0
239,79047,0.0
239,79048,0.0
239,79101,0.0
239,79102,0.0
239,79103,0.0
239,79104,0.0
239,79105,0.0
239,79106,0.0
239,79107,0.0
239,79108,0.0
239,79109,0.0
239,79110,0.0
239,79111,0.0
239,79112,0.0
239,79113,0.0
239,79114,0.0
239,79115,0.0
239,79116,0.0
239,79117,0.0
239,79118,0.0
239,79119,0.0
239,79120,0.0
239,79121,0.0
239,79122,0.0
239,79123,0.0
239,79124,0.0
239,79125,0.0
239,79126,0.0
239,79127,0.0
239,79128,0.0
239,79129,0.0
239,79130,0.0
239,79131,0.0
239,79132,0.0
239,79133,0.0
239,79134,0.0
239,79135,0.0
239,79136,0.0
239,79137,0.0
239,79138,0.0
239,79139,0.0
239,79140,0.0
239,79141,0.0
239,79142,0.0
239,79143,0.0
239,79144,0.0
239,79145,0.0
239,79146,0.0
239,79147,0.0
239,79148,0.0
239,79201,0.0
239,79202,0.0
239,79203,0.0
239,79204,0.0
239,79205,0.0
239,79206,0.0
239,79207,0.0
239,79208,0.0
239,79209,0.0
239,79210,0.0
239,79211,0.0
239,79212,0.0
239,79213,0.0
239,79214,0.0
239,79215,0.0
239,79216,0.0
239,79217,0.0
239,79218,0.0
239,79219,0.0
239,79220,0.0
239,79221,0.0
239,79222,0.0
239,79223,0.0
239,79224,0.0
239,79225,0.0
239,79226,0.0
239,79227,0.0
239,79228,0.0
239,79229,0.0
239,79230,0.0
239,79231,0.0
239,79232,0.0
239,79233,0.0
239,79234,0.0
239,79235,0.0
239,79236,0.0
239,79237,0.0
239,79238,0.0
239,79239,0.0
239,79240,0.0
239,79241,0.0
239,79242,0.0
239,79243,0.0
239,79244,0.01
239,79245,0.0
239,79246,0.0
239,79247,0.0
239,79248,0.0
239,79301,0.0
239,79302,0.0
239,79303,0.0
239,79304,0.0
239,79305,0.0
239,79306,0.0
239,79307,0.0
239,79308,0.0
239,79309,0.0
239,79310,0.0
239,79311,0.0
239,79312,0.0
239,79313,0.0
239,79314,0.0
239,79315,0.0
239,79316,0.0
239,79317,0.0
239,79318,0.0
239,79319,0.0
239,79320,0.0
239,79321,0.0
239,79322,0.0
239,79323,0.0
239,79324,0.0
239,79325,0.0
239,79326,0.0
239,79327,0.0
239,79328,0.0
239,79329,0.0
239,79330,0.0
239,79331,0.0
239,79332,0.0
239,79333,0.0
239,79334,0.0
239,79335,0.0
239,79336,0.0
239,79337,0.0
239,79338,0.0
239,79339,0.0
239,79340,0.0
239,79341,0.0
239,79342,0.0
239,79343,0.0
239,79344,0.0
239,79345,0.0
239,79346,0.0
239,79347,0.0
239,79348,0.0
239,79401,0.0
239,79402,0.0
239,79403,0.0
239,79404,0.0
239,79405,0.0
239,79406,0.0
239,79407,0.0
239,79408,0.0
239,79409,0.0
239,79410,0.0
239,79411,0.0
239,79412,0.0
239,79413,0.0
239,79414,0.0
239,79415,0.0
239,79416,0.0
239,79417,0.0
239,79418,0.0
239,79419,0.0
239,79420,0.0
239,79421,0.0
239,79422,0.0
239,79423,0.0
239,79424,0.0
239,79425,0.0
239,79426,0.0
239,79427,0.0
239,79428,0.0
239,79429,0.0
239,79430,0.0
239,79431,0.0
239,79432,0.0
239,79433,0.0
239,79434,0.0
239,79435,0.0
239,79436,0.0
239,79437,0.0
239,79438,0.0
239,79439,0.0
239,79440,0.0
239,79441,0.0
239,79442,0.0
239,79443,0.0
239,79444,0.0
239,79445,0.0
239,79446,0.0
239,79447,0.0
239,79448,0.0
239,79501,0.0
239,79502,0.0
239,79503,0.0
239,79504,0.0
239,79505,0.0
239,79506,0.0
239,79507,0.0
239,79508,0.0
239,79509,0.0
239,79510,0.0
239,79511,0.0
239,79512,0.0
239,79513,0.0
239,79514,0.0
239,79515,0.0
239,79516,0.0
239,79517,0.0
239,79518,0.0
239,79519,0.0
239,79520,0.0
239,79521,0.0
239,79522,0.0
239,79523,0.0
239,79524,0.0
239,79525,0.0
239,79526,0.0
239,79527,0.0
239,79528,0.0
239,79529,0.0
239,79530,0.0
239,79531,0.0
239,79532,0.0
239,79533,0.0
239,79534,0.0
239,79535,0.0
239,79536,0.0
239,79537,0.0
239,79538,0.0
239,79539,0.0
239,79540,0.0
239,79541,0.0
239,79542,0.0
239,79543,0.0
239,79544,0.0
239,79545,0.0
239,79546,0.0
239,79547,0.0
239,79548,0.0
239,79601,0.0
239,79602,0.0
239,79603,0.0
239,79604,0.0
239,79605,0.0
239,79606,0.0
239,79607,0.0
239,79608,0.0
239,79609,0.0
239,79610,0.0
239,79611,0.0
239,79612,0.0
239,79613,0.0
239,79614,0.0
239,79615,0.0
239,79616,0.0
239,79617,0.0
239,79618,0.0
239,79619,0.0
239,79620,0.0
239,79621,0.0
239,79622,0.0
239,79623,0.0
239,79624,0.0
239,79625,0.0
239,79626,0.0
239,79627,0.0
239,79628,0.0
239,79629,0.0
239,79630,0.0
239,79631,0.0
239,79632,0.0
239,79633,0.0
239,79634,0.0
239,79635,0.0
239,79636,0.0
239,79637,0.0
239,79638,0.0
239,79639,0.0
239,79640,0.0
239,79641,0.0
239,79642,0.0
239,79643,0.0
239,79644,0.0
239,79645,0.0
239,79646,0.0
239,79647,0.0
239,79648,0.0
239,79701,0.0
239,79702,0.0
239,79703,0.0
239,79704,0.0
239,79705,0.0
239,79706,0.0
239,79707,0.0
239,79708,0.0
239,79709,0.0
239,79710,0.0
239,79711,0.0
239,79712,0.0
239,79713,0.0
239,79714,0.0
239,79715,0.0
239,79716,0.0
239,79717,0.0
239,79718,0.0
239,79719,0.0
239,79720,0.0
239,79721,0.0
239,79722,0.0
239,79723,0.0
239,79724,0.0
239,79725,0.0
239,79726,0.0
239,79727,0.0
239,79728,0.0
239,79729,0.0
239,79730,0.0
239,79731,0.0
239,79732,0.0
239,79733,0.0
239,79734,0.0
239,79735,0.0
239,79736,0.0
239,79737,0.0
239,79738,0.0
239,79739,0.0
239,79740,0.0
239,79741,0.0
239,79742,0.0
239,79743,0.0
239,79744,0.0
239,79745,0.0
239,79746,0.0
239,79747,0.0
239,79748,0.0
239,79801,0.0
239,79802,0.0
239,79803,0.0
239,79804,0.0
239,79805,0.0
239,79806,0.0
239,79807,0.0
239,79808,0.0
239,79809,0.0
239,79810,0.0
239,79811,0.0
239,79812,0.0
239,79813,0.0
239,79814,0.0
239,79815,0.0
239,79816,0.0
239,79817,0.0
239,79818,0.0
239,79819,0.0
239,79820,0.0
239,79821,0.0
239,79822,0.0
239,79823,0.0
239,79824,0.0
239,79825,0.0
239,79826,0.0
239,79827,0.0
239,79828,0.0
239,79829,0.0
239,79830,0.0
239,79831,0.0
239,79832,0.0
239,79833,0.0
239,79834,0.0
239,79835,0.0
239,79836,0.0
239,79837,0.0
239,79838,0.0
239,79839,0.0
239,79840,0.0
239,79841,0.0
239,79842,0.0
239,79843,0.0
239,79844,0.0
239,79845,0.0
239,79846,0.0
239,79847,0.0
239,79848,0.0
239,79901,0.0
239,79902,0.0
239,79903,0.0
239,79904,0.0
239,79905,0.0
239,79906,0.0
239,79907,0.0
239,79908,0.0
239,79909,0.0
239,79910,0.0
239,79911,0.0
239,79912,0.0
239,79913,0.0
239,79914,0.0
239,79915,0.0
239,79916,0.0
239,79917,0.0
239,79918,0.0
239,79919,0.0
239,79920,0.0
239,79921,0.0
239,79922,0.0
239,79923,0.0
239,79924,0.0
239,79925,0.0
239,79926,0.0
239,79927,0.0
239,79928,0.0
239,79929,0.0
239,79930,0.0
239,79931,0.0
239,79932,0.0
239,79933,0.0
239,79934,0.0
239,79935,0.0
239,79936,0.0
239,79937,0.0
239,79938,0.0
239,79939,0.0
239,79940,0.0
239,79941,0.0
239,79942,0.0
239,79943,0.0
239,79944,0.0
239,79945,0.0
239,79946,0.0
239,79947,0.0
239,79948,0.0
239,80001,0.0
239,80002,0.0
239,80003,0.0
239,80004,0.0
239,80005,0.0
239,80006,0.0
239,80007,0.0
239,80008,0.0
239,80009,0.0
239,80010,0.0
239,80011,0.0
239,80012,0.0
239,80013,0.0
239,80014,0.0
239,80015,0.0
239,80016,0.0
239,80017,0.0
239,80018,0.0
239,80019,0.0
239,80020,0.0
239,80021,0.0
239,80022,0.0
239,80023,0.0
239,80024,0.0
239,80025,0.0
239,80026,0.0
239,80027,0.0
239,80028,0.0
239,80029,0.0
239,80030,0.0
239,80031,0.0
239,80032,0.0
239,80033,0.0
239,80034,0.0
239,80035,0.0
239,80036,0.0
239,80037,0.0
239,80038,0.0
239,80039,0.0
239,80040,0.0
239,80041,0.0
239,80042,0.0
239,80043,0.0
239,80044,0.0
239,80045,0.0
239,80046,0.0
239,80047,0.0
239,80048,0.0
239,80101,0.0
239,80102,0.0
239,80103,0.0
239,80104,0.0
239,80105,0.0
239,80106,0.0
239,80107,0.0
239,80108,0.0
239,80109,0.0
239,80110,0.0
239,80111,0.0
239,80112,0.0
239,80113,0.0
239,80114,0.0
239,80115,0.0
239,80116,0.0
239,80117,0.0
239,80118,0.0
239,80119,0.0
239,80120,0.0
239,80121,0.0
239,80122,0.0
239,80123,0.0
239,80124,0.0
239,80125,0.0
239,80126,0.0
239,80127,0.0
239,80128,0.0
239,80129,0.0
239,80130,0.0
239,80131,0.0
239,80132,0.0
239,80133,0.0
239,80134,0.0
239,80135,0.0
239,80136,0.0
239,80137,0.0
239,80138,0.0
239,80139,0.0
239,80140,0.0
239,80141,0.0
239,80142,0.0
239,80143,0.0
239,80144,0.0
239,80145,0.0
239,80146,0.0
239,80147,0.0
239,80148,0.0
239,80201,0.0
239,80202,0.0
239,80203,0.0
239,80204,0.0
239,80205,0.0
239,80206,0.0
239,80207,0.0
239,80208,0.0
239,80209,0.0
239,80210,0.0
239,80211,0.0
239,80212,0.0
239,80213,0.0
239,80214,0.0
239,80215,0.0
239,80216,0.0
239,80217,0.0
239,80218,0.0
239,80219,0.0
239,80220,0.0
239,80221,0.0
239,80222,0.0
239,80223,0.0
239,80224,0.0
239,80225,0.0
239,80226,0.0
239,80227,0.0
239,80228,0.0
239,80229,0.0
239,80230,0.0
239,80231,0.0
239,80232,0.0
239,80233,0.0
239,80234,0.0
239,80235,0.0
239,80236,0.0
239,80237,0.0
239,80238,0.0
239,80239,0.0
239,80240,0.0
239,80241,0.0
239,80242,0.0
239,80243,0.0
239,80244,0.0
239,80245,0.0
239,80246,0.0
239,80247,0.0
239,80248,0.0
239,80301,0.0
239,80302,0.0
239,80303,0.0
239,80304,0.0
239,80305,0.0
239,80306,0.0
239,80307,0.0
239,80308,0.0
239,80309,0.0
239,80310,0.0
239,80311,0.0
239,80312,0.0
239,80313,0.0
239,80314,0.0
239,80315,0.0
239,80316,0.0
239,80317,0.0
239,80318,0.0
239,80319,0.0
239,80320,0.0
239,80321,0.0
239,80322,0.0
239,80323,0.0
239,80324,0.0
239,80325,0.0
239,80326,0.0
239,80327,0.0
239,80328,0.0
239,80329,0.0
239,80330,0.0
239,80331,0.0
239,80332,0.0
239,80333,0.0
239,80334,0.0
239,80335,0.0
239,80336,0.0
239,80337,0.0
239,80338,0.0
239,80339,0.0
239,80340,0.0
239,80341,0.0
239,80342,0.0
239,80343,0.0
239,80344,0.0
239,80345,0.0
239,80346,0.0
239,80347,0.0
239,80348,0.0
239,80401,0.0
239,80402,0.0
239,80403,0.0
239,80404,0.0
239,80405,0.0
239,80406,0.0
239,80407,0.0
239,80408,0.0
239,80409,0.0
239,80410,0.0
239,80411,0.0
239,80412,0.0
239,80413,0.0
239,80414,0.0
239,80415,0.0
239,80416,0.0
239,80417,0.0
239,80418,0.0
239,80419,0.0
239,80420,0.0
239,80421,0.0
239,80422,0.0
239,80423,0.0
239,80424,0.0
239,80425,0.0
239,80426,0.0
239,80427,0.0
239,80428,0.0
239,80429,0.0
239,80430,0.0
239,80431,0.0
239,80432,0.0
239,80433,0.0
239,80434,0.0
239,80435,0.0
239,80436,0.0
239,80437,0.0
239,80438,0.0
239,80439,0.0
239,80440,0.0
239,80441,0.0
239,80442,0.0
239,80443,0.0
239,80444,0.0
239,80445,0.0
239,80446,0.0
239,80447,0.0
239,80448,0.0
239,80501,0.0
239,80502,0.0
239,80503,0.0
239,80504,0.0
239,80505,0.0
239,80506,0.0
239,80507,0.0
239,80508,0.0
239,80509,0.0
239,80510,0.0
239,80511,0.0
239,80512,0.0
239,80513,0.0
239,80514,0.0
239,80515,0.0
239,80516,0.0
239,80517,0.0
239,80518,0.0
239,80519,0.0
239,80520,0.0
239,80521,0.0
239,80522,0.0
239,80523,0.0
239,80524,0.0
239,80525,0.0
239,80526,0.0
239,80527,0.0
239,80528,0.0
239,80529,0.0
239,80530,0.0
239,80531,0.0
239,80532,0.0
239,80533,0.0
239,80534,0.0
239,80535,0.0
239,80536,0.0
239,80537,0.0
239,80538,0.0
239,80539,0.0
239,80540,0.0
239,80541,0.0
239,80542,0.0
239,80543,0.0
239,80544,0.0
239,80545,0.0
239,80546,0.0
239,80547,0.0
239,80548,0.0
239,80601,0.0
239,80602,0.0
239,80603,0.0
239,80604,0.0
239,80605,0.0
239,80606,0.0
239,80607,0.0
239,80608,0.0
239,80609,0.0
239,80610,0.0
239,80611,0.0
239,80612,0.0
239,80613,0.0
239,80614,0.0
239,80615,0.0
239,80616,0.0
239,80617,0.0
239,80618,0.0
239,80619,0.0
239,80620,0.0
239,80621,0.0
239,80622,0.0
239,80623,0.0
239,80624,0.0
239,80625,0.0
239,80626,0.0
239,80627,0.0
239,80628,0.0
239,80629,0.0
239,80630,0.0
239,80631,0.0
239,80632,0.0
239,80633,0.0
239,80634,0.0
239,80635,0.0
239,80636,0.0
239,80637,0.0
239,80638,0.0
239,80639,0.0
239,80640,0.0
239,80641,0.0
239,80642,0.0
239,80643,0.0
239,80644,0.0
239,80645,0.0
239,80646,0.0
239,80647,0.0
239,80648,0.0
239,80701,0.0
239,80702,0.0
239,80703,0.0
239,80704,0.0
239,80705,0.0
239,80706,0.0
239,80707,0.0
239,80708,0.0
239,80709,0.0
239,80710,0.0
239,80711,0.0
239,80712,0.0
239,80713,0.0
239,80714,0.0
239,80715,0.0
239,80716,0.0
239,80717,0.0
239,80718,0.0
239,80719,0.0
239,80720,0.0
239,80721,0.0
239,80722,0.0
239,80723,0.0
239,80724,0.0
239,80725,0.0
239,80726,0.0
239,80727,0.0
239,80728,0.0
239,80729,0.0
239,80730,0.0
239,80731,0.0
239,80732,0.0
239,80733,0.0
239,80734,0.0
239,80735,0.0
239,80736,0.0
239,80737,0.0
239,80738,0.0
239,80739,0.0
239,80740,0.0
239,80741,0.0
239,80742,0.0
239,80743,0.0
239,80744,0.0
239,80745,0.0
239,80746,0.0
239,80747,0.0
239,80748,0.0
239,80801,0.0
239,80802,0.0
239,80803,0.0
239,80804,0.0
239,80805,0.0
239,80806,0.0
239,80807,0.0
239,80808,0.0
239,80809,0.0
239,80810,0.0
239,80811,0.0
239,80812,0.0
239,80813,0.0
239,80814,0.0
239,80815,0.0
239,80816,0.0
239,80817,0.0
239,80818,0.0
239,80819,0.0
239,80820,0.0
239,80821,0.0
239,80822,0.0
239,80823,0.0
239,80824,0.0
239,80825,0.0
239,80826,0.0
239,80827,0.0
239,80828,0.0
239,80829,0.0
239,80830,0.0
239,80831,0.0
239,80832,0.0
239,80833,0.0
239,80834,0.0
239,80835,0.0
239,80836,0.0
239,80837,0.0
239,80838,0.0
239,80839,0.0
239,80840,0.0
239,80841,0.0
239,80842,0.0
239,80843,0.0
239,80844,0.0
239,80845,0.0
239,80846,0.0
239,80847,0.0
239,80848,0.0
239,80901,0.0
239,80902,0.0
239,80903,0.0
239,80904,0.0
239,80905,0.0
239,80906,0.0
239,80907,0.0
239,80908,0.0
239,80909,0.0
239,80910,0.0
239,80911,0.0
239,80912,0.0
239,80913,0.0
239,80914,0.0
239,80915,0.0
239,80916,0.0
239,80917,0.0
239,80918,0.0
239,80919,0.0
239,80920,0.0
239,80921,0.0
239,80922,0.0
239,80923,0.0
239,80924,0.0
239,80925,0.0
239,80926,0.0
239,80927,0.0
239,80928,0.0
239,80929,0.0
239,80930,0.0
239,80931,0.0
239,80932,0.0
239,80933,0.0
239,80934,0.0
239,80935,0.0
239,80936,0.0
239,80937,0.0
239,80938,0.0
239,80939,0.0
239,80940,0.0
239,80941,0.0
239,80942,0.0
239,80943,0.0
239,80944,0.0
239,80945,0.0
239,80946,0.0
239,80947,0.0
239,80948,0.0
239,81001,0.0
239,81002,0.0
239,81003,0.0
239,81004,0.0
239,81005,0.0
239,81006,0.0
239,81007,0.0
239,81008,0.0
239,81009,0.0
239,81010,0.0
239,81011,0.0
239,81012,0.0
239,81013,0.0
239,81014,0.0
239,81015,0.0
239,81016,0.0
239,81017,0.0
239,81018,0.0
239,81019,0.0
239,81020,0.0
239,81021,0.0
239,81022,0.0
239,81023,0.0
239,81024,0.0
239,81025,0.0
239,81026,0.0
239,81027,0.0
239,81028,0.0
239,81029,0.0
239,81030,0.0
239,81031,0.0
239,81032,0.0
239,81033,0.0
239,81034,0.0
239,81035,0.0
239,81036,0.0
239,81037,0.0
239,81038,0.0
239,81039,0.0
239,81040,0.0
239,81041,0.0
239,81042,0.0
239,81043,0.0
239,81044,0.0
239,81045,0.0
239,81046,0.0
239,81047,0.0
239,81048,0.0
239,81101,0.0
239,81102,0.0
239,81103,0.0
239,81104,0.0
239,81105,0.0
239,81106,0.0
239,81107,0.0
239,81108,0.0
239,81109,0.0
239,81110,0.0
239,81111,0.0
239,81112,0.0
239,81113,0.0
239,81114,0.0
239,81115,0.0
239,81116,0.0
239,81117,0.0
239,81118,0.0
239,81119,0.0
239,81120,0.0
239,81121,0.0
239,81122,0.0
239,81123,0.0
239,81124,0.0
239,81125,0.0
239,81126,0.0
239,81127,0.0
239,81128,0.0
239,81129,0.0
239,81130,0.0
239,81131,0.0
239,81132,0.0
239,81133,0.0
239,81134,0.0
239,81135,0.0
239,81136,0.0
239,81137,0.01
239,81138,0.0
239,81139,0.0
239,81140,0.0
239,81141,0.0
239,81142,0.0
239,81143,0.0
239,81144,0.0
239,81145,0.0
239,81146,0.0
239,81147,0.0
239,81148,0.0
239,81201,0.0
239,81202,0.0
239,81203,0.0
239,81204,0.0
239,81205,0.0
239,81206,0.0
239,81207,0.0
239,81208,0.0
239,81209,0.0
239,81210,0.0
239,81211,0.0
239,81212,0.0
239,81213,0.0
239,81214,0.0
239,81215,0.0
239,81216,0.0
239,81217,0.0
239,81218,0.0
239,81219,0.0
239,81220,0.0
239,81221,0.0
239,81222,0.0
239,81223,0.0
239,81224,0.0
239,81225,0.0
239,81226,0.0
239,81227,0.0
239,81228,0.0
239,81229,0.0
239,81230,0.0
239,81231,0.0
239,81232,0.0
239,81233,0.0
239,81234,0.0
239,81235,0.0
239,81236,0.0
239,81237,0.0
239,81238,0.0
239,81239,0.0
239,81240,0.0
239,81241,0.0
239,81242,0.0
239,81243,0.0
239,81244,0.0
239,81245,0.0
239,81246,0.0
239,81247,0.0
239,81248,0.0
239,81301,0.0
239,81302,0.0
239,81303,0.0
239,81304,0.0
239,81305,0.0
239,81306,0.0
239,81307,0.0
239,81308,0.0
239,81309,0.0
239,81310,0.0
239,81311,0.0
239,81312,0.0
239,81313,0.0
239,81314,0.0
239,81315,0.0
239,81316,0.0
239,81317,0.0
239,81318,0.0
239,81319,0.0
239,81320,0.0
239,81321,0.0
239,81322,0.0
239,81323,0.0
239,81324,0.0
239,81325,0.0
239,81326,0.0
239,81327,0.0
239,81328,0.0
239,81329,0.0
239,81330,0.0
239,81331,0.0
239,81332,0.0
239,81333,0.0
239,81334,0.0
239,81335,0.0
239,81336,0.0
239,81337,0.0
239,81338,0.0
239,81339,0.0
239,81340,0.0
239,81341,0.0
239,81342,0.0
239,81343,0.0
239,81344,0.0
239,81345,0.0
239,81346,0.0
239,81347,0.0
239,81348,0.0
239,81401,0.0
239,81402,0.0
239,81403,0.0
239,81404,0.0
239,81405,0.0
239,81406,0.0
239,81407,0.0
239,81408,0.0
239,81409,0.0
239,81410,0.0
239,81411,0.0
239,81412,0.0
239,81413,0.0
239,81414,0.0
239,81415,0.0
239,81416,0.0
239,81417,0.0
239,81418,0.0
239,81419,0.0
239,81420,0.0
239,81421,0.0
239,81422,0.0
239,81423,0.0
239,81424,0.0
239,81425,0.0
239,81426,0.0
239,81427,0.0
239,81428,0.0
239,81429,0.0
239,81430,0.0
239,81431,0.0
239,81432,0.0
239,81433,0.0
239,81434,0.0
239,81435,0.0
239,81436,0.0
239,81437,0.0
239,81438,0.0
239,81439,0.0
239,81440,0.0
239,81441,0.0
239,81442,0.0
239,81443,0.0
239,81444,0.0
239,81445,0.0
239,81446,0.0
239,81447,0.0
239,81448,0.0
239,81501,0.0
239,81502,0.0
239,81503,0.0
239,81504,0.0
239,81505,0.0
239,81506,0.0
239,81507,0.0
239,81508,0.0
239,81509,0.0
239,81510,0.0
239,81511,0.0
239,81512,0.0
239,81513,0.0
239,81514,0.0
239,81515,0.0
239,81516,0.0
239,81517,0.0
239,81518,0.0
239,81519,0.0
239,81520,0.0
239,81521,0.0
239,81522,0.0
239,81523,0.0
239,81524,0.0
239,81525,0.0
239,81526,0.0
239,81527,0.0
239,81528,0.0
239,81529,0.0
239,81530,0.0
239,81531,0.0
239,81532,0.0
239,81533,0.0
239,81534,0.0
239,81535,0.0
239,81536,0.0
239,81537,0.0
239,81538,0.0
239,81539,0.0
239,81540,0.0
239,81541,0.0
239,81542,0.0
239,81543,0.0
239,81544,0.0
239,81545,0.0
239,81546,0.0
239,81547,0.0
239,81548,0.0
239,81601,0.0
239,81602,0.0
239,81603,0.0
239,81604,0.0
239,81605,0.0
239,81606,0.0
239,81607,0.0
239,81608,0.0
239,81609,0.0
239,81610,0.0
239,81611,0.0
239,81612,0.0
239,81613,0.0
239,81614,0.0
239,81615,0.0
239,81616,0.0
239,81617,0.0
239,81618,0.0
239,81619,0.0
239,81620,0.0
239,81621,0.0
239,81622,0.0
239,81623,0.0
239,81624,0.0
239,81625,0.0
239,81626,0.0
239,81627,0.0
239,81628,0.0
239,81629,0.0
239,81630,0.0
239,81631,0.0
239,81632,0.0
239,81633,0.0
239,81634,0.0
239,81635,0.0
239,81636,0.0
239,81637,0.0
239,81638,0.0
239,81639,0.0
239,81640,0.0
239,81641,0.0
239,81642,0.0
239,81643,0.0
239,81644,0.0
239,81645,0.0
239,81646,0.0
239,81647,0.0
239,81648,0.0
239,81701,0.0
239,81702,0.0
239,81703,0.0
239,81704,0.0
239,81705,0.0
239,81706,0.0
239,81707,0.0
239,81708,0.0
239,81709,0.0
239,81710,0.0
239,81711,0.0
239,81712,0.0
239,81713,0.0
239,81714,0.0
239,81715,0.0
239,81716,0.0
239,81717,0.0
239,81718,0.0
239,81719,0.0
239,81720,0.0
239,81721,0.0
239,81722,0.0
239,81723,0.0
239,81724,0.0
239,81725,0.0
239,81726,0.0
239,81727,0.0
239,81728,0.0
239,81729,0.0
239,81730,0.0
239,81731,0.0
239,81732,0.0
239,81733,0.0
239,81734,0.0
239,81735,0.0
239,81736,0.0
239,81737,0.0
239,81738,0.0
239,81739,0.0
239,81740,0.0
239,81741,0.0
239,81742,0.0
239,81743,0.0
239,81744,0.0
239,81745,0.0
239,81746,0.0
239,81747,0.0
239,81748,0.0
239,81801,0.0
239,81802,0.0
239,81803,0.0
239,81804,0.0
239,81805,0.0
239,81806,0.0
239,81807,0.0
239,81808,0.0
239,81809,0.0
239,81810,0.0
239,81811,0.0
239,81812,0.0
239,81813,0.0
239,81814,0.0
239,81815,0.0
239,81816,0.0
239,81817,0.0
239,81818,0.0
239,81819,0.0
239,81820,0.0
239,81821,0.0
239,81822,0.55
239,81823,0.72
239,81824,0.75
239,81825,0.76
239,81826,0.74
239,81827,0.71
239,81828,0.66
239,81829,0.59
239,81830,0.52
239,81831,0.42
239,81832,0.28
239,81833,0.04
239,81834,0.0
239,81835,0.0
239,81836,0.0
239,81837,0.0
239,81838,0.0
239,81839,0.0
239,81840,0.0
239,81841,0.0
239,81842,0.0
239,81843,0.0
239,81844,0.0
239,81845,0.0
239,81846,0.0
239,81847,0.0
239,81848,0.0
239,81901,0.0
239,81902,0.0
239,81903,0.0
239,81904,0.0
239,81905,0.0
239,81906,0.0
239,81907,0.0
239,81908,0.0
239,81909,0.0
239,81910,0.0
239,81911,0.0
239,81912,0.0
239,81913,0.0
239,81914,0.0
239,81915,0.01
239,81916,0.01
239,81917,0.01
239,81918,0.03
239,81919,0.06
239,81920,0.26
239,81921,0.46
239,81922,0.62
239,81923,0.73
239,81924,0.76
239,81925,0.76
239,81926,0.74
239,81927,0.71
239,81928,0.67
239,81929,0.6
239,81930,0.52
239,81931,0.41
239,81932,0.28
239,81933,0.04
239,81934,0.0
239,81935,0.0
239,81936,0.0
239,81937,0.0
239,81938,0.0
239,81939,0.0
239,81940,0.0
239,81941,0.0
239,81942,0.0
239,81943,0.0
239,81944,0.0
239,81945,0.0
239,81946,0.0
239,81947,0.0
239,81948,0.0
239,82001,0.0
239,82002,0.0
239,82003,0.0
239,82004,0.0
239,82005,0.0
239,82006,0.0
239,82007,0.0
239,82008,0.0
239,82009,0.0
239,82010,0.0
239,82011,0.0
239,82012,0.0
239,82013,0.0
239,82014,0.0
239,82015,0.01
239,82016,0.01
239,82017,0.02
239,82018,0.03
239,82019,0.06
239,82020,0.26
239,82021,0.45
239,82022,0.62
239,82023,0.74
239,82024,0.76
239,82025,0.76
239,82026,0.7
239,82027,0.58
239,82028,0.67
239,82029,0.61
239,82030,0.53
239,82031,0.42
239,82032,0.28
239,82033,0.04
239,82034,0.0
239,82035,0.0
239,82036,0.0
239,82037,0.0
239,82038,0.0
239,82039,0.0
239,82040,0.0
239,82041,0.0
239,82042,0.0
239,82043,0.0
239,82044,0.0
239,82045,0.0
239,82046,0.0
239,82047,0.0
239,82048,0.0
239,82101,0.0
239,82102,0.0
239,82103,0.0
239,82104,0.0
239,82105,0.0
239,82106,0.0
239,82107,0.0
239,82108,0.0
239,82109,0.0
239,82110,0.0
239,82111,0.0
239,82112,0.0
239,82113,0.0
239,82114,0.0
239,82115,0.01
239,82116,0.01
239,82117,0.02
239,82118,0.03
239,82119,0.05
239,82120,0.27
239,82121,0.46
239,82122,0.63
239,82123,0.73
239,82124,0.78
239,82125,0.79
239,82126,0.75
239,82127,0.72
239,82128,0.61
239,82129,0.26
239,82130,0.16
239,82131,0.07
239,82132,0.04
239,82133,0.01
239,82134,0.0
239,82135,0.0
239,82136,0.0
239,82137,0.0
239,82138,0.0
239,82139,0.0
239,82140,0.0
239,82141,0.0
239,82142,0.0
239,82143,0.0
239,82144,0.0
239,82145,0.0
239,82146,0.0
239,82147,0.0
239,82148,0.0
239,82201,0.0
239,82202,0.0
239,82203,0.0
239,82204,0.0
239,82205,0.0
239,82206,0.0
239,82207,0.0
239,82208,0.0
239,82209,0.0
239,82210,0.0
239,82211,0.0
239,82212,0.0
239,82213,0.0
239,82214,0.0
239,82215,0.01
239,82216,0.03
239,82217,0.06
239,82218,0.07
239,82219,0.08
239,82220,0.11
239,82221,0.11
239,82222,0.12
239,82223,0.14
239,82224,0.17
239,82225,0.23
239,82226,0.21
239,82227,0.19
239,82228,0.14
239,82229,0.11
239,82230,0.12
239,82231,0.06
239,82232,0.03
239,82233,0.01
239,82234,0.0
239,82235,0.0
239,82236,0.0
239,82237,0.0
239,82238,0.0
239,82239,0.0
239,82240,0.0
239,82241,0.0
239,82242,0.0
239,82243,0.0
239,82244,0.0
239,82245,0.0
239,82246,0.0
239,82247,0.0
239,82248,0.0
239,82301,0.0
239,82302,0.0
239,82303,0.0
239,82304,0.0
239,82305,0.0
239,82306,0.0
239,82307,0.0
239,82308,0.0
239,82309,0.0
239,82310,0.0
239,82311,0.0
239,82312,0.0
239,82313,0.0
239,82314,0.0
239,82315,0.01
239,82316,0.01
239,82317,0.02
239,82318,0.03
239,82319,0.06
239,82320,0.26
239,82321,0.45
239,82322,0.61
239,82323,0.73
239,82324,0.76
239,82325,0.77
239,82326,0.75
239,82327,0.72
239,82328,0.67
239,82329,0.61
239,82330,0.53
239,82331,0.43
239,82332,0.29
239,82333,0.04
239,82334,0.0
239,82335,0.0
239,82336,0.0
239,82337,0.0
239,82338,0.0
239,82339,0.0
239,82340,0.01
239,82341,0.0
239,82342,0.0
239,82343,0.0
239,82344,0.0
239,82345,0.0
239,82346,0.0
239,82347,0.0
239,82348,0.0
239,82401,0.0
239,82402,0.0
239,82403,0.0
239,82404,0.0
239,82405,0.0
239,82406,0.0
239,82407,0.0
239,82408,0.0
239,82409,0.0
239,82410,0.0
239,82411,0.0
239,82412,0.0
239,82413,0.0
239,82414,0.0
239,82415,0.0
239,82416,0.01
239,82417,0.01
239,82418,0.03
239,82419,0.06
239,82420,0.26
239,82421,0.45
239,82422,0.61
239,82423,0.74
239,82424,0.77
239,82425,0.77
239,82426,0.76
239,82427,0.73
239,82428,0.68
239,82429,0.61
239,82430,0.53
239,82431,0.43
239,82432,0.29
239,82433,0.04
239,82434,0.0
239,82435,0.0
239,82436,0.0
239,82437,0.0
239,82438,0.0
239,82439,0.0
239,82440,0.0
239,82441,0.0
239,82442,0.0
239,82443,0.0
239,82444,0.0
239,82445,0.0
239,82446,0.0
239,82447,0.0
239,82448,0.01
