ID,DT,Usage
52,46801,0.0
52,46802,0.0
52,46803,0.0
52,46804,0.0
52,46805,0.0
52,46806,0.0
52,46807,0.0
52,46808,0.0
52,46809,0.0
52,46810,0.0
52,46811,0.0
52,46812,0.0
52,46813,0.0
52,46814,0.0
52,46815,0.0
52,46816,0.020809251158527303
52,46817,0.07542092450525163
52,46818,0.12561235018513778
52,46819,0.31559679850003697
52,46820,0.3397778866865701
52,46821,0.3077125713669864
52,46822,0.3421039081450627
52,46823,0.4678136701797042
52,46824,0.5911482981998684
52,46825,0.5762706222088014
52,46826,0.33658854635670266
52,46827,0.31484848436573265
52,46828,0.3313584574904885
52,46829,0.1096807668827068
52,46830,0.10262684300077687
52,46831,0.042921921751320716
52,46832,0.012558651420972565
52,46833,0.0
52,46834,0.0
52,46835,0.0
52,46836,0.0
52,46837,0.0
52,46838,0.0
52,46839,0.0
52,46840,0.0
52,46841,0.0
52,46842,0.0
52,46843,0.0
52,46844,0.0
52,46845,0.0
52,46846,0.0
52,46847,0.0
52,46848,0.0
52,46901,0.0
52,46902,0.0
52,46903,0.0
52,46904,0.0
52,46905,0.0
52,46906,0.0
52,46907,0.0
52,46908,0.0
52,46909,0.0
52,46910,0.0
52,46911,0.0
52,46912,0.0
52,46913,0.0
52,46914,0.0
52,46915,0.02578904535359106
52,46916,0.019441563164845386
52,46917,0.22969070056626603
52,46918,0.2840818023595913
52,46919,0.24928696825067376
52,46920,0.24976888853596582
52,46921,0.4935277517423943
52,46922,0.47077243865954443
52,46923,0.7782469670239097
52,46924,0.2578124523267158
52,46925,0.4312678100804166
52,46926,0.23823614174307362
52,46927,0.23861480818944616
52,46928,0.2764007986992963
52,46929,0.40979261698745945
52,46930,0.282973155346134
52,46931,0.03238036660333064
52,46932,0.011567528105766193
52,46933,0.011500688529958029
52,46934,0.0
52,46935,0.0
52,46936,0.0
52,46937,0.0
52,46938,0.0
52,46939,0.0
52,46940,0.0
52,46941,0.0
52,46942,0.0
52,46943,0.0
52,46944,0.0
52,46945,0.0
52,46946,0.0
52,46947,0.0
52,46948,0.0
52,47001,0.0
52,47002,0.0
52,47003,0.0
52,47004,0.0
52,47005,0.0
52,47006,0.0
52,47007,0.0
52,47008,0.0
52,47009,0.0
52,47010,0.0
52,47011,0.0
52,47012,0.0
52,47013,0.0
52,47014,0.0
52,47015,0.0
52,47016,0.018285322407321468
52,47017,0.032824040784102955
52,47018,0.17963682328830022
52,47019,0.4574933961770215
52,47020,0.7173976912833246
52,47021,0.27217049478377653
52,47022,0.5187933061099368
52,47023,0.48665697558415716
52,47024,0.40462230939092697
52,47025,0.49216279642532984
52,47026,0.7997356284761906
52,47027,0.25983618342240133
52,47028,0.39250257257529325
52,47029,0.2779396830891629
52,47030,0.35567057301669436
52,47031,0.15922235643523155
52,47032,0.03585192184079755
52,47033,0.02542358310816808
52,47034,0.01578719425526316
52,47035,0.0
52,47036,0.0
52,47037,0.0
52,47038,0.0
52,47039,0.0
52,47040,0.0
52,47041,0.0
52,47042,0.0
52,47043,0.0
52,47044,0.0
52,47045,0.0
52,47046,0.0
52,47047,0.0
52,47048,0.0
52,47101,0.0
52,47102,0.0
52,47103,0.0
52,47104,0.0
52,47105,0.0
52,47106,0.0
52,47107,0.0
52,47108,0.0
52,47109,0.0
52,47110,0.0
52,47111,0.0
52,47112,0.0
52,47113,0.0
52,47114,0.0
52,47115,0.0
52,47116,0.029494001687217386
52,47117,0.40928673139035276
52,47118,0.1972020316937878
52,47119,0.4784210267451084
52,47120,0.4863976922903959
52,47121,0.5175415700926698
52,47122,0.5806423939773937
52,47123,0.5866053866376871
52,47124,0.18676419399017427
52,47125,0.296526883033833
52,47126,0.5363252305636843
52,47127,0.2945440645384565
52,47128,0.7250589180327766
52,47129,0.3846538533723207
52,47130,0.45293299082481076
52,47131,0.1601738962971021
52,47132,0.041393375568687246
52,47133,0.0
52,47134,0.0
52,47135,0.0
52,47136,0.0
52,47137,0.0
52,47138,0.0
52,47139,0.0
52,47140,0.0
52,47141,0.0
52,47142,0.0
52,47143,0.0
52,47144,0.0
52,47145,0.0
52,47146,0.0
52,47147,0.0
52,47148,0.0
52,47201,0.0
52,47202,0.0
52,47203,0.0
52,47204,0.0
52,47205,0.0
52,47206,0.0
52,47207,0.0
52,47208,0.0
52,47209,0.0
52,47210,0.0
52,47211,0.0
52,47212,0.0
52,47213,0.0
52,47214,0.0
52,47215,0.0
52,47216,0.038763182498714806
52,47217,0.18216411406973065
52,47218,0.33799891416978706
52,47219,0.6631069205848038
52,47220,0.4436848295829469
52,47221,0.5127950843195976
52,47222,0.18154740290846147
52,47223,0.6287169270397053
52,47224,0.7839885010579937
52,47225,0.9494899790855699
52,47226,0.2133518782819157
52,47227,0.7932689471392698
52,47228,0.4248806438034633
52,47229,0.35489694111399067
52,47230,0.32476223475771654
52,47231,0.05357695993543662
52,47232,0.005758034981474337
52,47233,0.0
52,47234,0.0
52,47235,0.0
52,47236,0.0
52,47237,0.0
52,47238,0.0
52,47239,0.0
52,47240,0.0
52,47241,0.0
52,47242,0.0
52,47243,0.0
52,47244,0.0
52,47245,0.0
52,47246,0.0
52,47247,0.0
52,47248,0.0
52,47301,0.0
52,47302,0.0
52,47303,0.0
52,47304,0.0
52,47305,0.0
52,47306,0.0
52,47307,0.0
52,47308,0.0
52,47309,0.0
52,47310,0.0
52,47311,0.0
52,47312,0.0
52,47313,0.0
52,47314,0.0
52,47315,0.0
52,47316,0.01680006211345004
52,47317,0.4438740845794184
52,47318,0.2902384925757677
52,47319,0.45435847719980726
52,47320,0.2681953801609617
52,47321,0.21621387399467554
52,47322,0.8054919373750653
52,47323,0.8897489742670022
52,47324,0.5916312693165474
52,47325,0.9420742671121892
52,47326,0.5585271319608143
52,47327,0.26485699810131985
52,47328,0.4467979745714867
52,47329,0.3351486791520083
52,47330,0.2191782232899971
52,47331,0.15381978866453125
52,47332,0.012572758754133431
52,47333,0.00832781227599544
52,47334,0.0
52,47335,0.0
52,47336,0.0
52,47337,0.0
52,47338,0.0
52,47339,0.0
52,47340,0.0
52,47341,0.0
52,47342,0.0
52,47343,0.0
52,47344,0.0
52,47345,0.0
52,47346,0.0
52,47347,0.0
52,47348,0.0
52,47401,0.0
52,47402,0.0
52,47403,0.0
52,47404,0.0
52,47405,0.0
52,47406,0.0
52,47407,0.0
52,47408,0.0
52,47409,0.0
52,47410,0.0
52,47411,0.0
52,47412,0.0
52,47413,0.0
52,47414,0.0
52,47415,0.0
52,47416,0.026124069081814447
52,47417,0.12408360901522976
52,47418,0.45443256077722893
52,47419,0.7959829009087428
52,47420,0.7506038557501854
52,47421,0.4796770975027078
52,47422,0.9530619428888366
52,47423,0.44614373914620176
52,47424,0.4645199799519339
52,47425,0.8304657263637717
52,47426,0.22008329309710004
52,47427,0.33645840890862294
52,47428,0.6637560047332802
52,47429,0.3679993852263369
52,47430,0.3019746235610955
52,47431,0.1551888224008658
52,47432,0.022981182281858973
52,47433,0.0071723715066174375
52,47434,0.0
52,47435,0.0
52,47436,0.0
52,47437,0.0
52,47438,0.0
52,47439,0.0
52,47440,0.0
52,47441,0.0
52,47442,0.0
52,47443,0.0
52,47444,0.0
52,47445,0.0
52,47446,0.0
52,47447,0.0
52,47448,0.0
52,47501,0.0
52,47502,0.0
52,47503,0.0
52,47504,0.0
52,47505,0.0
52,47506,0.0
52,47507,0.0
52,47508,0.0
52,47509,0.0
52,47510,0.0
52,47511,0.0
52,47512,0.0
52,47513,0.0
52,47514,0.0
52,47515,0.0
52,47516,0.01826479944805357
52,47517,0.47124958305156656
52,47518,0.43334688646864433
52,47519,0.4089261891243434
52,47520,0.26192434417145255
52,47521,0.8051448616525676
52,47522,0.916779598671316
52,47523,0.8576726376075915
52,47524,0.9427117754412029
52,47525,0.21675600511997398
52,47526,0.20492525232670927
52,47527,0.1656537898103881
52,47528,0.43358141690167806
52,47529,0.14665133959709478
52,47530,0.3533446114295546
52,47531,0.1875320104059486
52,47532,0.026511311276093047
52,47533,0.0
52,47534,0.0
52,47535,0.0
52,47536,0.0
52,47537,0.0
52,47538,0.0
52,47539,0.0
52,47540,0.0
52,47541,0.0
52,47542,0.0
52,47543,0.0
52,47544,0.0
52,47545,0.0
52,47546,0.0
52,47547,0.0
52,47548,0.0
52,47601,0.0
52,47602,0.0
52,47603,0.0
52,47604,0.0
52,47605,0.0
52,47606,0.0
52,47607,0.0
52,47608,0.0
52,47609,0.0
52,47610,0.0
52,47611,0.0
52,47612,0.0
52,47613,0.0
52,47614,0.0
52,47615,0.02908749204105016
52,47616,0.026429479673177537
52,47617,0.3035152628322321
52,47618,0.4948977512596199
52,47619,0.34738690409812867
52,47620,0.7907592987932045
52,47621,0.7180833747805124
52,47622,0.734865126958868
52,47623,0.8550136560222611
52,47624,0.8404905319033579
52,47625,0.5777995479094105
52,47626,0.16081257646716193
52,47627,0.3431358554832134
52,47628,0.28364160681525286
52,47629,0.38396423899047283
52,47630,0.5087582714459233
52,47631,0.0707146196789594
52,47632,0.02015551473499067
52,47633,0.0
52,47634,0.0
52,47635,0.0
52,47636,0.0
52,47637,0.0
52,47638,0.0
52,47639,0.0
52,47640,0.0
52,47641,0.0
52,47642,0.0
52,47643,0.0
52,47644,0.0
52,47645,0.0
52,47646,0.0
52,47647,0.0
52,47648,0.0
52,47701,0.0
52,47702,0.0
52,47703,0.0
52,47704,0.0
52,47705,0.0
52,47706,0.0
52,47707,0.0
52,47708,0.0
52,47709,0.0
52,47710,0.0
52,47711,0.0
52,47712,0.0
52,47713,0.0
52,47714,0.0
52,47715,0.0
52,47716,0.019563013723611328
52,47717,0.06614863331638882
52,47718,0.040281242379656135
52,47719,0.08849282712318957
52,47720,0.3185260406531158
52,47721,0.29027403696445264
52,47722,0.34789314401100263
52,47723,0.2912027238472697
52,47724,0.17817981451717924
52,47725,0.18228944938826108
52,47726,0.17309797904638044
52,47727,0.2007391843060547
52,47728,0.10425844683277405
52,47729,0.06974246135618481
52,47730,0.03002796517665047
52,47731,0.07146357708871692
52,47732,0.020109067066394645
52,47733,0.02236284522665783
52,47734,0.0
52,47735,0.0
52,47736,0.0
52,47737,0.0
52,47738,0.0
52,47739,0.0
52,47740,0.0
52,47741,0.0
52,47742,0.0
52,47743,0.0
52,47744,0.0
52,47745,0.0
52,47746,0.0
52,47747,0.0
52,47748,0.0
52,47801,0.0
52,47802,0.0
52,47803,0.0
52,47804,0.0
52,47805,0.0
52,47806,0.0
52,47807,0.0
52,47808,0.0
52,47809,0.0
52,47810,0.0
52,47811,0.0
52,47812,0.0
52,47813,0.0
52,47814,0.0
52,47815,0.0
52,47816,0.013162371641957842
52,47817,0.40114645048688574
52,47818,0.31099435948838416
52,47819,0.6546688322303885
52,47820,0.3626971361717207
52,47821,0.5473205464577117
52,47822,0.7777961492595216
52,47823,0.816636965081773
52,47824,0.659442544761477
52,47825,0.17812092387217648
52,47826,0.6119884748707506
52,47827,0.3216569879164901
52,47828,0.16940956464434795
52,47829,0.21155674803992422
52,47830,0.2171023458659602
52,47831,0.046501757273255874
52,47832,0.02067411185743265
52,47833,0.0
52,47834,0.0
52,47835,0.0
52,47836,0.0
52,47837,0.0
52,47838,0.0
52,47839,0.0
52,47840,0.0
52,47841,0.0
52,47842,0.0
52,47843,0.0
52,47844,0.0
52,47845,0.0
52,47846,0.0
52,47847,0.0
52,47848,0.0
52,47901,0.0
52,47902,0.0
52,47903,0.0
52,47904,0.0
52,47905,0.0
52,47906,0.0
52,47907,0.0
52,47908,0.0
52,47909,0.0
52,47910,0.0
52,47911,0.0
52,47912,0.0
52,47913,0.0
52,47914,0.0
52,47915,0.0
52,47916,0.017922138792543587
52,47917,0.09443312271635675
52,47918,0.02874002844817048
52,47919,0.08719558906312533
52,47920,0.15912985421828754
52,47921,0.1318527423845037
52,47922,0.13268887508639177
52,47923,0.10010659651765225
52,47924,0.37685017981140095
52,47925,0.13843313553664832
52,47926,0.11299567696665341
52,47927,0.14815576202105524
52,47928,0.17265184315707927
52,47929,0.0631309090415227
52,47930,0.09127167280862432
52,47931,0.08266023151414956
52,47932,0.0732878244022804
52,47933,0.025665824330026298
52,47934,0.0
52,47935,0.0
52,47936,0.0
52,47937,0.0
52,47938,0.0
52,47939,0.0
52,47940,0.0
52,47941,0.0
52,47942,0.0
52,47943,0.0
52,47944,0.0
52,47945,0.0
52,47946,0.0
52,47947,0.0
52,47948,0.0
52,48001,0.0
52,48002,0.0
52,48003,0.0
52,48004,0.0
52,48005,0.0
52,48006,0.0
52,48007,0.0
52,48008,0.0
52,48009,0.0
52,48010,0.0
52,48011,0.0
52,48012,0.0
52,48013,0.0
52,48014,0.0
52,48015,0.0
52,48016,0.017169522986199323
52,48017,0.11829751850809164
52,48018,0.10708928206514094
52,48019,0.16940443857659204
52,48020,0.031786222646333025
52,48021,0.23257329961709686
52,48022,0.4802386277795237
52,48023,0.36125604627178143
52,48024,0.1407260604072002
52,48025,0.7399070909033763
52,48026,0.3037055435016104
52,48027,0.23607857130124874
52,48028,0.07931847481734358
52,48029,0.04762237524707672
52,48030,0.1923032236625937
52,48031,0.1533508326004403
52,48032,0.09471141024082293
52,48033,0.011837035421709267
52,48034,0.0
52,48035,0.0
52,48036,0.0
52,48037,0.0
52,48038,0.0
52,48039,0.0
52,48040,0.0
52,48041,0.0
52,48042,0.0
52,48043,0.0
52,48044,0.0
52,48045,0.0
52,48046,0.0
52,48047,0.0
52,48048,0.0
52,48101,0.0
52,48102,0.0
52,48103,0.0
52,48104,0.0
52,48105,0.0
52,48106,0.0
52,48107,0.0
52,48108,0.0
52,48109,0.0
52,48110,0.0
52,48111,0.0
52,48112,0.0
52,48113,0.0
52,48114,0.0
52,48115,0.0
52,48116,0.024619854750810664
52,48117,0.049568213383463046
52,48118,0.15501766791523883
52,48119,0.2511773586355506
52,48120,0.06542981908756146
52,48121,0.10352207849492413
52,48122,0.6205206760754634
52,48123,0.29915975779141096
52,48124,0.07749560265856159
52,48125,0.27910298058845445
52,48126,0.21243758774037302
52,48127,0.3894784244416779
52,48128,0.32535894975384344
52,48129,0.3089819607037884
52,48130,0.10423856040634018
52,48131,0.06167866794230749
52,48132,0.04710309133141667
52,48133,0.007347078851108847
52,48134,0.0
52,48135,0.0
52,48136,0.0
52,48137,0.0
52,48138,0.0
52,48139,0.0
52,48140,0.0
52,48141,0.0
52,48142,0.0
52,48143,0.0
52,48144,0.0
52,48145,0.0
52,48146,0.0
52,48147,0.0
52,48148,0.0
52,48201,0.0
52,48202,0.0
52,48203,0.0
52,48204,0.0
52,48205,0.0
52,48206,0.0
52,48207,0.0
52,48208,0.0
52,48209,0.0
52,48210,0.0
52,48211,0.0
52,48212,0.0
52,48213,0.0
52,48214,0.0
52,48215,0.007238268472561853
52,48216,0.1579295452020728
52,48217,0.3361550070145576
52,48218,0.2273612095182738
52,48219,0.5658174757836908
52,48220,0.7899461701015251
52,48221,0.8846611681288532
52,48222,0.6330003047363173
52,48223,0.8182938340942624
52,48224,0.7651548650365908
52,48225,0.29641028991790885
52,48226,0.807299950666751
52,48227,0.4034453642087329
52,48228,0.21745375205013495
52,48229,0.039829501577938735
52,48230,0.015355392131707833
52,48231,0.07100519537768193
52,48232,0.03516661776529647
52,48233,0.027080810848566665
52,48234,0.0
52,48235,0.0
52,48236,0.0
52,48237,0.0
52,48238,0.0
52,48239,0.0
52,48240,0.0
52,48241,0.0
52,48242,0.0
52,48243,0.0
52,48244,0.0
52,48245,0.0
52,48246,0.0
52,48247,0.0
52,48248,0.0
52,48301,0.0
52,48302,0.0
52,48303,0.0
52,48304,0.0
52,48305,0.0
52,48306,0.0
52,48307,0.0
52,48308,0.0
52,48309,0.0
52,48310,0.0
52,48311,0.0
52,48312,0.0
52,48313,0.0
52,48314,0.0
52,48315,0.0
52,48316,0.14356792174993563
52,48317,0.25024633796012136
52,48318,0.1739560446695541
52,48319,0.6872435954609921
52,48320,0.3433604210470706
52,48321,0.2034612433292646
52,48322,0.6453388199870067
52,48323,0.24079232885625504
52,48324,0.476582851650635
52,48325,0.3863671830536704
52,48326,0.34173118577649897
52,48327,0.553687086843204
52,48328,0.43117045806683424
52,48329,0.5140768937135698
52,48330,0.15973171874922748
52,48331,0.1730071416486515
52,48332,0.03713659145118708
52,48333,0.015417347763567592
52,48334,0.0
52,48335,0.0
52,48336,0.0
52,48337,0.0
52,48338,0.0
52,48339,0.0
52,48340,0.0
52,48341,0.0
52,48342,0.0
52,48343,0.0
52,48344,0.0
52,48345,0.0
52,48346,0.0
52,48347,0.0
52,48348,0.0
52,48401,0.0
52,48402,0.0
52,48403,0.0
52,48404,0.0
52,48405,0.0
52,48406,0.0
52,48407,0.0
52,48408,0.0
52,48409,0.0
52,48410,0.0
52,48411,0.0
52,48412,0.0
52,48413,0.0
52,48414,0.0
52,48415,0.0
52,48416,0.026398534905336193
52,48417,0.009235705091220377
52,48418,0.09658124740339286
52,48419,0.028407741522016965
52,48420,0.10554040257452181
52,48421,0.0265412871231215
52,48422,0.0
52,48423,0.02604443805923062
52,48424,0.055870640464475034
52,48425,0.07174887687821728
52,48426,0.5038494631689633
52,48427,0.0950214741775087
52,48428,0.23993926967590803
52,48429,0.07849726316822449
52,48430,0.031063635908057653
52,48431,0.033372929036742015
52,48432,0.034386688804787235
52,48433,0.034804161432641256
52,48434,0.0
52,48435,0.0
52,48436,0.0
52,48437,0.0
52,48438,0.0
52,48439,0.0
52,48440,0.0
52,48441,0.0
52,48442,0.0
52,48443,0.0
52,48444,0.0
52,48445,0.0
52,48446,0.0
52,48447,0.0
52,48448,0.0
52,48501,0.0
52,48502,0.0
52,48503,0.0
52,48504,0.0
52,48505,0.0
52,48506,0.0
52,48507,0.0
52,48508,0.0
52,48509,0.0
52,48510,0.0
52,48511,0.0
52,48512,0.0
52,48513,0.0
52,48514,0.0
52,48515,0.0
52,48516,0.08086952745255427
52,48517,0.191917869944396
52,48518,0.11945540880342978
52,48519,0.02147291802141939
52,48520,0.06953562097912999
52,48521,0.1527897520844522
52,48522,0.26870487007275795
52,48523,0.057841423779989985
52,48524,0.012381907996528961
52,48525,0.014024887734100691
52,48526,0.1297206055250823
52,48527,0.027564347677288138
52,48528,0.02221485179173245
52,48529,0.0
52,48530,0.0
52,48531,0.0
52,48532,0.0
52,48533,0.0
52,48534,0.0
52,48535,0.0
52,48536,0.0
52,48537,0.0
52,48538,0.0
52,48539,0.0
52,48540,0.0
52,48541,0.0
52,48542,0.0
52,48543,0.0
52,48544,0.0
52,48545,0.0
52,48546,0.0
52,48547,0.0
52,48548,0.0
52,48601,0.0
52,48602,0.0
52,48603,0.0
52,48604,0.0
52,48605,0.0
52,48606,0.0
52,48607,0.0
52,48608,0.0
52,48609,0.0
52,48610,0.0
52,48611,0.0
52,48612,0.0
52,48613,0.0
52,48614,0.0
52,48615,0.0
52,48616,0.023595284624206413
52,48617,0.19809578656202007
52,48618,0.07139812598487083
52,48619,0.2112876656813285
52,48620,0.10554966281291009
52,48621,0.3424113938114883
52,48622,0.0649752018733085
52,48623,0.21314855421340123
52,48624,0.14434470142388256
52,48625,0.02455694286655725
52,48626,0.01651133958041602
52,48627,0.11008544696000427
52,48628,0.08856421478790748
52,48629,0.11336506418994464
52,48630,0.0174486778409046
52,48631,0.012547127929945672
52,48632,0.018835773303302734
52,48633,0.0
52,48634,0.0
52,48635,0.0
52,48636,0.0
52,48637,0.0
52,48638,0.0
52,48639,0.0
52,48640,0.0
52,48641,0.0
52,48642,0.0
52,48643,0.0
52,48644,0.0
52,48645,0.0
52,48646,0.0
52,48647,0.0
52,48648,0.0
52,48701,0.0
52,48702,0.0
52,48703,0.0
52,48704,0.0
52,48705,0.0
52,48706,0.0
52,48707,0.0
52,48708,0.0
52,48709,0.0
52,48710,0.0
52,48711,0.0
52,48712,0.0
52,48713,0.0
52,48714,0.0
52,48715,0.0
52,48716,0.0
52,48717,0.1431364028334747
52,48718,0.30905220826490876
52,48719,0.10576892088367708
52,48720,0.41601045101123996
52,48721,0.3706431310747989
52,48722,0.12758278070094467
52,48723,0.3035694864945738
52,48724,0.21077932640170102
52,48725,0.47085689373770107
52,48726,0.14569760711441565
52,48727,0.3700662232660874
52,48728,0.3679366927363242
52,48729,0.09697378787849222
52,48730,0.09938524080940032
52,48731,0.05588360450579032
52,48732,0.050305909189431834
52,48733,0.08910864212207274
52,48734,0.0
52,48735,0.0
52,48736,0.0
52,48737,0.0
52,48738,0.0
52,48739,0.0
52,48740,0.0
52,48741,0.0
52,48742,0.0
52,48743,0.0
52,48744,0.0
52,48745,0.0
52,48746,0.0
52,48747,0.0
52,48748,0.0
52,48801,0.0
52,48802,0.0
52,48803,0.0
52,48804,0.0
52,48805,0.0
52,48806,0.0
52,48807,0.0
52,48808,0.0
52,48809,0.0
52,48810,0.0
52,48811,0.0
52,48812,0.0
52,48813,0.0
52,48814,0.0
52,48815,0.0
52,48816,0.060593231135736475
52,48817,0.034201500943193464
52,48818,0.09370966741556551
52,48819,0.1514569863003234
52,48820,0.49808896134068753
52,48821,0.4366655303792311
52,48822,0.3001235956556515
52,48823,0.3377771881208384
52,48824,0.32447504773979613
52,48825,0.43405169051872955
52,48826,0.28942358518939726
52,48827,0.39350227421501244
52,48828,0.31286885321473235
52,48829,0.4618348355421269
52,48830,0.30068222955553003
52,48831,0.041551277225081125
52,48832,0.010736564750009267
52,48833,0.01920765548493941
52,48834,0.0
52,48835,0.0
52,48836,0.0
52,48837,0.0
52,48838,0.0
52,48839,0.0
52,48840,0.0
52,48841,0.0
52,48842,0.0
52,48843,0.0
52,48844,0.0
52,48845,0.0
52,48846,0.0
52,48847,0.0
52,48848,0.0
52,48901,0.0
52,48902,0.0
52,48903,0.0
52,48904,0.0
52,48905,0.0
52,48906,0.0
52,48907,0.0
52,48908,0.0
52,48909,0.0
52,48910,0.0
52,48911,0.0
52,48912,0.0
52,48913,0.0
52,48914,0.0
52,48915,0.0
52,48916,0.1981322792946168
52,48917,0.022849679923457506
52,48918,0.0577478242651034
52,48919,0.07624610741510537
52,48920,0.5161979686867055
52,48921,0.3129670247697493
52,48922,0.22158337788279747
52,48923,0.6207463997083109
52,48924,0.3554743416687481
52,48925,0.8445792607113113
52,48926,0.7343817511537215
52,48927,0.6154129011240432
52,48928,0.49510276907203243
52,48929,0.5486442839159074
52,48930,0.27546315332512106
52,48931,0.15595775599630116
52,48932,0.02129302535275782
52,48933,0.015761565323686152
52,48934,0.0
52,48935,0.0
52,48936,0.0
52,48937,0.0
52,48938,0.0
52,48939,0.0
52,48940,0.0
52,48941,0.0
52,48942,0.0
52,48943,0.0
52,48944,0.0
52,48945,0.0
52,48946,0.0
52,48947,0.0
52,48948,0.0
52,49001,0.0
52,49002,0.0
52,49003,0.0
52,49004,0.0
52,49005,0.0
52,49006,0.0
52,49007,0.0
52,49008,0.0
52,49009,0.0
52,49010,0.0
52,49011,0.0
52,49012,0.0
52,49013,0.0
52,49014,0.0
52,49015,0.0
52,49016,0.11567096964290711
52,49017,0.19927593855288023
52,49018,0.35669577248057976
52,49019,0.44286721768835313
52,49020,0.7217922105782827
52,49021,0.32817366818965693
52,49022,0.6700695341575559
52,49023,0.865082784195671
52,49024,0.738687842262288
52,49025,0.23602909930403043
52,49026,0.8060312497929647
52,49027,0.22886256553679937
52,49028,0.47938153062858907
52,49029,0.27040377367984586
52,49030,0.07630761405319825
52,49031,0.027342104163840947
52,49032,0.021526318232652927
52,49033,0.028306628562163674
52,49034,0.0060080273065097715
52,49035,0.0
52,49036,0.0
52,49037,0.0
52,49038,0.0
52,49039,0.0
52,49040,0.0
52,49041,0.0
52,49042,0.0
52,49043,0.0
52,49044,0.0
52,49045,0.0
52,49046,0.0
52,49047,0.0
52,49048,0.0
52,49101,0.0
52,49102,0.0
52,49103,0.0
52,49104,0.0
52,49105,0.0
52,49106,0.0
52,49107,0.0
52,49108,0.0
52,49109,0.0
52,49110,0.0
52,49111,0.0
52,49112,0.0
52,49113,0.0
52,49114,0.0
52,49115,0.016341379273093207
52,49116,0.13644913182657303
52,49117,0.08900368368157477
52,49118,0.3972693604896562
52,49119,0.3818790351991434
52,49120,0.41546040983928884
52,49121,0.34983316805745734
52,49122,0.6179068522044929
52,49123,0.1919545025696263
52,49124,0.8524307399970014
52,49125,0.293625367092928
52,49126,0.657993763967213
52,49127,0.4842398887293346
52,49128,0.2528550140774502
52,49129,0.34195959575930845
52,49130,0.20635744890768637
52,49131,0.21478369442347947
52,49132,0.06971560905145416
52,49133,0.006930339142340001
52,49134,0.0
52,49135,0.0
52,49136,0.0
52,49137,0.0
52,49138,0.0
52,49139,0.0
52,49140,0.0
52,49141,0.0
52,49142,0.0
52,49143,0.0
52,49144,0.0
52,49145,0.0
52,49146,0.0
52,49147,0.0
52,49148,0.0
52,49201,0.0
52,49202,0.0
52,49203,0.0
52,49204,0.0
52,49205,0.0
52,49206,0.0
52,49207,0.0
52,49208,0.0
52,49209,0.0
52,49210,0.0
52,49211,0.0
52,49212,0.0
52,49213,0.0
52,49214,0.0
52,49215,0.06775493456597093
52,49216,0.15072448621215484
52,49217,0.557272275426895
52,49218,0.397258348641248
52,49219,0.1779239083438076
52,49220,0.910953718514617
52,49221,0.3301823807049705
52,49222,0.9023419849942033
52,49223,0.327547104208456
52,49224,0.2698181831923374
52,49225,0.6401929259607099
52,49226,0.5881598047960516
52,49227,0.3814959234921315
52,49228,0.8035928579260995
52,49229,0.23799935254658164
52,49230,0.1867822500491117
52,49231,0.16449149595452567
52,49232,0.0312558503804364
52,49233,0.01620573410819492
52,49234,0.0
52,49235,0.0
52,49236,0.0
52,49237,0.0
52,49238,0.0
52,49239,0.0
52,49240,0.0
52,49241,0.0
52,49242,0.0
52,49243,0.0
52,49244,0.0
52,49245,0.0
52,49246,0.0
52,49247,0.0
52,49248,0.0
52,49301,0.0
52,49302,0.0
52,49303,0.0
52,49304,0.0
52,49305,0.0
52,49306,0.0
52,49307,0.0
52,49308,0.0
52,49309,0.0
52,49310,0.0
52,49311,0.0
52,49312,0.0
52,49313,0.0
52,49314,0.0
52,49315,0.0
52,49316,0.265096594470592
52,49317,0.5576162980379694
52,49318,0.13226810104812708
52,49319,0.7162359365984812
52,49320,0.7634876304024252
52,49321,0.8961870484368804
52,49322,0.4334314373082845
52,49323,0.7563022597099067
52,49324,0.7653895557902243
52,49325,0.7943717611742155
52,49326,0.4170805028748123
52,49327,0.38325555368239056
52,49328,0.799264615348428
52,49329,0.7117780679021709
52,49330,0.1203364783163276
52,49331,0.25603042383749924
52,49332,0.025437608515894966
52,49333,0.010531580529865959
52,49334,0.0
52,49335,0.0
52,49336,0.0
52,49337,0.0
52,49338,0.0
52,49339,0.0
52,49340,0.0
52,49341,0.0
52,49342,0.0
52,49343,0.0
52,49344,0.0
52,49345,0.0
52,49346,0.0
52,49347,0.0
52,49348,0.0
52,49401,0.0
52,49402,0.0
52,49403,0.0
52,49404,0.0
52,49405,0.0
52,49406,0.0
52,49407,0.0
52,49408,0.0
52,49409,0.0
52,49410,0.0
52,49411,0.0
52,49412,0.0
52,49413,0.0
52,49414,0.0
52,49415,0.022866408275404898
52,49416,0.384488728802047
52,49417,0.5455615423066087
52,49418,0.6685508033862828
52,49419,0.23295166408308263
52,49420,0.262930103770138
52,49421,0.2279544092244723
52,49422,0.5841241335481512
52,49423,0.5413085659753325
52,49424,0.9919204023420092
52,49425,0.44485779571688144
52,49426,0.20474985724715547
52,49427,0.45405068111511265
52,49428,0.6993589584876707
52,49429,0.5497915336474212
52,49430,0.5074768752818366
52,49431,0.10833886931157605
52,49432,0.015204232118135621
52,49433,0.024769994080783123
52,49434,0.0
52,49435,0.0
52,49436,0.0
52,49437,0.0
52,49438,0.0
52,49439,0.0
52,49440,0.0
52,49441,0.0
52,49442,0.0
52,49443,0.0
52,49444,0.0
52,49445,0.0
52,49446,0.0
52,49447,0.0
52,49448,0.0
52,49501,0.0
52,49502,0.0
52,49503,0.0
52,49504,0.0
52,49505,0.0
52,49506,0.0
52,49507,0.0
52,49508,0.0
52,49509,0.0
52,49510,0.0
52,49511,0.0
52,49512,0.0
52,49513,0.0
52,49514,0.0
52,49515,0.0
52,49516,0.15441286230464243
52,49517,0.4107414846580274
52,49518,0.5758109913696677
52,49519,0.2668153844168472
52,49520,0.9025132689479156
52,49521,0.7095601742243438
52,49522,0.8019955561958823
52,49523,0.6302146020709575
52,49524,0.40704352688951617
52,49525,0.8824416726182283
52,49526,0.5237455489466434
52,49527,0.8473940697751358
52,49528,0.19569041179870836
52,49529,0.266256526633265
52,49530,0.16376944869471136
52,49531,0.13356068921349115
52,49532,0.0787617146244192
52,49533,0.015270920790589795
52,49534,0.0
52,49535,0.0
52,49536,0.0
52,49537,0.0
52,49538,0.0
52,49539,0.0
52,49540,0.0
52,49541,0.0
52,49542,0.0
52,49543,0.0
52,49544,0.0
52,49545,0.0
52,49546,0.0
52,49547,0.0
52,49548,0.0
52,49601,0.0
52,49602,0.0
52,49603,0.0
52,49604,0.0
52,49605,0.0
52,49606,0.0
52,49607,0.0
52,49608,0.0
52,49609,0.0
52,49610,0.0
52,49611,0.0
52,49612,0.0
52,49613,0.0
52,49614,0.0
52,49615,0.04907781512447719
52,49616,0.08707888001374867
52,49617,0.47192834784303334
52,49618,0.4221640408138762
52,49619,0.7055778006015649
52,49620,0.39482034372110386
52,49621,0.3002074047953687
52,49622,0.48442803897888465
52,49623,0.5559660474469649
52,49624,0.4316094570313747
52,49625,0.2676019508829265
52,49626,0.35375151937495863
52,49627,0.35113582382828307
52,49628,0.18213021072304103
52,49629,0.5870157413762959
52,49630,0.3466731735223571
52,49631,0.24453058143483924
52,49632,0.04563728673011773
52,49633,0.05434818209059615
52,49634,0.01398319630440462
52,49635,0.0
52,49636,0.0
52,49637,0.0
52,49638,0.0
52,49639,0.0
52,49640,0.0
52,49641,0.0
52,49642,0.0
52,49643,0.0
52,49644,0.0
52,49645,0.0
52,49646,0.0
52,49647,0.0
52,49648,0.0
52,49701,0.0
52,49702,0.0
52,49703,0.0
52,49704,0.0
52,49705,0.0
52,49706,0.0
52,49707,0.0
52,49708,0.0
52,49709,0.0
52,49710,0.0
52,49711,0.0
52,49712,0.0
52,49713,0.0
52,49714,0.0
52,49715,0.04848706706665686
52,49716,0.325915564131494
52,49717,0.3221057521989931
52,49718,0.38939301538011634
52,49719,0.5699476448998219
52,49720,0.6121149706061956
52,49721,0.304116637521003
52,49722,0.6368880123519212
52,49723,0.26501203812460256
52,49724,0.7456254767209008
52,49725,0.8633251249974183
52,49726,0.24139962302836274
52,49727,0.8280949027983379
52,49728,0.18210526195582893
52,49729,0.556429627628449
52,49730,0.2573860761301541
52,49731,0.2559231894280223
52,49732,0.0750243024718877
52,49733,0.009655326988089115
52,49734,0.0
52,49735,0.0
52,49736,0.0
52,49737,0.0
52,49738,0.0
52,49739,0.0
52,49740,0.0
52,49741,0.0
52,49742,0.0
52,49743,0.0
52,49744,0.0
52,49745,0.0
52,49746,0.0
52,49747,0.0
52,49748,0.0
52,49801,0.0
52,49802,0.0
52,49803,0.0
52,49804,0.0
52,49805,0.0
52,49806,0.0
52,49807,0.0
52,49808,0.0
52,49809,0.0
52,49810,0.0
52,49811,0.0
52,49812,0.0
52,49813,0.0
52,49814,0.0
52,49815,0.031772330124776385
52,49816,0.29257734746776887
52,49817,0.04797611697312056
52,49818,0.021861735654974505
52,49819,0.013811803865464744
52,49820,0.3411681202560328
52,49821,0.10754303510673095
52,49822,0.10390403547656077
52,49823,0.1703171242156266
52,49824,0.17099433395087327
52,49825,0.2797681229185594
52,49826,0.8479203519140222
52,49827,0.1818543450279335
52,49828,0.7483256649732568
52,49829,0.2115138877823467
52,49830,0.3222048529832194
52,49831,0.07943065480213415
52,49832,0.047941386127863764
52,49833,0.023095106953641854
52,49834,0.0
52,49835,0.0
52,49836,0.0
52,49837,0.0
52,49838,0.0
52,49839,0.0
52,49840,0.0
52,49841,0.0
52,49842,0.0
52,49843,0.0
52,49844,0.0
52,49845,0.0
52,49846,0.0
52,49847,0.0
52,49848,0.0
52,49901,0.0
52,49902,0.0
52,49903,0.0
52,49904,0.0
52,49905,0.0
52,49906,0.0
52,49907,0.0
52,49908,0.0
52,49909,0.0
52,49910,0.0
52,49911,0.0
52,49912,0.0
52,49913,0.0
52,49914,0.0
52,49915,0.10371623292999027
52,49916,0.15230547480599343
52,49917,0.31462372595266364
52,49918,0.3171951688983904
52,49919,0.7342801124666978
52,49920,0.2775251579027261
52,49921,0.7612761491636348
52,49922,0.6597424855622191
52,49923,0.21969036348606347
52,49924,0.9284942597088087
52,49925,0.6388786567855469
52,49926,0.1774297666610725
52,49927,0.35487236682358736
52,49928,0.7704839465765411
52,49929,0.6319651338071458
52,49930,0.16929884136971307
52,49931,0.17217892057783676
52,49932,0.079826767907166
52,49933,0.0074961954543611145
52,49934,0.0
52,49935,0.0
52,49936,0.0
52,49937,0.0
52,49938,0.0
52,49939,0.0
52,49940,0.0
52,49941,0.0
52,49942,0.0
52,49943,0.0
52,49944,0.0
52,49945,0.0
52,49946,0.0
52,49947,0.0
52,49948,0.0
52,50001,0.0
52,50002,0.0
52,50003,0.0
52,50004,0.0
52,50005,0.0
52,50006,0.0
52,50007,0.0
52,50008,0.0
52,50009,0.0
52,50010,0.0
52,50011,0.0
52,50012,0.0
52,50013,0.0
52,50014,0.0
52,50015,0.030305139488433292
52,50016,0.1103948087730778
52,50017,0.3810696246454741
52,50018,0.464464083225523
52,50019,0.29836699753269325
52,50020,0.4416768854399087
52,50021,0.8749918960249145
52,50022,0.5802141181983883
52,50023,0.4754865896822031
52,50024,1.062314899318348
52,50025,0.7657662515654986
52,50026,0.6351979845090893
52,50027,0.6538919798047373
52,50028,0.1599020974551961
52,50029,0.37231675863038655
52,50030,0.16761789748396208
52,50031,0.23079003221981537
52,50032,0.0639584895515649
52,50033,0.022889536922574064
52,50034,0.0
52,50035,0.0
52,50036,0.0
52,50037,0.0
52,50038,0.0
52,50039,0.0
52,50040,0.0
52,50041,0.0
52,50042,0.0
52,50043,0.0
52,50044,0.0
52,50045,0.0
52,50046,0.0
52,50047,0.0
52,50048,0.0
52,50101,0.0
52,50102,0.0
52,50103,0.0
52,50104,0.0
52,50105,0.0
52,50106,0.0
52,50107,0.0
52,50108,0.0
52,50109,0.0
52,50110,0.0
52,50111,0.0
52,50112,0.0
52,50113,0.0
52,50114,0.0
52,50115,0.041699831596410115
52,50116,0.24331864729430305
52,50117,0.3245831055738634
52,50118,0.42406665520153447
52,50119,0.8160301617617806
52,50120,0.415760217280096
52,50121,0.7629625569803207
52,50122,0.275606537134176
52,50123,0.3477308220467627
52,50124,0.5137248339034465
52,50125,0.36941331540765676
52,50126,0.4434205888741335
52,50127,0.9572488421934316
52,50128,0.7171734530743923
52,50129,0.3013719102066287
52,50130,0.23634493521898053
52,50131,0.24553326141417858
52,50132,0.15160938298592408
52,50133,0.03175879425145885
52,50134,0.010656960882405331
52,50135,0.0
52,50136,0.0
52,50137,0.0
52,50138,0.0
52,50139,0.0
52,50140,0.0
52,50141,0.0
52,50142,0.0
52,50143,0.0
52,50144,0.0
52,50145,0.0
52,50146,0.0
52,50147,0.0
52,50148,0.0
52,50201,0.0
52,50202,0.0
52,50203,0.0
52,50204,0.0
52,50205,0.0
52,50206,0.0
52,50207,0.0
52,50208,0.0
52,50209,0.0
52,50210,0.0
52,50211,0.0
52,50212,0.0
52,50213,0.0
52,50214,0.0
52,50215,0.0
52,50216,0.0
52,50217,0.017347832906574795
52,50218,0.017588601060377625
52,50219,0.022751555972716737
52,50220,0.027158825589893975
52,50221,0.05321426287128986
52,50222,0.037128026248135944
52,50223,0.10870920789483318
52,50224,0.1035921469682968
52,50225,0.11230719077847051
52,50226,0.11135794871573357
52,50227,0.6676965118025934
52,50228,0.417636820828892
52,50229,0.41092938918923866
52,50230,0.24856849503129153
52,50231,0.03565626538305957
52,50232,0.02099952360501755
52,50233,0.05806535169669951
52,50234,0.024433348993578533
52,50235,0.0
52,50236,0.0
52,50237,0.0
52,50238,0.0
52,50239,0.0
52,50240,0.0
52,50241,0.0
52,50242,0.0
52,50243,0.0
52,50244,0.0
52,50245,0.0
52,50246,0.0
52,50247,0.0
52,50248,0.0
52,50301,0.0
52,50302,0.0
52,50303,0.0
52,50304,0.0
52,50305,0.0
52,50306,0.0
52,50307,0.0
52,50308,0.0
52,50309,0.0
52,50310,0.0
52,50311,0.0
52,50312,0.0
52,50313,0.0
52,50314,0.0
52,50315,0.06496446960936356
52,50316,0.3655248437761265
52,50317,0.4022506975099123
52,50318,0.30548165197455157
52,50319,0.774324234793449
52,50320,0.4556214112846044
52,50321,0.7863175376038517
52,50322,0.5743891583388059
52,50323,0.49449927925200154
52,50324,0.35665367432159917
52,50325,0.24133195553646591
52,50326,0.15375346696456538
52,50327,0.07069057380712977
52,50328,0.6012961977629747
52,50329,0.295480941736601
52,50330,0.12259572797810835
52,50331,0.4534184536846739
52,50332,0.08731053583993215
52,50333,0.022442436748661313
52,50334,0.0
52,50335,0.0
52,50336,0.0
52,50337,0.0
52,50338,0.0
52,50339,0.0
52,50340,0.0
52,50341,0.0
52,50342,0.0
52,50343,0.0
52,50344,0.0
52,50345,0.0
52,50346,0.0
52,50347,0.0
52,50348,0.0
52,50401,0.0
52,50402,0.0
52,50403,0.0
52,50404,0.0
52,50405,0.0
52,50406,0.0
52,50407,0.0
52,50408,0.0
52,50409,0.0
52,50410,0.0
52,50411,0.0
52,50412,0.0
52,50413,0.0
52,50414,0.0
52,50415,0.0
52,50416,0.09567228202287671
52,50417,0.059119399044315346
52,50418,0.19604923713032274
52,50419,0.6519666123475419
52,50420,0.13591976581203
52,50421,0.3001616584464775
52,50422,0.8989862653208804
52,50423,0.39323697624652854
52,50424,0.4132228767517547
52,50425,0.14731368740356535
52,50426,0.1370538513085835
52,50427,0.44196824679516916
52,50428,0.8142932001985482
52,50429,0.41592397902383677
52,50430,0.19797322102606793
52,50431,0.3258211988716703
52,50432,0.07185675327583152
52,50433,0.022176302291928244
52,50434,0.0
52,50435,0.0
52,50436,0.0
52,50437,0.0
52,50438,0.0
52,50439,0.0
52,50440,0.0
52,50441,0.0
52,50442,0.0
52,50443,0.0
52,50444,0.0
52,50445,0.0
52,50446,0.0
52,50447,0.0
52,50448,0.0
52,50501,0.0
52,50502,0.0
52,50503,0.0
52,50504,0.0
52,50505,0.0
52,50506,0.0
52,50507,0.0
52,50508,0.0
52,50509,0.0
52,50510,0.0
52,50511,0.0
52,50512,0.0
52,50513,0.0
52,50514,0.0
52,50515,0.18382648813923988
52,50516,0.3355505059443234
52,50517,0.2763949589797234
52,50518,0.20149574629635975
52,50519,0.624587324789562
52,50520,0.7271573373850708
52,50521,0.9908950340343619
52,50522,0.3048119813194948
52,50523,0.6357804012899066
52,50524,0.2487229307820472
52,50525,0.4414106540012007
52,50526,0.418616895165444
52,50527,0.16580689271975388
52,50528,0.8006370773790378
52,50529,0.24127172298337374
52,50530,0.24594761332322745
52,50531,0.2953671268599661
52,50532,0.0484097492010307
52,50533,0.0334661677000863
52,50534,0.015566578567110963
52,50535,0.0
52,50536,0.0
52,50537,0.0
52,50538,0.0
52,50539,0.0
52,50540,0.0
52,50541,0.0
52,50542,0.0
52,50543,0.0
52,50544,0.0
52,50545,0.0
52,50546,0.0
52,50547,0.0
52,50548,0.0
52,50601,0.0
52,50602,0.0
52,50603,0.0
52,50604,0.0
52,50605,0.0
52,50606,0.0
52,50607,0.0
52,50608,0.0
52,50609,0.0
52,50610,0.0
52,50611,0.0
52,50612,0.0
52,50613,0.0
52,50614,0.0
52,50615,0.1229917588723005
52,50616,0.36070328932056034
52,50617,0.5044192686555314
52,50618,0.29603194291835216
52,50619,0.7626818173219191
52,50620,0.8261940747037484
52,50621,0.2290396931095183
52,50622,0.48973175230538385
52,50623,0.2721174539180118
52,50624,1.0218623561796536
52,50625,0.35527530255944056
52,50626,0.25878011925208316
52,50627,0.23142302995306716
52,50628,0.3406582184032258
52,50629,0.4198446460588998
52,50630,0.211710489758941
52,50631,0.11290089363093385
52,50632,0.08329251592150601
52,50633,0.010324710503309003
52,50634,0.011719895873842225
52,50635,0.0
52,50636,0.0
52,50637,0.0
52,50638,0.0
52,50639,0.0
52,50640,0.0
52,50641,0.0
52,50642,0.0
52,50643,0.0
52,50644,0.0
52,50645,0.0
52,50646,0.0
52,50647,0.0
52,50648,0.0
52,50701,0.0
52,50702,0.0
52,50703,0.0
52,50704,0.0
52,50705,0.0
52,50706,0.0
52,50707,0.0
52,50708,0.0
52,50709,0.0
52,50710,0.0
52,50711,0.0
52,50712,0.0
52,50713,0.0
52,50714,0.0
52,50715,0.0
52,50716,0.021622330075202725
52,50717,0.07178117520349463
52,50718,0.11190416303674446
52,50719,0.6639344140434882
52,50720,0.5340051495570634
52,50721,0.3821040035437374
52,50722,0.33726192510867
52,50723,0.2772555121946138
52,50724,0.3642701202165769
52,50725,0.09392339343433233
52,50726,0.2520809283701561
52,50727,0.26659941095119377
52,50728,0.49477060068958806
52,50729,0.34966819287096107
52,50730,0.10707457556580326
52,50731,0.25596121451256576
52,50732,0.029955091753860557
52,50733,0.017541207881253854
52,50734,0.01478515763716798
52,50735,0.0
52,50736,0.0
52,50737,0.0
52,50738,0.0
52,50739,0.0
52,50740,0.0
52,50741,0.0
52,50742,0.0
52,50743,0.0
52,50744,0.0
52,50745,0.0
52,50746,0.0
52,50747,0.0
52,50748,0.0
52,50801,0.0
52,50802,0.0
52,50803,0.0
52,50804,0.0
52,50805,0.0
52,50806,0.0
52,50807,0.0
52,50808,0.0
52,50809,0.0
52,50810,0.0
52,50811,0.0
52,50812,0.0
52,50813,0.0
52,50814,0.0
52,50815,0.07519052398790181
52,50816,0.07948494082963213
52,50817,0.6143397671857448
52,50818,0.48383995354532533
52,50819,0.3224982633871531
52,50820,0.2276379451429819
52,50821,0.8400554811780453
52,50822,0.32139964542718735
52,50823,0.8601594756107764
52,50824,0.12321560432878635
52,50825,0.1141179440807712
52,50826,0.1701578421009257
52,50827,0.05232912333219794
52,50828,0.16824027411055953
52,50829,0.4079015589089292
52,50830,0.2851490743550412
52,50831,0.0910865711252762
52,50832,0.035181270064296104
52,50833,0.03581410043563052
52,50834,0.01487544543319675
52,50835,0.0
52,50836,0.0
52,50837,0.0
52,50838,0.0
52,50839,0.0
52,50840,0.0
52,50841,0.0
52,50842,0.0
52,50843,0.0
52,50844,0.0
52,50845,0.0
52,50846,0.0
52,50847,0.0
52,50848,0.0
52,50901,0.0
52,50902,0.0
52,50903,0.0
52,50904,0.0
52,50905,0.0
52,50906,0.0
52,50907,0.0
52,50908,0.0
52,50909,0.0
52,50910,0.0
52,50911,0.0
52,50912,0.0
52,50913,0.0
52,50914,0.0
52,50915,0.0
52,50916,0.03030381777964727
52,50917,0.10434551009112825
52,50918,0.2640469842188616
52,50919,0.6351423667302171
52,50920,0.44168133093179346
52,50921,0.1515776056495328
52,50922,0.0756692064281686
52,50923,0.07379427582620474
52,50924,0.10043365960117587
52,50925,0.5593231122130218
52,50926,0.2900462761649652
52,50927,0.1643701819359698
52,50928,0.14299541709962918
52,50929,0.24490132052831
52,50930,0.23373005065483446
52,50931,0.10542391576850788
52,50932,0.08564420689480576
52,50933,0.06607569977694956
52,50934,0.0
52,50935,0.0
52,50936,0.0
52,50937,0.0
52,50938,0.0
52,50939,0.0
52,50940,0.0
52,50941,0.0
52,50942,0.0
52,50943,0.0
52,50944,0.0
52,50945,0.0
52,50946,0.0
52,50947,0.0
52,50948,0.0
52,51001,0.0
52,51002,0.0
52,51003,0.0
52,51004,0.0
52,51005,0.0
52,51006,0.0
52,51007,0.0
52,51008,0.0
52,51009,0.0
52,51010,0.0
52,51011,0.0
52,51012,0.0
52,51013,0.0
52,51014,0.0
52,51015,0.09513945786786127
52,51016,0.3655872747549762
52,51017,0.591409688565357
52,51018,0.451519087105548
52,51019,0.47550227996186156
52,51020,0.6449261452349152
52,51021,0.4124274301888945
52,51022,0.7178746403305718
52,51023,0.9264744503300663
52,51024,0.7406241330769938
52,51025,0.14510741751034698
52,51026,0.9031297674001194
52,51027,0.39018857219801545
52,51028,0.29933353855483164
52,51029,0.3185600406313784
52,51030,0.28486998432425586
52,51031,0.08537241658477902
52,51032,0.1390990934746959
52,51033,0.01394169374975501
52,51034,0.006244810732979982
52,51035,0.0
52,51036,0.0
52,51037,0.0
52,51038,0.0
52,51039,0.0
52,51040,0.0
52,51041,0.0
52,51042,0.0
52,51043,0.0
52,51044,0.0
52,51045,0.0
52,51046,0.0
52,51047,0.0
52,51048,0.0
52,51101,0.0
52,51102,0.0
52,51103,0.0
52,51104,0.0
52,51105,0.0
52,51106,0.0
52,51107,0.0
52,51108,0.0
52,51109,0.0
52,51110,0.0
52,51111,0.0
52,51112,0.0
52,51113,0.0
52,51114,0.0
52,51115,0.10309532310979744
52,51116,0.02589292765472135
52,51117,0.08681251592010836
52,51118,0.18543185591260467
52,51119,0.9152518362539575
52,51120,0.42440606553887406
52,51121,0.4779708666217508
52,51122,0.4708844546412682
52,51123,0.7619769723788703
52,51124,0.2873877903238329
52,51125,0.9791663260209653
52,51126,0.3233634370015476
52,51127,0.49970283474710625
52,51128,0.2562002413071738
52,51129,0.5207211144340315
52,51130,0.10581009241828387
52,51131,0.09525174016151215
52,51132,0.1298026739723463
52,51133,0.08772063286115012
52,51134,0.022663174345235185
52,51135,0.0
52,51136,0.0
52,51137,0.0
52,51138,0.0
52,51139,0.0
52,51140,0.0
52,51141,0.0
52,51142,0.0
52,51143,0.0
52,51144,0.0
52,51145,0.0
52,51146,0.0
52,51147,0.0
52,51148,0.0
52,51201,0.0
52,51202,0.0
52,51203,0.0
52,51204,0.0
52,51205,0.0
52,51206,0.0
52,51207,0.0
52,51208,0.0
52,51209,0.0
52,51210,0.0
52,51211,0.0
52,51212,0.0
52,51213,0.0
52,51214,0.02422922471746709
52,51215,0.18347066378435456
52,51216,0.10965550158257087
52,51217,0.3242768555924756
52,51218,0.06947374625536591
52,51219,0.3078156219111542
52,51220,0.07912611907523769
52,51221,0.14389907996752432
52,51222,0.1496157380168219
52,51223,0.061973446280768514
52,51224,0.07089611678401792
52,51225,0.13259323923232907
52,51226,0.04491919739315822
52,51227,0.08095814152028855
52,51228,0.18802722754010248
52,51229,0.12938122083028591
52,51230,0.01311921960483764
52,51231,0.0111464313178593
52,51232,0.022939103885821942
52,51233,0.012119662851445128
52,51234,0.0
52,51235,0.0
52,51236,0.0
52,51237,0.0
52,51238,0.0
52,51239,0.0
52,51240,0.0
52,51241,0.0
52,51242,0.0
52,51243,0.0
52,51244,0.0
52,51245,0.0
52,51246,0.0
52,51247,0.0
52,51248,0.0
52,51301,0.0
52,51302,0.0
52,51303,0.0
52,51304,0.0
52,51305,0.0
52,51306,0.0
52,51307,0.0
52,51308,0.0
52,51309,0.0
52,51310,0.0
52,51311,0.0
52,51312,0.0
52,51313,0.0
52,51314,0.0
52,51315,0.1561326924748401
52,51316,0.05705708229747836
52,51317,0.09656287023570247
52,51318,0.05779588103315289
52,51319,0.18841000690362386
52,51320,0.3558398583975989
52,51321,0.1281467726438007
52,51322,0.4863127047185953
52,51323,0.16013071422922118
52,51324,0.48614547974884953
52,51325,0.17811724295232442
52,51326,0.4098316648010927
52,51327,0.4143010248264319
52,51328,0.36278083224337165
52,51329,0.4574387126792837
52,51330,0.31498973424475646
52,51331,0.471958748157488
52,51332,0.05306942754962596
52,51333,0.01153451574001403
52,51334,0.014415034393046748
52,51335,0.0
52,51336,0.0
52,51337,0.0
52,51338,0.0
52,51339,0.0
52,51340,0.0
52,51341,0.0
52,51342,0.0
52,51343,0.0
52,51344,0.0
52,51345,0.0
52,51346,0.0
52,51347,0.0
52,51348,0.0
52,51401,0.0
52,51402,0.0
52,51403,0.0
52,51404,0.0
52,51405,0.0
52,51406,0.0
52,51407,0.0
52,51408,0.0
52,51409,0.0
52,51410,0.0
52,51411,0.0
52,51412,0.0
52,51413,0.0
52,51414,0.0
52,51415,0.03375843935823009
52,51416,0.11778734834156114
52,51417,0.45014570332427783
52,51418,0.23496269660319555
52,51419,0.11922328085374803
52,51420,0.35463403382347114
52,51421,0.23789493121855895
52,51422,0.1429823237387528
52,51423,0.23415148301392325
52,51424,0.08785375634058602
52,51425,0.23023448720121895
52,51426,0.1351165018256436
52,51427,0.0772620562953268
52,51428,0.12787775685299246
52,51429,0.03588544338358944
52,51430,0.05653474649957466
52,51431,0.04057430997404124
52,51432,0.01581977687299425
52,51433,0.08917259027087332
52,51434,0.00690247059436321
52,51435,0.0
52,51436,0.0
52,51437,0.0
52,51438,0.0
52,51439,0.0
52,51440,0.0
52,51441,0.0
52,51442,0.0
52,51443,0.0
52,51444,0.0
52,51445,0.0
52,51446,0.0
52,51447,0.0
52,51448,0.0
52,51501,0.0
52,51502,0.0
52,51503,0.0
52,51504,0.0
52,51505,0.0
52,51506,0.0
52,51507,0.0
52,51508,0.0
52,51509,0.0
52,51510,0.0
52,51511,0.0
52,51512,0.0
52,51513,0.0
52,51514,0.0
52,51515,0.08354786124345406
52,51516,0.05975730760629057
52,51517,0.23291234550866768
52,51518,0.3717450026367849
52,51519,0.6942300576032097
52,51520,0.15956757208204214
52,51521,0.30230996963727735
52,51522,0.3349129497811256
52,51523,0.20835161834847896
52,51524,0.35212530839189626
52,51525,0.5386940554839506
52,51526,0.5611487289532181
52,51527,0.3553348319610533
52,51528,0.1534541799486696
52,51529,0.5753531285365078
52,51530,0.47984088815575454
52,51531,0.13546794883292934
52,51532,0.060023441234396235
52,51533,0.04146148771274539
52,51534,0.0
52,51535,0.0
52,51536,0.0
52,51537,0.0
52,51538,0.0
52,51539,0.0
52,51540,0.0
52,51541,0.0
52,51542,0.0
52,51543,0.0
52,51544,0.0
52,51545,0.0
52,51546,0.0
52,51547,0.0
52,51548,0.0
52,51601,0.0
52,51602,0.0
52,51603,0.0
52,51604,0.0
52,51605,0.0
52,51606,0.0
52,51607,0.0
52,51608,0.0
52,51609,0.0
52,51610,0.0
52,51611,0.0
52,51612,0.0
52,51613,0.0
52,51614,0.0
52,51615,0.08695031609597476
52,51616,0.06524550810751738
52,51617,0.24819054692550468
52,51618,0.21217169857842025
52,51619,0.2704236216598079
52,51620,0.29900195524612766
52,51621,0.054276562256710216
52,51622,0.117152488666466
52,51623,0.10801200968552621
52,51624,0.18297389066252848
52,51625,0.2566398682842148
52,51626,0.13641952383051142
52,51627,0.5526379934193391
52,51628,0.4759652419370589
52,51629,0.29385223539302313
52,51630,0.5311326700294124
52,51631,0.06645930223565354
52,51632,0.09775334026463142
52,51633,0.018217641077292332
52,51634,0.05830509648323275
52,51635,0.0
52,51636,0.0
52,51637,0.0
52,51638,0.0
52,51639,0.0
52,51640,0.0
52,51641,0.0
52,51642,0.0
52,51643,0.0
52,51644,0.0
52,51645,0.0
52,51646,0.0
52,51647,0.0
52,51648,0.0
52,51701,0.0
52,51702,0.0
52,51703,0.0
52,51704,0.0
52,51705,0.0
52,51706,0.0
52,51707,0.0
52,51708,0.0
52,51709,0.0
52,51710,0.0
52,51711,0.0
52,51712,0.0
52,51713,0.0
52,51714,0.08001768149591909
52,51715,0.2392326529139145
52,51716,0.22620884167973643
52,51717,0.21330344321999486
52,51718,0.337240570606783
52,51719,0.16706521122712006
52,51720,0.22053335729055212
52,51721,0.09655873131149768
52,51722,0.36243210126280473
52,51723,0.7371846132005314
52,51724,0.2991378720515831
52,51725,0.9265264493367896
52,51726,0.7556829416668158
52,51727,0.12316930800859727
52,51728,0.2686889277028216
52,51729,0.10247724878218933
52,51730,0.1782053127943797
52,51731,0.049814083595512405
52,51732,0.03656829293938998
52,51733,0.02277132330361173
52,51734,0.020364795091668133
52,51735,0.0
52,51736,0.0
52,51737,0.0
52,51738,0.0
52,51739,0.0
52,51740,0.0
52,51741,0.0
52,51742,0.0
52,51743,0.0
52,51744,0.0
52,51745,0.0
52,51746,0.0
52,51747,0.0
52,51748,0.0
52,51801,0.0
52,51802,0.0
52,51803,0.0
52,51804,0.0
52,51805,0.0
52,51806,0.0
52,51807,0.0
52,51808,0.0
52,51809,0.0
52,51810,0.0
52,51811,0.0
52,51812,0.0
52,51813,0.0
52,51814,0.0
52,51815,0.008918105787667094
52,51816,0.04333337139051809
52,51817,0.17505807174475654
52,51818,0.6021357877730141
52,51819,0.19645226974618119
52,51820,0.6466959900301968
52,51821,0.5789458898110789
52,51822,0.4166843818649315
52,51823,0.2800171604223273
52,51824,0.47707390989348386
52,51825,0.489234338139725
52,51826,0.5797449837906264
52,51827,0.6095159031888017
52,51828,0.460424438597896
52,51829,0.7090160340764577
52,51830,0.33908174708558364
52,51831,0.09412916909340516
52,51832,0.0157919160838024
52,51833,0.009065186273963941
52,51834,0.0
52,51835,0.0
52,51836,0.0
52,51837,0.0
52,51838,0.0
52,51839,0.0
52,51840,0.0
52,51841,0.0
52,51842,0.0
52,51843,0.0
52,51844,0.0
52,51845,0.0
52,51846,0.0
52,51847,0.0
52,51848,0.0
52,51901,0.0
52,51902,0.0
52,51903,0.0
52,51904,0.0
52,51905,0.0
52,51906,0.0
52,51907,0.0
52,51908,0.0
52,51909,0.0
52,51910,0.0
52,51911,0.0
52,51912,0.0
52,51913,0.0
52,51914,0.0
52,51915,0.04578007421691456
52,51916,0.01854637741497871
52,51917,0.06791182747833467
52,51918,0.07394793514933518
52,51919,0.21579401600245937
52,51920,0.09853781228265598
52,51921,0.4210367804935106
52,51922,0.17523633584589002
52,51923,0.4572961289159924
52,51924,0.1609072116232542
52,51925,0.8872889859505579
52,51926,0.6165470447171805
52,51927,0.5660447473045006
52,51928,0.11125340212829692
52,51929,0.4457296283163531
52,51930,0.2774548159260498
52,51931,0.1377658180829806
52,51932,0.02643875095381013
52,51933,0.007144786766372054
52,51934,0.0
52,51935,0.0
52,51936,0.0
52,51937,0.0
52,51938,0.0
52,51939,0.0
52,51940,0.0
52,51941,0.0
52,51942,0.0
52,51943,0.0
52,51944,0.0
52,51945,0.0
52,51946,0.0
52,51947,0.0
52,51948,0.0
52,52001,0.0
52,52002,0.0
52,52003,0.0
52,52004,0.0
52,52005,0.0
52,52006,0.0
52,52007,0.0
52,52008,0.0
52,52009,0.0
52,52010,0.0
52,52011,0.0
52,52012,0.0
52,52013,0.0
52,52014,0.10364252362733066
52,52015,0.1696023308091739
52,52016,0.12541209951743051
52,52017,0.5384538700781192
52,52018,0.8371423399151289
52,52019,0.32709530308988183
52,52020,0.6627148662627825
52,52021,1.0194247549514963
52,52022,0.3508482615681006
52,52023,0.9302490292033458
52,52024,0.5580600934174114
52,52025,0.5682155822517237
52,52026,0.8964939947916623
52,52027,0.6379327785164941
52,52028,0.6148579183632644
52,52029,0.7690476896630053
52,52030,0.3475733957285284
52,52031,0.49315247703482873
52,52032,0.01640007624402216
52,52033,0.0058196528501680235
52,52034,0.007251065045009857
52,52035,0.0
52,52036,0.0
52,52037,0.0
52,52038,0.0
52,52039,0.0
52,52040,0.0
52,52041,0.0
52,52042,0.0
52,52043,0.0
52,52044,0.0
52,52045,0.0
52,52046,0.0
52,52047,0.0
52,52048,0.0
52,52101,0.0
52,52102,0.0
52,52103,0.0
52,52104,0.0
52,52105,0.0
52,52106,0.0
52,52107,0.0
52,52108,0.0
52,52109,0.0
52,52110,0.0
52,52111,0.0
52,52112,0.0
52,52113,0.0
52,52114,0.06500873163697365
52,52115,0.10305985768320368
52,52116,0.26785205405318036
52,52117,0.6273554425761579
52,52118,0.5772419253427655
52,52119,0.7892427234652587
52,52120,0.2636548561742303
52,52121,0.9627696981035985
52,52122,1.0471690618529004
52,52123,0.7781625949577767
52,52124,0.23104119943927265
52,52125,0.3780398291889778
52,52126,0.4623065745972166
52,52127,0.5832698894881824
52,52128,0.5248519291809433
52,52129,0.4289607865680403
52,52130,0.5541179163848698
52,52131,0.32329800323766555
52,52132,0.014619987240996316
52,52133,0.024718917566981045
52,52134,0.012882526359264209
52,52135,0.0
52,52136,0.0
52,52137,0.0
52,52138,0.0
52,52139,0.0
52,52140,0.0
52,52141,0.0
52,52142,0.0
52,52143,0.0
52,52144,0.0
52,52145,0.0
52,52146,0.0
52,52147,0.0
52,52148,0.0
52,52201,0.0
52,52202,0.0
52,52203,0.0
52,52204,0.0
52,52205,0.0
52,52206,0.0
52,52207,0.0
52,52208,0.0
52,52209,0.0
52,52210,0.0
52,52211,0.0
52,52212,0.0
52,52213,0.0
52,52214,0.0
52,52215,0.04595748562524717
52,52216,0.02823697021568929
52,52217,0.123306570437536
52,52218,0.12619165346681638
52,52219,0.1687324154070773
52,52220,0.17553905239056644
52,52221,0.18542156967032647
52,52222,0.14584163688082066
52,52223,0.10794590653134516
52,52224,0.0777352418100599
52,52225,0.061973888175785245
52,52226,0.11608247225057021
52,52227,0.07389106161885048
52,52228,0.08076756438057055
52,52229,0.02306322709605614
52,52230,0.07465250266723761
52,52231,0.11728095508499511
52,52232,0.04835483076402637
52,52233,0.0
52,52234,0.0
52,52235,0.0
52,52236,0.0
52,52237,0.0
52,52238,0.0
52,52239,0.0
52,52240,0.0
52,52241,0.0
52,52242,0.0
52,52243,0.0
52,52244,0.0
52,52245,0.0
52,52246,0.0
52,52247,0.0
52,52248,0.0
52,52301,0.0
52,52302,0.0
52,52303,0.0
52,52304,0.0
52,52305,0.0
52,52306,0.0
52,52307,0.0
52,52308,0.0
52,52309,0.0
52,52310,0.0
52,52311,0.0
52,52312,0.0
52,52313,0.0
52,52314,0.0
52,52315,0.024940697530815487
52,52316,0.061473848227685916
52,52317,0.20620302851037745
52,52318,0.06412796871229932
52,52319,0.387381723662865
52,52320,0.5231333761062171
52,52321,0.49896893420744654
52,52322,0.12846996603526445
52,52323,0.4689786686455297
52,52324,0.5626012929838251
52,52325,0.5930368321796153
52,52326,0.41425363392403114
52,52327,0.2705679844378979
52,52328,0.19564554381027355
52,52329,0.24927868549421067
52,52330,0.467888344892025
52,52331,0.2606376579723738
52,52332,0.029067936769042024
52,52333,0.0211154291863839
52,52334,0.015541375551227588
52,52335,0.0
52,52336,0.0
52,52337,0.0
52,52338,0.0
52,52339,0.0
52,52340,0.0
52,52341,0.0
52,52342,0.0
52,52343,0.0
52,52344,0.0
52,52345,0.0
52,52346,0.0
52,52347,0.0
52,52348,0.0
52,52401,0.0
52,52402,0.0
52,52403,0.0
52,52404,0.0
52,52405,0.0
52,52406,0.0
52,52407,0.0
52,52408,0.0
52,52409,0.0
52,52410,0.0
52,52411,0.0
52,52412,0.0
52,52413,0.0
52,52414,0.04072171802098555
52,52415,0.32979494903165396
52,52416,0.3122230928878391
52,52417,0.4638184634110124
52,52418,0.45354714917873645
52,52419,0.5901602011786828
52,52420,0.18085668481508244
52,52421,0.49537468762522496
52,52422,0.19443591948156194
52,52423,0.5270800827360886
52,52424,0.9406796211383759
52,52425,0.6246309298121143
52,52426,0.47289292637751085
52,52427,0.3334512052722994
52,52428,0.4490293355049316
52,52429,0.38977409286881853
52,52430,0.49807772288480306
52,52431,0.22428993177262332
52,52432,0.09577073868336898
52,52433,0.05066465990829266
52,52434,0.02216591245294918
52,52435,0.0
52,52436,0.0
52,52437,0.0
52,52438,0.0
52,52439,0.0
52,52440,0.0
52,52441,0.0
52,52442,0.0
52,52443,0.0
52,52444,0.0
52,52445,0.0
52,52446,0.0
52,52447,0.0
52,52448,0.0
52,52501,0.0
52,52502,0.0
52,52503,0.0
52,52504,0.0
52,52505,0.0
52,52506,0.0
52,52507,0.0
52,52508,0.0
52,52509,0.0
52,52510,0.0
52,52511,0.0
52,52512,0.0
52,52513,0.0
52,52514,0.0
52,52515,0.013777874025128558
52,52516,0.033860812142360704
52,52517,0.0797114740468152
52,52518,0.20645416383139817
52,52519,0.645781409873562
52,52520,0.22981337452785913
52,52521,0.4215712445921136
52,52522,0.21822412935141186
52,52523,0.39842156420233
52,52524,0.23004595872985822
52,52525,0.29548431548422865
52,52526,0.3953312180860892
52,52527,0.7192768977413957
52,52528,0.5153950542488749
52,52529,0.13148947357845556
52,52530,0.22877629010389428
52,52531,0.3308567698536175
52,52532,0.08025632707439684
52,52533,0.014348602318433951
52,52534,0.011830353117384626
52,52535,0.023939529101011676
52,52536,0.0
52,52537,0.0
52,52538,0.0
52,52539,0.0
52,52540,0.0
52,52541,0.0
52,52542,0.0
52,52543,0.0
52,52544,0.0
52,52545,0.0
52,52546,0.0
52,52547,0.0
52,52548,0.0
52,52601,0.0
52,52602,0.0
52,52603,0.0
52,52604,0.0
52,52605,0.0
52,52606,0.0
52,52607,0.0
52,52608,0.0
52,52609,0.0
52,52610,0.0
52,52611,0.0
52,52612,0.0
52,52613,0.0
52,52614,0.058684883960491305
52,52615,0.22220403363454871
52,52616,0.3536545756450152
52,52617,0.22912375904632137
52,52618,0.7297386313542747
52,52619,0.7113205209422532
52,52620,0.1603836539420486
52,52621,0.5022032301847541
52,52622,0.6454731244383123
52,52623,0.987047510826593
52,52624,0.22159866492363822
52,52625,0.4826048638108908
52,52626,0.05785804440800289
52,52627,0.8385765102091957
52,52628,0.3397361767515045
52,52629,0.5604922806938193
52,52630,0.5558153413565516
52,52631,0.23761346270557437
52,52632,0.01898860058483763
52,52633,0.007172682748799925
52,52634,0.02357866977461347
52,52635,0.0
52,52636,0.0
52,52637,0.0
52,52638,0.0
52,52639,0.0
52,52640,0.0
52,52641,0.0
52,52642,0.0
52,52643,0.0
52,52644,0.0
52,52645,0.0
52,52646,0.0
52,52647,0.0
52,52648,0.0
52,52701,0.0
52,52702,0.0
52,52703,0.0
52,52704,0.0
52,52705,0.0
52,52706,0.0
52,52707,0.0
52,52708,0.0
52,52709,0.0
52,52710,0.0
52,52711,0.0
52,52712,0.0
52,52713,0.0
52,52714,0.07880224006082874
52,52715,0.18547705918868373
52,52716,0.318250526775785
52,52717,0.13224257129732556
52,52718,0.8383588672777466
52,52719,0.6207827592997334
52,52720,0.3078376481035798
52,52721,0.40496101777928345
52,52722,0.46358773765827443
52,52723,1.075723359005898
52,52724,0.1839316744630167
52,52725,0.433509222328913
52,52726,0.747895616194294
52,52727,0.30258038132670806
52,52728,0.6267934395013337
52,52729,0.23408101022864616
52,52730,0.3503733968456183
52,52731,0.44847796618311714
52,52732,0.07379780893015132
52,52733,0.08400958981897126
52,52734,0.05073305900509629
52,52735,0.0
52,52736,0.0
52,52737,0.0
52,52738,0.0
52,52739,0.0
52,52740,0.0
52,52741,0.0
52,52742,0.0
52,52743,0.0
52,52744,0.0
52,52745,0.0
52,52746,0.0
52,52747,0.0
52,52748,0.0
52,52801,0.0
52,52802,0.0
52,52803,0.0
52,52804,0.0
52,52805,0.0
52,52806,0.0
52,52807,0.0
52,52808,0.0
52,52809,0.0
52,52810,0.0
52,52811,0.0
52,52812,0.0
52,52813,0.0
52,52814,0.011874265377489455
52,52815,0.14080192517371823
52,52816,0.16395683615860085
52,52817,0.48687280418539014
52,52818,0.7191848167402318
52,52819,0.2368867223597607
52,52820,0.11683221253628355
52,52821,0.4790536394617707
52,52822,0.5698935070847524
52,52823,0.21240957349643352
52,52824,0.48370587670417564
52,52825,0.4118209845882702
52,52826,0.11294125926116283
52,52827,0.967534006978469
52,52828,0.3217034630338453
52,52829,0.3449866322578078
52,52830,0.4284163138101876
52,52831,0.5095551876593782
52,52832,0.07457986763887962
52,52833,0.08334040852093441
52,52834,0.02801820627763518
52,52835,0.0
52,52836,0.0
52,52837,0.0
52,52838,0.0
52,52839,0.0
52,52840,0.0
52,52841,0.0
52,52842,0.0
52,52843,0.0
52,52844,0.0
52,52845,0.0
52,52846,0.0
52,52847,0.0
52,52848,0.0
52,52901,0.0
52,52902,0.0
52,52903,0.0
52,52904,0.0
52,52905,0.0
52,52906,0.0
52,52907,0.0
52,52908,0.0
52,52909,0.0
52,52910,0.0
52,52911,0.0
52,52912,0.0
52,52913,0.0
52,52914,0.11525219762040753
52,52915,0.38806879023314683
52,52916,0.191374894885251
52,52917,0.16151853074995162
52,52918,0.23183824338474981
52,52919,0.9674411444385898
52,52920,0.5194424552503212
52,52921,0.13057681604653001
52,52922,0.1983213678091851
52,52923,0.14330013106907688
52,52924,0.7080722442278211
52,52925,0.7684570470131399
52,52926,0.4463053778723506
52,52927,0.2830974703671678
52,52928,0.48884179923027066
52,52929,0.48948978505250673
52,52930,0.3699315764856954
52,52931,0.36570009510498164
52,52932,0.015625982163454757
52,52933,0.009637741677217577
52,52934,0.006989614611607726
52,52935,0.0
52,52936,0.0
52,52937,0.0
52,52938,0.0
52,52939,0.0
52,52940,0.0
52,52941,0.0
52,52942,0.0
52,52943,0.0
52,52944,0.0
52,52945,0.0
52,52946,0.0
52,52947,0.0
52,52948,0.0
52,53001,0.0
52,53002,0.0
52,53003,0.0
52,53004,0.0
52,53005,0.0
52,53006,0.0
52,53007,0.0
52,53008,0.0
52,53009,0.0
52,53010,0.0
52,53011,0.0
52,53012,0.0
52,53013,0.0
52,53014,0.088921972128376
52,53015,0.12970424930492663
52,53016,0.5550400990525096
52,53017,0.6363823039291183
52,53018,0.7779897117213604
52,53019,0.7765608428556215
52,53020,1.0274081176773153
52,53021,1.0316339473353278
52,53022,0.9294325646822826
52,53023,1.1061956323713584
52,53024,0.7551307204278106
52,53025,0.9889011374741975
52,53026,0.8675936862395274
52,53027,0.842238909826916
52,53028,0.46540602371556894
52,53029,0.3295727284888119
52,53030,0.2866018143352971
52,53031,0.2947550094234695
52,53032,0.022027283552907617
52,53033,0.023102667987851887
52,53034,0.012827803601425943
52,53035,0.0
52,53036,0.0
52,53037,0.0
52,53038,0.0
52,53039,0.0
52,53040,0.0
52,53041,0.0
52,53042,0.0
52,53043,0.0
52,53044,0.0
52,53045,0.0
52,53046,0.0
52,53047,0.0
52,53048,0.0
52,53101,0.0
52,53102,0.0
52,53103,0.0
52,53104,0.0
52,53105,0.0
52,53106,0.0
52,53107,0.0
52,53108,0.0
52,53109,0.0
52,53110,0.0
52,53111,0.0
52,53112,0.0
52,53113,0.0
52,53114,0.065539779788136
52,53115,0.30244813473838916
52,53116,0.3116798131513958
52,53117,0.348227380530186
52,53118,0.4291839947929954
52,53119,0.1917955572857578
52,53120,0.27553291381363754
52,53121,1.0733455387066937
52,53122,1.0625921669006002
52,53123,0.35772740680443593
52,53124,0.8142243946241146
52,53125,0.3320584894924463
52,53126,0.900061719299307
52,53127,0.6331472096192625
52,53128,0.5088975358229186
52,53129,0.5049137055748272
52,53130,0.5625775011013321
52,53131,0.11321400066774638
52,53132,0.08953241409666084
52,53133,0.017862750076039616
52,53134,0.018929723711790334
52,53135,0.005909890609714239
52,53136,0.0
52,53137,0.0
52,53138,0.0
52,53139,0.0
52,53140,0.0
52,53141,0.0
52,53142,0.0
52,53143,0.0
52,53144,0.0
52,53145,0.0
52,53146,0.0
52,53147,0.0
52,53148,0.0
52,53201,0.0
52,53202,0.0
52,53203,0.0
52,53204,0.0
52,53205,0.0
52,53206,0.0
52,53207,0.0
52,53208,0.0
52,53209,0.0
52,53210,0.0
52,53211,0.0
52,53212,0.0
52,53213,0.0
52,53214,0.10000148188683944
52,53215,0.07263273787178257
52,53216,0.17595140115113822
52,53217,0.3496000044284293
52,53218,0.8304671770024981
52,53219,0.9858935966177507
52,53220,1.0314924158717014
52,53221,0.8369302665452476
52,53222,0.878770854413199
52,53223,0.4177796232981865
52,53224,0.23250318868403042
52,53225,0.9402654711850867
52,53226,0.8596897655361472
52,53227,0.2223185602637993
52,53228,0.4224643983849857
52,53229,0.7432035592514548
52,53230,0.5761777140446352
52,53231,0.18375916744559925
52,53232,0.07147935858574615
52,53233,0.023236482939775524
52,53234,0.016462210984431118
52,53235,0.0
52,53236,0.0
52,53237,0.0
52,53238,0.0
52,53239,0.0
52,53240,0.0
52,53241,0.0
52,53242,0.0
52,53243,0.0
52,53244,0.0
52,53245,0.0
52,53246,0.0
52,53247,0.0
52,53248,0.0
52,53301,0.0
52,53302,0.0
52,53303,0.0
52,53304,0.0
52,53305,0.0
52,53306,0.0
52,53307,0.0
52,53308,0.0
52,53309,0.0
52,53310,0.0
52,53311,0.0
52,53312,0.0
52,53313,0.029395092188144997
52,53314,0.08554346027091897
52,53315,0.1893409864753707
52,53316,0.11986215951085509
52,53317,0.7111468527871456
52,53318,0.44279463879937625
52,53319,0.6271011950637495
52,53320,0.41630922037418344
52,53321,0.8828481043699449
52,53322,0.23343657688620706
52,53323,0.8782811312021072
52,53324,0.8705641121959237
52,53325,0.5030052847696244
52,53326,0.926509121593016
52,53327,0.7689035272202206
52,53328,0.5943946957908639
52,53329,0.16262716387762277
52,53330,0.26753664038377395
52,53331,0.151191723144603
52,53332,0.03031662695421845
52,53333,0.02373920068640559
52,53334,0.013065643797666844
52,53335,0.0
52,53336,0.0
52,53337,0.0
52,53338,0.0
52,53339,0.0
52,53340,0.0
52,53341,0.0
52,53342,0.0
52,53343,0.0
52,53344,0.0
52,53345,0.0
52,53346,0.0
52,53347,0.0
52,53348,0.0
52,53401,0.0
52,53402,0.0
52,53403,0.0
52,53404,0.0
52,53405,0.0
52,53406,0.0
52,53407,0.0
52,53408,0.0
52,53409,0.0
52,53410,0.0
52,53411,0.0
52,53412,0.0
52,53413,0.0
52,53414,0.0
52,53415,0.007777252353030459
52,53416,0.05579041192043522
52,53417,0.19552425972826495
52,53418,0.6675413077434976
52,53419,0.33665955565671346
52,53420,0.18772036360390504
52,53421,0.19202124246485816
52,53422,0.09937217688876882
52,53423,0.9450802610341427
52,53424,0.2960243016174368
52,53425,0.07004581850952533
52,53426,0.05977848720532913
52,53427,0.13715603084035
52,53428,0.4771611255299961
52,53429,0.3624910430678916
52,53430,0.18941108133055234
52,53431,0.06975222778863299
52,53432,0.11972947514366471
52,53433,0.13470938240277294
52,53434,0.01640741489686681
52,53435,0.0
52,53436,0.0
52,53437,0.0
52,53438,0.0
52,53439,0.0
52,53440,0.0
52,53441,0.0
52,53442,0.0
52,53443,0.0
52,53444,0.0
52,53445,0.0
52,53446,0.0
52,53447,0.0
52,53448,0.0
52,53501,0.0
52,53502,0.0
52,53503,0.0
52,53504,0.0
52,53505,0.0
52,53506,0.0
52,53507,0.0
52,53508,0.0
52,53509,0.0
52,53510,0.0
52,53511,0.0
52,53512,0.0
52,53513,0.0
52,53514,0.0
52,53515,0.0
52,53516,0.0
52,53517,0.020993340490769792
52,53518,0.031449956891954574
52,53519,0.07854702881903212
52,53520,0.04854356706394252
52,53521,0.015619434879246745
52,53522,0.06470873876907446
52,53523,0.06600329640845629
52,53524,0.013950516529109227
52,53525,0.020597685040410613
52,53526,0.023164210175499432
52,53527,0.05498860091932226
52,53528,0.05585064207798916
52,53529,0.4753141069349851
52,53530,0.33096928496160644
52,53531,0.08126522519228764
52,53532,0.058896626203368684
52,53533,0.06150277180615847
52,53534,0.029204215316658965
52,53535,0.008413732428996398
52,53536,0.0
52,53537,0.0
52,53538,0.0
52,53539,0.0
52,53540,0.0
52,53541,0.0
52,53542,0.0
52,53543,0.0
52,53544,0.0
52,53545,0.0
52,53546,0.0
52,53547,0.0
52,53548,0.0
52,53601,0.0
52,53602,0.0
52,53603,0.0
52,53604,0.0
52,53605,0.0
52,53606,0.0
52,53607,0.0
52,53608,0.0
52,53609,0.0
52,53610,0.0
52,53611,0.0
52,53612,0.0
52,53613,0.007938166138733936
52,53614,0.2046353044801311
52,53615,0.35864939855686845
52,53616,0.6104255163344515
52,53617,0.32552327684835974
52,53618,0.5985493979869536
52,53619,0.3270722568596344
52,53620,0.35781539012488844
52,53621,0.5038959147664358
52,53622,0.258647460271926
52,53623,0.30488339055136904
52,53624,0.9865955179089326
52,53625,0.6644413865775087
52,53626,0.9595612460481031
52,53627,0.46744497686948117
52,53628,0.7425016101009908
52,53629,0.7064385034824741
52,53630,0.2790957478522912
52,53631,0.15332358382445654
52,53632,0.05225197674824019
52,53633,0.10537115249928868
52,53634,0.024672599800413378
52,53635,0.013609918296823596
52,53636,0.0
52,53637,0.0
52,53638,0.0
52,53639,0.0
52,53640,0.0
52,53641,0.0
52,53642,0.0
52,53643,0.0
52,53644,0.0
52,53645,0.0
52,53646,0.0
52,53647,0.0
52,53648,0.0
52,53701,0.0
52,53702,0.0
52,53703,0.0
52,53704,0.0
52,53705,0.0
52,53706,0.0
52,53707,0.0
52,53708,0.0
52,53709,0.0
52,53710,0.0
52,53711,0.0
52,53712,0.0
52,53713,0.018779506223749107
52,53714,0.05502497940947015
52,53715,0.30870360432566424
52,53716,0.26914706448052367
52,53717,0.689075554750848
52,53718,0.830233661484492
52,53719,0.3111556092290802
52,53720,0.7541305836737058
52,53721,1.1317240101481352
52,53722,1.1951843355469107
52,53723,1.0447856057481602
52,53724,0.8461103778591952
52,53725,1.1560384008199973
52,53726,0.45746290652462046
52,53727,0.5412650239959056
52,53728,0.6577989260553893
52,53729,0.6948607548520873
52,53730,0.17007139109671002
52,53731,0.5160169595171056
52,53732,0.060609221894269344
52,53733,0.12690129560618701
52,53734,0.005715161340138737
52,53735,0.0
52,53736,0.0
52,53737,0.0
52,53738,0.0
52,53739,0.0
52,53740,0.0
52,53741,0.0
52,53742,0.0
52,53743,0.0
52,53744,0.0
52,53745,0.0
52,53746,0.0
52,53747,0.0
52,53748,0.0
52,53801,0.0
52,53802,0.0
52,53803,0.0
52,53804,0.0
52,53805,0.0
52,53806,0.0
52,53807,0.0
52,53808,0.0
52,53809,0.0
52,53810,0.0
52,53811,0.0
52,53812,0.0
52,53813,0.0
52,53814,0.04205307328098606
52,53815,0.3802124117708752
52,53816,0.2683515390655693
52,53817,0.14712213156331175
52,53818,0.3418607363585617
52,53819,0.4511353949084156
52,53820,0.4073132333983148
52,53821,0.17686669557416643
52,53822,0.2193249845193094
52,53823,0.5771372437289054
52,53824,0.9548013421931256
52,53825,0.5280439506466172
52,53826,0.9421024120639224
52,53827,0.2416349771343393
52,53828,0.24040380997946864
52,53829,0.25762427676074606
52,53830,0.34896101178251954
52,53831,0.1529174783973992
52,53832,0.018473264128518813
52,53833,0.017783229236807217
52,53834,0.015469672489897071
52,53835,0.0
52,53836,0.0
52,53837,0.0
52,53838,0.0
52,53839,0.0
52,53840,0.0
52,53841,0.0
52,53842,0.0
52,53843,0.0
52,53844,0.0
52,53845,0.0
52,53846,0.0
52,53847,0.0
52,53848,0.0
52,53901,0.0
52,53902,0.0
52,53903,0.0
52,53904,0.0
52,53905,0.0
52,53906,0.0
52,53907,0.0
52,53908,0.0
52,53909,0.0
52,53910,0.0
52,53911,0.0
52,53912,0.0
52,53913,0.059052872532718514
52,53914,0.29071732810492545
52,53915,0.2200337224832019
52,53916,0.31525492477675593
52,53917,0.6184622229606498
52,53918,0.3284526494472079
52,53919,0.2883883505079464
52,53920,0.6423370703777861
52,53921,0.45356021454320966
52,53922,0.3905117658524536
52,53923,1.0234373353076973
52,53924,0.38470277337938347
52,53925,0.6669022118306055
52,53926,1.0162308595721368
52,53927,0.8221547000866882
52,53928,0.7308797134548841
52,53929,0.6279615308924505
52,53930,0.6198915319586931
52,53931,0.30673031043864973
52,53932,0.0589089137212586
52,53933,0.015580087186408695
52,53934,0.02524462990429083
52,53935,0.022334725318309864
52,53936,0.0
52,53937,0.0
52,53938,0.0
52,53939,0.0
52,53940,0.0
52,53941,0.0
52,53942,0.0
52,53943,0.0
52,53944,0.0
52,53945,0.0
52,53946,0.0
52,53947,0.0
52,53948,0.0
52,54001,0.0
52,54002,0.0
52,54003,0.0
52,54004,0.0
52,54005,0.0
52,54006,0.0
52,54007,0.0
52,54008,0.0
52,54009,0.0
52,54010,0.0
52,54011,0.0
52,54012,0.0
52,54013,0.03256577982809462
52,54014,0.26993545795084883
52,54015,0.17871646645807537
52,54016,0.23318974358523825
52,54017,0.7770767831599924
52,54018,0.5356933249209433
52,54019,0.546340013011257
52,54020,0.29511604031542954
52,54021,1.0829077431971452
52,54022,0.9301562693090515
52,54023,0.5894581799318438
52,54024,0.29047534166631145
52,54025,1.0398236618687384
52,54026,0.7669921607809466
52,54027,0.7972720591233999
52,54028,0.5308769168031199
52,54029,0.8090759592397239
52,54030,0.6550564612322751
52,54031,0.4214719710633199
52,54032,0.017683393282559426
52,54033,0.01758676671041362
52,54034,0.005027347792912334
52,54035,0.0
52,54036,0.0
52,54037,0.0
52,54038,0.0
52,54039,0.0
52,54040,0.0
52,54041,0.0
52,54042,0.0
52,54043,0.0
52,54044,0.0
52,54045,0.0
52,54046,0.0
52,54047,0.0
52,54048,0.0
52,54101,0.0
52,54102,0.0
52,54103,0.0
52,54104,0.0
52,54105,0.0
52,54106,0.0
52,54107,0.0
52,54108,0.0
52,54109,0.0
52,54110,0.0
52,54111,0.0
52,54112,0.0
52,54113,0.0
52,54114,0.05075140940580782
52,54115,0.1867898762287699
52,54116,0.10098474142804555
52,54117,0.4125189133850614
52,54118,0.3636888893081827
52,54119,0.5362946801741311
52,54120,0.7170243080038172
52,54121,0.281009752878263
52,54122,0.2880217846460188
52,54123,0.3111942278145277
52,54124,0.17546748803346965
52,54125,0.17292734587066763
52,54126,0.7113157771127607
52,54127,0.6033848833579267
52,54128,0.7446137852510102
52,54129,0.33451186531787963
52,54130,0.44883459230530254
52,54131,0.31022171436783724
52,54132,0.09552805740027714
52,54133,0.006082661429309264
52,54134,0.007312656697058213
52,54135,0.0
52,54136,0.0
52,54137,0.0
52,54138,0.0
52,54139,0.0
52,54140,0.0
52,54141,0.0
52,54142,0.0
52,54143,0.0
52,54144,0.0
52,54145,0.0
52,54146,0.0
52,54147,0.0
52,54148,0.0
52,54201,0.0
52,54202,0.0
52,54203,0.0
52,54204,0.0
52,54205,0.0
52,54206,0.0
52,54207,0.0
52,54208,0.0
52,54209,0.0
52,54210,0.0
52,54211,0.0
52,54212,0.0
52,54213,0.058443328398440055
52,54214,0.15121675428873238
52,54215,0.3859219268441455
52,54216,0.29342296413570185
52,54217,0.49647159525762585
52,54218,0.920586981820065
52,54219,0.48778600683641765
52,54220,0.619115024787133
52,54221,0.5725297979169575
52,54222,1.071892388684335
52,54223,0.5059095129626029
52,54224,0.7093532840436042
52,54225,0.7431025295624814
52,54226,1.0653329955776567
52,54227,0.39950689693112335
52,54228,0.5231980031457546
52,54229,0.19498355823931512
52,54230,0.21899093121873808
52,54231,0.2742592551148912
52,54232,0.06493908294227575
52,54233,0.07924460912490901
52,54234,0.0814383442679559
52,54235,0.011019306143323856
52,54236,0.0
52,54237,0.0
52,54238,0.0
52,54239,0.0
52,54240,0.0
52,54241,0.0
52,54242,0.0
52,54243,0.0
52,54244,0.0
52,54245,0.0
52,54246,0.0
52,54247,0.0
52,54248,0.0
52,54301,0.0
52,54302,0.0
52,54303,0.0
52,54304,0.0
52,54305,0.0
52,54306,0.0
52,54307,0.0
52,54308,0.0
52,54309,0.0
52,54310,0.0
52,54311,0.0
52,54312,0.0
52,54313,0.03738144930980853
52,54314,0.19606094100110324
52,54315,0.3182575085662176
52,54316,0.25310580856457854
52,54317,0.2661552880482962
52,54318,0.42654103620762784
52,54319,0.7343032345614927
52,54320,0.9310518341681955
52,54321,0.8764826026532633
52,54322,0.5392211253862088
52,54323,0.5526027274400395
52,54324,0.49066838668087825
52,54325,0.38474386680332556
52,54326,0.9204045294180387
52,54327,0.3078613408974137
52,54328,0.39134815659804434
52,54329,0.18707628041581664
52,54330,0.40904883680229825
52,54331,0.1793459177814164
52,54332,0.06791918272490437
52,54333,0.07215020415425362
52,54334,0.018801078383676596
52,54335,0.014795578814504167
52,54336,0.0
52,54337,0.0
52,54338,0.0
52,54339,0.0
52,54340,0.0
52,54341,0.0
52,54342,0.0
52,54343,0.0
52,54344,0.0
52,54345,0.0
52,54346,0.0
52,54347,0.0
52,54348,0.0
52,54401,0.0
52,54402,0.0
52,54403,0.0
52,54404,0.0
52,54405,0.0
52,54406,0.0
52,54407,0.0
52,54408,0.0
52,54409,0.0
52,54410,0.0
52,54411,0.0
52,54412,0.0
52,54413,0.03018830084579725
52,54414,0.2609230492364409
52,54415,0.31266531762117833
52,54416,0.19827289430027614
52,54417,0.6351213349933627
52,54418,0.1960287592045186
52,54419,0.21531655594379923
52,54420,0.9352812278587576
52,54421,0.5073160998891738
52,54422,1.0750905398440216
52,54423,1.0036949373882578
52,54424,0.41801589254075183
52,54425,0.3781330946892519
52,54426,0.27280771298620893
52,54427,0.886655476500723
52,54428,0.22520581588177793
52,54429,0.6213838168705443
52,54430,0.43012586040288503
52,54431,0.3949014202247225
52,54432,0.08531566412988001
52,54433,0.041235201162373857
52,54434,0.05737870922953037
52,54435,0.0
52,54436,0.0
52,54437,0.0
52,54438,0.0
52,54439,0.0
52,54440,0.0
52,54441,0.0
52,54442,0.0
52,54443,0.0
52,54444,0.0
52,54445,0.0
52,54446,0.0
52,54447,0.0
52,54448,0.0
52,54501,0.0
52,54502,0.0
52,54503,0.0
52,54504,0.0
52,54505,0.0
52,54506,0.0
52,54507,0.0
52,54508,0.0
52,54509,0.0
52,54510,0.0
52,54511,0.0
52,54512,0.0
52,54513,0.015723551213583157
52,54514,0.017957927116183672
52,54515,0.22670056892558796
52,54516,0.3593362882639533
52,54517,0.23451695096711875
52,54518,0.6886987350993966
52,54519,0.6275601416855784
52,54520,0.5425462569554882
52,54521,0.6144555066649993
52,54522,0.26598049895694115
52,54523,0.4447904472145748
52,54524,0.9020457351449146
52,54525,0.9460989379634341
52,54526,0.5619690039773768
52,54527,0.8067653490396455
52,54528,0.715118074025084
52,54529,0.32284144082592603
52,54530,0.6150435405969612
52,54531,0.28423545193965144
52,54532,0.03786821579699832
52,54533,0.04786201884796151
52,54534,0.025320137449716833
52,54535,0.02227705684278953
52,54536,0.0
52,54537,0.0
52,54538,0.0
52,54539,0.0
52,54540,0.0
52,54541,0.0
52,54542,0.0
52,54543,0.0
52,54544,0.0
52,54545,0.0
52,54546,0.0
52,54547,0.0
52,54548,0.0
52,54601,0.0
52,54602,0.0
52,54603,0.0
52,54604,0.0
52,54605,0.0
52,54606,0.0
52,54607,0.0
52,54608,0.0
52,54609,0.0
52,54610,0.0
52,54611,0.0
52,54612,0.0
52,54613,0.0
52,54614,0.024815818144125715
52,54615,0.2689671860189899
52,54616,0.0860878098843873
52,54617,0.164830431569847
52,54618,0.1584887703929053
52,54619,0.7456317409168527
52,54620,0.23767136640800787
52,54621,0.5495188867821176
52,54622,0.8771347385041911
52,54623,0.8320730248112864
52,54624,0.9361503980787546
52,54625,0.2540267612806387
52,54626,0.19852453717326307
52,54627,0.4236275676672599
52,54628,0.6841958844148096
52,54629,0.2761776290588248
52,54630,0.3344927609386649
52,54631,0.09103289864221782
52,54632,0.05581011063825441
52,54633,0.010580228081853254
52,54634,0.006893577216832008
52,54635,0.0
52,54636,0.0
52,54637,0.0
52,54638,0.0
52,54639,0.0
52,54640,0.0
52,54641,0.0
52,54642,0.0
52,54643,0.0
52,54644,0.0
52,54645,0.0
52,54646,0.0
52,54647,0.0
52,54648,0.0
52,54701,0.0
52,54702,0.0
52,54703,0.0
52,54704,0.0
52,54705,0.0
52,54706,0.0
52,54707,0.0
52,54708,0.0
52,54709,0.0
52,54710,0.0
52,54711,0.0
52,54712,0.0
52,54713,0.08383500778322724
52,54714,0.2418722728647906
52,54715,0.492893754212018
52,54716,0.178991537468551
52,54717,0.45614840456710737
52,54718,0.7385605946856303
52,54719,0.46817148218699123
52,54720,1.0440700730500787
52,54721,0.802224375653889
52,54722,0.31836955525926086
52,54723,0.5548967527444791
52,54724,0.7419719814756945
52,54725,0.8828194589241772
52,54726,0.35025537332186674
52,54727,0.5504604091049324
52,54728,0.7990581624136488
52,54729,0.5403762843166752
52,54730,0.28174529636364426
52,54731,0.48673182507606993
52,54732,0.047022009367193245
52,54733,0.010724983692988004
52,54734,0.02133957894259635
52,54735,0.02611331474809504
52,54736,0.0
52,54737,0.0
52,54738,0.0
52,54739,0.0
52,54740,0.0
52,54741,0.0
52,54742,0.0
52,54743,0.0
52,54744,0.0
52,54745,0.0
52,54746,0.0
52,54747,0.0
52,54748,0.0
52,54801,0.0
52,54802,0.0
52,54803,0.0
52,54804,0.0
52,54805,0.0
52,54806,0.0
52,54807,0.0
52,54808,0.0
52,54809,0.0
52,54810,0.0
52,54811,0.0
52,54812,0.0
52,54813,0.06389630656577323
52,54814,0.2431703438466009
52,54815,0.4369012407751944
52,54816,0.3034652311175993
52,54817,0.34721012270167523
52,54818,0.766259513573661
52,54819,0.44178437347231414
52,54820,1.0191578533490209
52,54821,0.383803046881708
52,54822,0.8206653978528781
52,54823,0.9524287975437316
52,54824,0.2597175965572623
52,54825,0.21825656754831532
52,54826,0.7732210452440931
52,54827,0.7845673934971101
52,54828,0.3473789164260986
52,54829,0.6504223936923523
52,54830,0.27984395321842725
52,54831,0.18321126862656353
52,54832,0.05349562726653414
52,54833,0.020130810742815704
52,54834,0.019713787243932225
52,54835,0.0
52,54836,0.0
52,54837,0.0
52,54838,0.0
52,54839,0.0
52,54840,0.0
52,54841,0.0
52,54842,0.0
52,54843,0.0
52,54844,0.0
52,54845,0.0
52,54846,0.0
52,54847,0.0
52,54848,0.0
52,54901,0.0
52,54902,0.0
52,54903,0.0
52,54904,0.0
52,54905,0.0
52,54906,0.0
52,54907,0.0
52,54908,0.0
52,54909,0.0
52,54910,0.0
52,54911,0.0
52,54912,0.0
52,54913,0.14813167189907014
52,54914,0.1533946628989005
52,54915,0.17274879421174905
52,54916,0.5395251562064227
52,54917,0.23350593479538412
52,54918,0.2643883918274602
52,54919,0.41483977113904613
52,54920,0.624527712224922
52,54921,0.7692039628185705
52,54922,0.4709394940651124
52,54923,0.853131251998565
52,54924,0.9361996813324972
52,54925,0.7853001508379358
52,54926,0.9145111316317629
52,54927,0.39416787577507295
52,54928,0.8564671502094574
52,54929,0.7291582474073368
52,54930,0.117476628853508
52,54931,0.34600603145774117
52,54932,0.038839015470203936
52,54933,0.014004624287017781
52,54934,0.008240491355945631
52,54935,0.010240627917881074
52,54936,0.0
52,54937,0.0
52,54938,0.0
52,54939,0.0
52,54940,0.0
52,54941,0.0
52,54942,0.0
52,54943,0.0
52,54944,0.0
52,54945,0.0
52,54946,0.0
52,54947,0.0
52,54948,0.0
52,55001,0.0
52,55002,0.0
52,55003,0.0
52,55004,0.0
52,55005,0.0
52,55006,0.0
52,55007,0.0
52,55008,0.0
52,55009,0.0
52,55010,0.0
52,55011,0.0
52,55012,0.0
52,55013,0.0
52,55014,0.0
52,55015,0.0
52,55016,0.07328112497820616
52,55017,0.07836575954821112
52,55018,0.2803306595023985
52,55019,0.10044230737322508
52,55020,0.4223192449558156
52,55021,0.03782745771240865
52,55022,0.2488249639015708
52,55023,0.23278394657680923
52,55024,0.22347220833208892
52,55025,0.11698631822565994
52,55026,0.05636352348684146
52,55027,0.1525929012203775
52,55028,0.3048066789731856
52,55029,0.041399695856046755
52,55030,0.14475212648669836
52,55031,0.14988902128177026
52,55032,0.11515926451658694
52,55033,0.07700484403355701
52,55034,0.03909420545493313
52,55035,0.0
52,55036,0.0
52,55037,0.0
52,55038,0.0
52,55039,0.0
52,55040,0.0
52,55041,0.0
52,55042,0.0
52,55043,0.0
52,55044,0.0
52,55045,0.0
52,55046,0.0
52,55047,0.0
52,55048,0.0
52,55101,0.0
52,55102,0.0
52,55103,0.0
52,55104,0.0
52,55105,0.0
52,55106,0.0
52,55107,0.0
52,55108,0.0
52,55109,0.0
52,55110,0.0
52,55111,0.0
52,55112,0.0
52,55113,0.0
52,55114,0.0
52,55115,0.018536537218109547
52,55116,0.0
52,55117,0.0
52,55118,0.0
52,55119,0.011881827172222668
52,55120,0.006226316422631213
52,55121,0.019021601051879607
52,55122,0.04356798619493864
52,55123,0.08718590826592419
52,55124,0.08278845340272722
52,55125,0.2433843503173776
52,55126,0.10467765534313762
52,55127,0.09693112668659397
52,55128,0.15997558684060734
52,55129,0.08907484900988415
52,55130,0.03893914651535523
52,55131,0.028677512096593687
52,55132,0.0
52,55133,0.0
52,55134,0.0
52,55135,0.0
52,55136,0.0
52,55137,0.0
52,55138,0.0
52,55139,0.0
52,55140,0.0
52,55141,0.0
52,55142,0.0
52,55143,0.0
52,55144,0.0
52,55145,0.0
52,55146,0.0
52,55147,0.0
52,55148,0.0
52,55201,0.0
52,55202,0.0
52,55203,0.0
52,55204,0.0
52,55205,0.0
52,55206,0.0
52,55207,0.0
52,55208,0.0
52,55209,0.0
52,55210,0.0
52,55211,0.0
52,55212,0.0
52,55213,0.059093128256213594
52,55214,0.29461668924767836
52,55215,0.15664009565004924
52,55216,0.207755227841583
52,55217,0.24934682529856342
52,55218,0.4147539570117356
52,55219,0.39548978672223184
52,55220,0.22281166664528732
52,55221,0.1911430181067999
52,55222,1.2474587377939552
52,55223,0.7020543052660203
52,55224,0.9785994967862391
52,55225,0.2126075745981482
52,55226,0.6402232422447044
52,55227,0.5003391228122516
52,55228,0.2087584997282259
52,55229,0.7639958999418881
52,55230,0.7373442316439477
52,55231,0.24239728760092882
52,55232,0.12552901439418263
52,55233,0.12637841073213493
52,55234,0.02353625836842862
52,55235,0.015922453536390123
52,55236,0.0
52,55237,0.0
52,55238,0.0
52,55239,0.0
52,55240,0.0
52,55241,0.0
52,55242,0.0
52,55243,0.0
52,55244,0.0
52,55245,0.0
52,55246,0.0
52,55247,0.0
52,55248,0.0
52,55301,0.0
52,55302,0.0
52,55303,0.0
52,55304,0.0
52,55305,0.0
52,55306,0.0
52,55307,0.0
52,55308,0.0
52,55309,0.0
52,55310,0.0
52,55311,0.0
52,55312,0.0
52,55313,0.17138509764322477
52,55314,0.06955237512618426
52,55315,0.6094129207576129
52,55316,0.3468342677406475
52,55317,0.47207630202723666
52,55318,0.7709893441304845
52,55319,0.4592602633246256
52,55320,0.27806229870465216
52,55321,0.2222375512874733
52,55322,0.3067780892831952
52,55323,0.45475045145448406
52,55324,0.8800847134778195
52,55325,0.5836047511368643
52,55326,0.44009073563243256
52,55327,0.6669615683049271
52,55328,0.3091145598266062
52,55329,0.45915414471716615
52,55330,0.3591342617208387
52,55331,0.10283071759994562
52,55332,0.13979761492831638
52,55333,0.02718661173758092
52,55334,0.019252045810553304
52,55335,0.0
52,55336,0.0
52,55337,0.0
52,55338,0.0
52,55339,0.0
52,55340,0.0
52,55341,0.0
52,55342,0.0
52,55343,0.0
52,55344,0.0
52,55345,0.0
52,55346,0.0
52,55347,0.0
52,55348,0.0
52,55401,0.0
52,55402,0.0
52,55403,0.0
52,55404,0.0
52,55405,0.0
52,55406,0.0
52,55407,0.0
52,55408,0.0
52,55409,0.0
52,55410,0.0
52,55411,0.0
52,55412,0.005100061121657657
52,55413,0.05186800967198517
52,55414,0.2761397289699418
52,55415,0.2498192439844068
52,55416,0.08529157972188997
52,55417,0.16746788165564847
52,55418,0.27690175866961075
52,55419,0.7583148262991272
52,55420,0.16895962627081837
52,55421,0.8819069092236707
52,55422,0.5441762388917477
52,55423,0.7279865908656244
52,55424,0.6134158267412715
52,55425,0.3117162050291535
52,55426,0.0860690153761827
52,55427,0.04757574061842745
52,55428,0.08842544818848243
52,55429,0.03204832957526746
52,55430,0.01686126069067117
52,55431,0.02324368084849899
52,55432,0.024305737241790117
52,55433,0.0
52,55434,0.0
52,55435,0.0
52,55436,0.0
52,55437,0.0
52,55438,0.0
52,55439,0.0
52,55440,0.0
52,55441,0.0
52,55442,0.0
52,55443,0.0
52,55444,0.0
52,55445,0.0
52,55446,0.0
52,55447,0.0
52,55448,0.0
52,55501,0.0
52,55502,0.0
52,55503,0.0
52,55504,0.0
52,55505,0.0
52,55506,0.0
52,55507,0.0
52,55508,0.0
52,55509,0.0
52,55510,0.0
52,55511,0.0
52,55512,0.0
52,55513,0.0
52,55514,0.028173899884985136
52,55515,0.083944642192254
52,55516,0.07872185637748576
52,55517,0.0184465748700033
52,55518,0.07108691404620437
52,55519,0.11407619510160713
52,55520,0.09820763007831784
52,55521,0.2453438989992044
52,55522,0.32579413646550015
52,55523,0.18079126768763595
52,55524,0.22640662372774611
52,55525,0.25316857719955854
52,55526,0.7210346621540065
52,55527,0.921074876328616
52,55528,0.36813415193073745
52,55529,0.30491352997890614
52,55530,0.5021627162324497
52,55531,0.16640906873116476
52,55532,0.045553176279044136
52,55533,0.08234959688186241
52,55534,0.012824502419080062
52,55535,0.0
52,55536,0.0
52,55537,0.0
52,55538,0.0
52,55539,0.0
52,55540,0.0
52,55541,0.0
52,55542,0.0
52,55543,0.0
52,55544,0.0
52,55545,0.0
52,55546,0.0
52,55547,0.0
52,55548,0.0
52,55601,0.0
52,55602,0.0
52,55603,0.0
52,55604,0.0
52,55605,0.0
52,55606,0.0
52,55607,0.0
52,55608,0.0
52,55609,0.0
52,55610,0.0
52,55611,0.0
52,55612,0.016988947012994225
52,55613,0.03567772811677088
52,55614,0.10358002134066122
52,55615,0.19045959081829258
52,55616,0.5041674048328976
52,55617,0.3582418908516034
52,55618,0.17038288207802654
52,55619,0.3124624955396032
52,55620,0.25551065178043
52,55621,0.45749223414832846
52,55622,0.48857937254445366
52,55623,0.26511844073655605
52,55624,0.8960347505026046
52,55625,1.0078323682759776
52,55626,0.8416520658479304
52,55627,0.5068203954168043
52,55628,0.4379289119787895
52,55629,0.37530658364349634
52,55630,0.5331168439692099
52,55631,0.26847501802254076
52,55632,0.030080840123614207
52,55633,0.023818990159350965
52,55634,0.0060981675610223005
52,55635,0.022997856002599674
52,55636,0.0
52,55637,0.0
52,55638,0.0
52,55639,0.0
52,55640,0.0
52,55641,0.0
52,55642,0.0
52,55643,0.0
52,55644,0.0
52,55645,0.0
52,55646,0.0
52,55647,0.0
52,55648,0.0
52,55701,0.0
52,55702,0.0
52,55703,0.0
52,55704,0.0
52,55705,0.0
52,55706,0.0
52,55707,0.0
52,55708,0.0
52,55709,0.0
52,55710,0.0
52,55711,0.0
52,55712,0.0
52,55713,0.07994384024420527
52,55714,0.06229070510498873
52,55715,0.18383677271339516
52,55716,0.2580580419961975
52,55717,0.23071341932203168
52,55718,0.7055510959957375
52,55719,0.9627377202653239
52,55720,0.7001617896956067
52,55721,0.920820531870878
52,55722,0.22732764652204296
52,55723,0.32167603657802646
52,55724,0.1264801963185884
52,55725,0.36188830412053863
52,55726,0.22421120455761703
52,55727,0.21360045967565824
52,55728,0.09829114294930434
52,55729,0.07932906780008994
52,55730,0.028352840049773058
52,55731,0.006336862377686179
52,55732,0.028284823708156704
52,55733,0.015497446885593997
52,55734,0.02619973028390147
52,55735,0.021421469205965684
52,55736,0.0
52,55737,0.0
52,55738,0.0
52,55739,0.0
52,55740,0.0
52,55741,0.0
52,55742,0.0
52,55743,0.0
52,55744,0.0
52,55745,0.0
52,55746,0.0
52,55747,0.0
52,55748,0.0
52,55801,0.0
52,55802,0.0
52,55803,0.0
52,55804,0.0
52,55805,0.0
52,55806,0.0
52,55807,0.0
52,55808,0.0
52,55809,0.0
52,55810,0.0
52,55811,0.0
52,55812,0.0
52,55813,0.0
52,55814,0.0
52,55815,0.0
52,55816,0.0
52,55817,0.007624357411849937
52,55818,0.034341709850531164
52,55819,0.034596539268051785
52,55820,0.06964741204910684
52,55821,0.03491961084229561
52,55822,0.026646853709361498
52,55823,0.05574532701192747
52,55824,0.009320554506359643
52,55825,0.0
52,55826,0.024370142974126874
52,55827,0.012255064062843962
52,55828,0.07543577285786762
52,55829,0.09394637709805431
52,55830,0.15437902309247875
52,55831,0.22670798083044785
52,55832,0.07515783312982606
52,55833,0.1999344776201795
52,55834,0.04910858931851744
52,55835,0.03840691149128636
52,55836,0.033743289960495366
52,55837,0.026401766964564425
52,55838,0.0
52,55839,0.0
52,55840,0.0
52,55841,0.0
52,55842,0.0
52,55843,0.0
52,55844,0.0
52,55845,0.0
52,55846,0.0
52,55847,0.0
52,55848,0.0
52,55901,0.0
52,55902,0.0
52,55903,0.0
52,55904,0.0
52,55905,0.0
52,55906,0.0
52,55907,0.0
52,55908,0.0
52,55909,0.0
52,55910,0.0
52,55911,0.0
52,55912,0.0
52,55913,0.0
52,55914,0.0
52,55915,0.011992278483165307
52,55916,0.10547507911804399
52,55917,0.05123359091888392
52,55918,0.06774570166651002
52,55919,0.18818981118776917
52,55920,0.4520683496059395
52,55921,0.43772949172480435
52,55922,0.30995357130374845
52,55923,0.35540443288608964
52,55924,0.5007711500942821
52,55925,0.2281623295541884
52,55926,0.3351699511304304
52,55927,0.46954631861383156
52,55928,0.9987560713242324
52,55929,0.4786879568543357
52,55930,0.8512411929529581
52,55931,0.42557840714107553
52,55932,0.14739485146355702
52,55933,0.10846823617931478
52,55934,0.02638123998940311
52,55935,0.015115689580997977
52,55936,0.024275478453136556
52,55937,0.02254101500119854
52,55938,0.0
52,55939,0.0
52,55940,0.0
52,55941,0.0
52,55942,0.0
52,55943,0.0
52,55944,0.0
52,55945,0.0
52,55946,0.0
52,55947,0.0
52,55948,0.0
52,56001,0.0
52,56002,0.0
52,56003,0.0
52,56004,0.0
52,56005,0.0
52,56006,0.0
52,56007,0.0
52,56008,0.0
52,56009,0.0
52,56010,0.0
52,56011,0.0
52,56012,0.0
52,56013,0.0
52,56014,0.0
52,56015,0.021086711393627066
52,56016,0.12571492896034595
52,56017,0.17756318007929744
52,56018,0.1967650410842731
52,56019,0.36264578321107205
52,56020,0.08996519415245025
52,56021,0.31977236663836967
52,56022,0.5426886270691712
52,56023,0.6291202950655979
52,56024,0.21590784591926665
52,56025,0.31266470558565695
52,56026,0.23447932952176073
52,56027,0.13655855872258524
52,56028,0.1822060256136312
52,56029,0.28368934317646216
52,56030,0.3007706048634216
52,56031,0.26474218397120003
52,56032,0.3420733876619358
52,56033,0.08867700453507023
52,56034,0.08835827195422212
52,56035,0.07591176021611731
52,56036,0.020691418384847435
52,56037,0.021496916902639968
52,56038,0.0
52,56039,0.0
52,56040,0.0
52,56041,0.0
52,56042,0.0
52,56043,0.0
52,56044,0.0
52,56045,0.0
52,56046,0.0
52,56047,0.0
52,56048,0.0
52,56101,0.0
52,56102,0.0
52,56103,0.0
52,56104,0.0
52,56105,0.0
52,56106,0.0
52,56107,0.0
52,56108,0.0
52,56109,0.0
52,56110,0.0
52,56111,0.0
52,56112,0.0
52,56113,0.0
52,56114,0.0
52,56115,0.056982220642389295
52,56116,0.1722154886677234
52,56117,0.14636761382977168
52,56118,0.3601348887688802
52,56119,0.12318740735360068
52,56120,0.4457197545487521
52,56121,0.41303737326888823
52,56122,0.3036243934090268
52,56123,0.2296648091004867
52,56124,0.7105538678614503
52,56125,1.0076796249241622
52,56126,0.7410873794437798
52,56127,0.08954444170333012
52,56128,0.7702392200557798
52,56129,0.33042841080539304
52,56130,0.15905255702656423
52,56131,0.4380057365336781
52,56132,0.2262473464948561
52,56133,0.2481337508385253
52,56134,0.21293015433695228
52,56135,0.13560677196281426
52,56136,0.05552892617094784
52,56137,0.023510192896386953
52,56138,0.0
52,56139,0.0
52,56140,0.0
52,56141,0.0
52,56142,0.0
52,56143,0.0
52,56144,0.0
52,56145,0.0
52,56146,0.0
52,56147,0.0
52,56148,0.0
52,56201,0.0
52,56202,0.0
52,56203,0.0
52,56204,0.0
52,56205,0.0
52,56206,0.0
52,56207,0.0
52,56208,0.0
52,56209,0.0
52,56210,0.0
52,56211,0.0
52,56212,0.0
52,56213,0.0
52,56214,0.0
52,56215,0.0
52,56216,0.08604744623065436
52,56217,0.12823911020117812
52,56218,0.2487681592204426
52,56219,0.286166686240299
52,56220,0.17799751784381151
52,56221,0.040324580951309405
52,56222,0.11053758684232244
52,56223,0.25277090493440085
52,56224,0.24917016895123853
52,56225,0.08247480587774456
52,56226,0.1962173832661776
52,56227,0.16360357847602666
52,56228,0.030680978750945533
52,56229,0.06752668405637495
52,56230,0.07135453891751761
52,56231,0.1460326148724267
52,56232,0.18978794635343982
52,56233,0.06781859334084565
52,56234,0.05298419557474613
52,56235,0.026661482397048037
52,56236,0.024615955501606175
52,56237,0.01664852801368406
52,56238,0.0
52,56239,0.0
52,56240,0.0
52,56241,0.0
52,56242,0.0
52,56243,0.0
52,56244,0.0
52,56245,0.0
52,56246,0.0
52,56247,0.0
52,56248,0.0
52,56301,0.0
52,56302,0.0
52,56303,0.0
52,56304,0.0
52,56305,0.0
52,56306,0.0
52,56307,0.0
52,56308,0.0
52,56309,0.0
52,56310,0.0
52,56311,0.0
52,56312,0.0
52,56313,0.0
52,56314,0.0
52,56315,0.14082571660100152
52,56316,0.1484278534158165
52,56317,0.25335560025644865
52,56318,0.5251296383922023
52,56319,0.717252265441692
52,56320,0.6494987659677228
52,56321,0.636704515284792
52,56322,0.2963378897194324
52,56323,0.6998385836234534
52,56324,0.7670572804557245
52,56325,0.22630998981462913
52,56326,0.35307435586096614
52,56327,0.5116561611852803
52,56328,0.09813008193432193
52,56329,0.7351450671621821
52,56330,0.8775362930734002
52,56331,0.18789460535408267
52,56332,0.614601015343598
52,56333,0.4190032383569424
52,56334,0.025810539105307513
52,56335,0.037993336595315945
52,56336,0.10093216337884267
52,56337,0.024645910977407377
52,56338,0.0
52,56339,0.0
52,56340,0.0
52,56341,0.0
52,56342,0.0
52,56343,0.0
52,56344,0.0
52,56345,0.0
52,56346,0.0
52,56347,0.0
52,56348,0.0
52,56401,0.0
52,56402,0.0
52,56403,0.0
52,56404,0.0
52,56405,0.0
52,56406,0.0
52,56407,0.0
52,56408,0.0
52,56409,0.0
52,56410,0.0
52,56411,0.0
52,56412,0.0
52,56413,0.0
52,56414,0.0
52,56415,0.0
52,56416,0.0
52,56417,0.027265968835982122
52,56418,0.0693273174575002
52,56419,0.16192131276127916
52,56420,0.39309107667875776
52,56421,0.4545257855417906
52,56422,0.39479154565408286
52,56423,0.13093045266190276
52,56424,0.7093375491763634
52,56425,0.6441340194955166
52,56426,0.6924302765256697
52,56427,0.4450151832178552
52,56428,0.6135398611057082
52,56429,0.9417466255400391
52,56430,0.9400107865600716
52,56431,0.647341314642657
52,56432,0.17400387300331227
52,56433,0.515269604840344
52,56434,0.09845344351210782
52,56435,0.053327362233383295
52,56436,0.021582104109223486
52,56437,0.017975439330477676
52,56438,0.0
52,56439,0.0
52,56440,0.0
52,56441,0.0
52,56442,0.0
52,56443,0.0
52,56444,0.0
52,56445,0.0
52,56446,0.0
52,56447,0.0
52,56448,0.0
52,56501,0.0
52,56502,0.0
52,56503,0.0
52,56504,0.0
52,56505,0.0
52,56506,0.0
52,56507,0.0
52,56508,0.0
52,56509,0.0
52,56510,0.0
52,56511,0.0
52,56512,0.0
52,56513,0.0
52,56514,0.012891788204203844
52,56515,0.2105473090027994
52,56516,0.11262057394534102
52,56517,0.23229556801883255
52,56518,0.454937453320601
52,56519,0.277584844866562
52,56520,0.8677041397432639
52,56521,0.27725791331340044
52,56522,0.5719679780861348
52,56523,0.8251874665635103
52,56524,0.5726148714083298
52,56525,0.39778734729547244
52,56526,0.8482338271536896
52,56527,0.792953434325276
52,56528,1.138375733420646
52,56529,0.20169830102909636
52,56530,0.6780470255053371
52,56531,0.32500240004591635
52,56532,0.08946449322065142
52,56533,0.06394565071039135
52,56534,0.06551475110328955
52,56535,0.05588027187061928
52,56536,0.024478798485250985
52,56537,0.01535222852905564
52,56538,0.0
52,56539,0.0
52,56540,0.0
52,56541,0.0
52,56542,0.0
52,56543,0.0
52,56544,0.0
52,56545,0.0
52,56546,0.0
52,56547,0.0
52,56548,0.0
52,56601,0.0
52,56602,0.0
52,56603,0.0
52,56604,0.0
52,56605,0.0
52,56606,0.0
52,56607,0.0
52,56608,0.0
52,56609,0.0
52,56610,0.0
52,56611,0.0
52,56612,0.0
52,56613,0.0
52,56614,0.04118278018204362
52,56615,0.2262266518721019
52,56616,0.3432722619332941
52,56617,0.4089114714583524
52,56618,0.23360618049799534
52,56619,0.2859160296700496
52,56620,0.8639487732064558
52,56621,0.6393219165260893
52,56622,0.2705347425374935
52,56623,0.5418303333705803
52,56624,0.6512214916622052
52,56625,0.5920376168816249
52,56626,0.6329676223195053
52,56627,0.7963112063794413
52,56628,0.28660715506687734
52,56629,0.9616016913362928
52,56630,0.2784638831374811
52,56631,0.33733114016122834
52,56632,0.442823687047412
52,56633,0.31384883204745456
52,56634,0.1664639077434832
52,56635,0.05233746204352209
52,56636,0.09026317223595401
52,56637,0.08056956878040795
52,56638,0.0
52,56639,0.0
52,56640,0.0
52,56641,0.0
52,56642,0.0
52,56643,0.0
52,56644,0.0
52,56645,0.0
52,56646,0.0
52,56647,0.0
52,56648,0.0
52,56701,0.0
52,56702,0.0
52,56703,0.0
52,56704,0.0
52,56705,0.0
52,56706,0.0
52,56707,0.0
52,56708,0.0
52,56709,0.0
52,56710,0.0
52,56711,0.0
52,56712,0.0
52,56713,0.0
52,56714,0.08435834195118572
52,56715,0.10256565757942414
52,56716,0.48548904161414147
52,56717,0.1383828698154445
52,56718,0.25152044422186315
52,56719,0.7520528963298148
52,56720,0.24829733955343242
52,56721,0.5816881939928724
52,56722,0.23765884925694852
52,56723,1.1357368231238805
52,56724,0.8322462947937633
52,56725,0.547542758122503
52,56726,1.0423091094607713
52,56727,1.1823001896770085
52,56728,0.6962773468833612
52,56729,0.867872341343439
52,56730,0.2837906831867191
52,56731,0.5316773559054718
52,56732,0.5543771528085947
52,56733,0.5442861878696091
52,56734,0.035804821183858276
52,56735,0.05213393436484575
52,56736,0.011935884362078606
52,56737,0.014915059977664232
52,56738,0.0
52,56739,0.0
52,56740,0.0
52,56741,0.0
52,56742,0.0
52,56743,0.0
52,56744,0.0
52,56745,0.0
52,56746,0.0
52,56747,0.0
52,56748,0.0
52,56801,0.0
52,56802,0.0
52,56803,0.0
52,56804,0.0
52,56805,0.0
52,56806,0.0
52,56807,0.0
52,56808,0.0
52,56809,0.0
52,56810,0.0
52,56811,0.0
52,56812,0.0
52,56813,0.0
52,56814,0.0679331108307778
52,56815,0.26162315282784787
52,56816,0.3077772977415812
52,56817,0.27525634301420787
52,56818,0.6401269640357897
52,56819,0.5356057068459428
52,56820,0.44307164110433883
52,56821,0.6221656157326021
52,56822,0.5729281489437147
52,56823,0.874135125352594
52,56824,0.8756008220826863
52,56825,1.1873221124664677
52,56826,0.6355700644843104
52,56827,0.8631314060103427
52,56828,1.027687535918627
52,56829,1.2262379099903526
52,56830,0.3352385113167753
52,56831,0.6914659580049102
52,56832,0.7289444961094446
52,56833,0.47178459611895207
52,56834,0.13217412047906965
52,56835,0.04228189206461458
52,56836,0.049245329232786315
52,56837,0.01762219727631311
52,56838,0.0
52,56839,0.0
52,56840,0.0
52,56841,0.0
52,56842,0.0
52,56843,0.0
52,56844,0.0
52,56845,0.0
52,56846,0.0
52,56847,0.0
52,56848,0.0
52,56901,0.0
52,56902,0.0
52,56903,0.0
52,56904,0.0
52,56905,0.0
52,56906,0.0
52,56907,0.0
52,56908,0.0
52,56909,0.0
52,56910,0.0
52,56911,0.0
52,56912,0.0
52,56913,0.0
52,56914,0.0
52,56915,0.01571282040239573
52,56916,0.0987943219943459
52,56917,0.6448697501118904
52,56918,0.20542161757365615
52,56919,0.4429019035694639
52,56920,0.03105431230763461
52,56921,0.035700841112693935
52,56922,0.09167508968256385
52,56923,0.1565779223839446
52,56924,0.6193672800269355
52,56925,0.6285428272694119
52,56926,0.3486312652785057
52,56927,0.39180551479928594
52,56928,0.1508415592243857
52,56929,0.12187582512917405
52,56930,0.40965254584829075
52,56931,0.18629246621813003
52,56932,0.17765899411749872
52,56933,0.061972984967216344
52,56934,0.11504521093878158
52,56935,0.08171771633387433
52,56936,0.014147614607241168
52,56937,0.008102304435559269
52,56938,0.0
52,56939,0.0
52,56940,0.0
52,56941,0.0
52,56942,0.0
52,56943,0.0
52,56944,0.0
52,56945,0.0
52,56946,0.0
52,56947,0.0
52,56948,0.0
52,57001,0.0
52,57002,0.0
52,57003,0.0
52,57004,0.0
52,57005,0.0
52,57006,0.0
52,57007,0.0
52,57008,0.0
52,57009,0.0
52,57010,0.0
52,57011,0.0
52,57012,0.0
52,57013,0.0
52,57014,0.02905683870877955
52,57015,0.020012632990736245
52,57016,0.03761953562914683
52,57017,0.07794732628615564
52,57018,0.04313678208255144
52,57019,0.11631708649816991
52,57020,0.21855599600423498
52,57021,0.3451211487816295
52,57022,0.2092116114215625
52,57023,0.3013031920422741
52,57024,0.06384999505135613
52,57025,0.08216299082817469
52,57026,0.04782152303329517
52,57027,0.23735188518696365
52,57028,0.07189807714059909
52,57029,0.04173778300402042
52,57030,0.061415806281392475
52,57031,0.015371927912809271
52,57032,0.20720205489531274
52,57033,0.22809825348237686
52,57034,0.1560087232102035
52,57035,0.017631310516591083
52,57036,0.0501308956757124
52,57037,0.0
52,57038,0.0
52,57039,0.0
52,57040,0.0
52,57041,0.0
52,57042,0.0
52,57043,0.0
52,57044,0.0
52,57045,0.0
52,57046,0.0
52,57047,0.0
52,57048,0.0
52,57101,0.0
52,57102,0.0
52,57103,0.0
52,57104,0.0
52,57105,0.0
52,57106,0.0
52,57107,0.0
52,57108,0.0
52,57109,0.0
52,57110,0.0
52,57111,0.0
52,57112,0.0
52,57113,0.0
52,57114,0.0
52,57115,0.011785472277284766
52,57116,0.11895354233382435
52,57117,0.16858636794476625
52,57118,0.17649142713857072
52,57119,0.21718917069551172
52,57120,0.22574732967920993
52,57121,0.5033564222952702
52,57122,0.3032425972022922
52,57123,0.3514097669039299
52,57124,0.6370363638502734
52,57125,0.13208055995775825
52,57126,0.21651243507873114
52,57127,0.1682124301665864
52,57128,0.17511887026716902
52,57129,0.9333855785219751
52,57130,0.6913627883713429
52,57131,0.14467428473615698
52,57132,0.06041436909822638
52,57133,0.025774372219449566
52,57134,0.03323246404799132
52,57135,0.05411708575886483
52,57136,0.027645116095287827
52,57137,0.006586239601843625
52,57138,0.0
52,57139,0.0
52,57140,0.0
52,57141,0.0
52,57142,0.0
52,57143,0.0
52,57144,0.0
52,57145,0.0
52,57146,0.0
52,57147,0.0
52,57148,0.0
52,57201,0.0
52,57202,0.0
52,57203,0.0
52,57204,0.0
52,57205,0.0
52,57206,0.0
52,57207,0.0
52,57208,0.0
52,57209,0.0
52,57210,0.0
52,57211,0.0
52,57212,0.0
52,57213,0.0
52,57214,0.024054737748810125
52,57215,0.22845376792026997
52,57216,0.36819673324389735
52,57217,0.4446661250573888
52,57218,0.20883131046813316
52,57219,0.3425318519712702
52,57220,0.6158466794811909
52,57221,0.5059296956960535
52,57222,0.6387058357831276
52,57223,0.9602380193644128
52,57224,1.209147139897443
52,57225,1.18686416080011
52,57226,0.3568206624198128
52,57227,0.6460652287231985
52,57228,0.6868484228781312
52,57229,0.8412393071248278
52,57230,0.27756763888676933
52,57231,0.2879870703457575
52,57232,0.6992424699078427
52,57233,0.5495454737596149
52,57234,0.07000703872012834
52,57235,0.007356045308762542
52,57236,0.010514672769697184
52,57237,0.02053250120466597
52,57238,0.0
52,57239,0.0
52,57240,0.0
52,57241,0.0
52,57242,0.0
52,57243,0.0
52,57244,0.0
52,57245,0.0
52,57246,0.0
52,57247,0.0
52,57248,0.0
52,57301,0.0
52,57302,0.0
52,57303,0.0
52,57304,0.0
52,57305,0.0
52,57306,0.0
52,57307,0.0
52,57308,0.0
52,57309,0.0
52,57310,0.0
52,57311,0.0
52,57312,0.0
52,57313,0.0
52,57314,0.02572811181580748
52,57315,0.12871911898114446
52,57316,0.19347197548067754
52,57317,0.0315396593258763
52,57318,0.023582207825274006
52,57319,0.06259678604171016
52,57320,0.14489386434083323
52,57321,0.13143541198559425
52,57322,0.45287955299318
52,57323,0.35114557761971354
52,57324,0.7333042814044124
52,57325,0.5185041748996451
52,57326,0.9132927198868113
52,57327,0.31726430261818916
52,57328,1.1332677686388224
52,57329,0.3361241427139267
52,57330,0.4473605576715044
52,57331,0.7796151564361825
52,57332,0.15610692833862952
52,57333,0.39575135110833815
52,57334,0.08537276986961784
52,57335,0.08791403725405425
52,57336,0.030654034873737638
52,57337,0.08534866473826254
52,57338,0.0
52,57339,0.0
52,57340,0.0
52,57341,0.0
52,57342,0.0
52,57343,0.0
52,57344,0.0
52,57345,0.0
52,57346,0.0
52,57347,0.0
52,57348,0.0
52,57401,0.0
52,57402,0.0
52,57403,0.0
52,57404,0.0
52,57405,0.0
52,57406,0.0
52,57407,0.0
52,57408,0.0
52,57409,0.0
52,57410,0.0
52,57411,0.0
52,57412,0.0
52,57413,0.0
52,57414,0.0
52,57415,0.023845262084602626
52,57416,0.05153374189461677
52,57417,0.05530442694763739
52,57418,0.11464774166615183
52,57419,0.12141466722079221
52,57420,0.19254796201692398
52,57421,0.32710316475203494
52,57422,0.4428668257331765
52,57423,0.5649015620963627
52,57424,0.34523851731275806
52,57425,0.4727371762224946
52,57426,1.3327170342956873
52,57427,0.26670803459188064
52,57428,1.0122775977387621
52,57429,0.945955083598393
52,57430,0.38736735891589147
52,57431,0.9297725758455325
52,57432,0.2504209842839549
52,57433,0.2828428167495198
52,57434,0.1139764546046214
52,57435,0.029656197755718112
52,57436,0.028927483860378623
52,57437,0.013785552673372996
52,57438,0.0
52,57439,0.0
52,57440,0.0
52,57441,0.0
52,57442,0.0
52,57443,0.0
52,57444,0.0
52,57445,0.0
52,57446,0.0
52,57447,0.0
52,57448,0.0
52,57501,0.0
52,57502,0.0
52,57503,0.0
52,57504,0.0
52,57505,0.0
52,57506,0.0
52,57507,0.0
52,57508,0.0
52,57509,0.0
52,57510,0.0
52,57511,0.0
52,57512,0.0
52,57513,0.0
52,57514,0.08407198572663256
52,57515,0.31375793947601427
52,57516,0.506959794011067
52,57517,0.256211502237023
52,57518,0.5328430339436927
52,57519,0.30648559716390233
52,57520,0.8597851691704355
52,57521,0.6777252513277765
52,57522,0.4094774780730532
52,57523,1.281733038786789
52,57524,0.35038849533868505
52,57525,0.5467987302323343
52,57526,1.1245689370205392
52,57527,0.3814061054856666
52,57528,0.7628345374928099
52,57529,1.0753513206715006
52,57530,0.8933895787006331
52,57531,0.21930735852943326
52,57532,0.4447733359613456
52,57533,0.23650920985533383
52,57534,0.14105752127759033
52,57535,0.027239046508241303
52,57536,0.019219778747546434
52,57537,0.010377290996753448
52,57538,0.0
52,57539,0.0
52,57540,0.0
52,57541,0.0
52,57542,0.0
52,57543,0.0
52,57544,0.0
52,57545,0.0
52,57546,0.0
52,57547,0.0
52,57548,0.0
52,57601,0.0
52,57602,0.0
52,57603,0.0
52,57604,0.0
52,57605,0.0
52,57606,0.0
52,57607,0.0
52,57608,0.0
52,57609,0.0
52,57610,0.0
52,57611,0.0
52,57612,0.0
52,57613,0.0
52,57614,0.07075892484437965
52,57615,0.25381075849487705
52,57616,0.22299197594608525
52,57617,0.7004110039916798
52,57618,0.2928565886681949
52,57619,0.4269040622915087
52,57620,0.45931591192902743
52,57621,0.5779776722325481
52,57622,0.3471815771659231
52,57623,1.2177050235735296
52,57624,0.8417324285580169
52,57625,1.0347407398316928
52,57626,1.0427353300117965
52,57627,0.5597572751971828
52,57628,0.9326170729154767
52,57629,0.5292337429411196
52,57630,1.0165052677271718
52,57631,0.8182291630114895
52,57632,0.7270545660092065
52,57633,0.5191369262782682
52,57634,0.108825121848736
52,57635,0.022285663256714182
52,57636,0.02007896017629374
52,57637,0.011335774055868695
52,57638,0.0
52,57639,0.0
52,57640,0.0
52,57641,0.0
52,57642,0.0
52,57643,0.0
52,57644,0.0
52,57645,0.0
52,57646,0.0
52,57647,0.0
52,57648,0.0
52,57701,0.0
52,57702,0.0
52,57703,0.0
52,57704,0.0
52,57705,0.0
52,57706,0.0
52,57707,0.0
52,57708,0.0
52,57709,0.0
52,57710,0.0
52,57711,0.0
52,57712,0.0
52,57713,0.0
52,57714,0.08546954819974759
52,57715,0.09134104619203315
52,57716,0.28619965122645197
52,57717,0.12764693097930552
52,57718,0.23267346564921448
52,57719,0.8483020427670023
52,57720,1.0182487758552181
52,57721,0.5031439663049667
52,57722,1.1630314949895364
52,57723,0.5602091211353482
52,57724,0.49966536383055143
52,57725,0.24057528962904443
52,57726,1.04775925095314
52,57727,0.7433128380895536
52,57728,0.5521547208856917
52,57729,0.7868426246996694
52,57730,0.7870991790442793
52,57731,0.7830338348088691
52,57732,0.2774044138386908
52,57733,0.35938645613796405
52,57734,0.10112718801386257
52,57735,0.013035230033422609
52,57736,0.014790324872709608
52,57737,0.022658575896258446
52,57738,0.0
52,57739,0.0
52,57740,0.0
52,57741,0.0
52,57742,0.0
52,57743,0.0
52,57744,0.0
52,57745,0.0
52,57746,0.0
52,57747,0.0
52,57748,0.0
52,57801,0.0
52,57802,0.0
52,57803,0.0
52,57804,0.0
52,57805,0.0
52,57806,0.0
52,57807,0.0
52,57808,0.0
52,57809,0.0
52,57810,0.0
52,57811,0.0
52,57812,0.0
52,57813,0.0
52,57814,0.008653201827045067
52,57815,0.0701503347028168
52,57816,0.03811292399745011
52,57817,0.07770485794172767
52,57818,0.08771039365832355
52,57819,0.15419635125054026
52,57820,0.6152423983383389
52,57821,0.28398393312424736
52,57822,0.8462931245143142
52,57823,0.27710781373256166
52,57824,0.29568064181960796
52,57825,1.2118723889064065
52,57826,0.4981951814050238
52,57827,0.2495082808425202
52,57828,0.9992072220223029
52,57829,0.6324129025791497
52,57830,0.31392406075239054
52,57831,0.5711311844626129
52,57832,0.13698831338626055
52,57833,0.12207274625658297
52,57834,0.256987484738786
52,57835,0.024756004693160184
52,57836,0.08839203994159907
52,57837,0.010156178798863784
52,57838,0.0
52,57839,0.0
52,57840,0.0
52,57841,0.0
52,57842,0.0
52,57843,0.0
52,57844,0.0
52,57845,0.0
52,57846,0.0
52,57847,0.0
52,57848,0.0
52,57901,0.0
52,57902,0.0
52,57903,0.0
52,57904,0.0
52,57905,0.0
52,57906,0.0
52,57907,0.0
52,57908,0.0
52,57909,0.0
52,57910,0.0
52,57911,0.0
52,57912,0.0
52,57913,0.0
52,57914,0.016015551589984356
52,57915,0.11719917175993068
52,57916,0.05465319583378724
52,57917,0.08127032388087382
52,57918,0.195445035530789
52,57919,0.2961563634204044
52,57920,0.35812123053407247
52,57921,0.4485531855593378
52,57922,0.578561625545572
52,57923,0.21683761936280058
52,57924,0.23471162715702962
52,57925,0.6363286314936393
52,57926,0.23053420093111618
52,57927,0.6542312970999112
52,57928,0.6612332893567184
52,57929,0.18568242385792025
52,57930,0.1854056393765469
52,57931,0.6047866922424937
52,57932,0.5122678675422079
52,57933,0.3422308351394468
52,57934,0.1154338723492127
52,57935,0.04881045056259631
52,57936,0.06303216769833235
52,57937,0.023403390414786007
52,57938,0.0
52,57939,0.0
52,57940,0.0
52,57941,0.0
52,57942,0.0
52,57943,0.0
52,57944,0.0
52,57945,0.0
52,57946,0.0
52,57947,0.0
52,57948,0.0
52,58001,0.0
52,58002,0.0
52,58003,0.0
52,58004,0.0
52,58005,0.0
52,58006,0.0
52,58007,0.0
52,58008,0.0
52,58009,0.0
52,58010,0.0
52,58011,0.0
52,58012,0.0
52,58013,0.0
52,58014,0.07072696659621046
52,58015,0.05857151417994221
52,58016,0.30111548986743053
52,58017,0.4976223145925762
52,58018,0.5739937904916057
52,58019,0.964096398651861
52,58020,0.944107301074064
52,58021,0.26587526179391846
52,58022,0.4538227234852296
52,58023,0.22736583593504908
52,58024,0.5661352127535895
52,58025,0.5014993540535401
52,58026,0.6363620420361138
52,58027,0.4832120928340914
52,58028,0.9218395685068855
52,58029,0.37771811615553647
52,58030,0.8575225236646308
52,58031,0.4775029083479127
52,58032,0.40758509536614085
52,58033,0.2230685446304547
52,58034,0.11205775898072692
52,58035,0.015446262394994708
52,58036,0.021018326984147646
52,58037,0.018605226156907347
52,58038,0.018702994013701856
52,58039,0.0
52,58040,0.0
52,58041,0.0
52,58042,0.0
52,58043,0.0
52,58044,0.0
52,58045,0.0
52,58046,0.0
52,58047,0.0
52,58048,0.0
52,58101,0.0
52,58102,0.0
52,58103,0.0
52,58104,0.0
52,58105,0.0
52,58106,0.0
52,58107,0.0
52,58108,0.0
52,58109,0.0
52,58110,0.0
52,58111,0.0
52,58112,0.0
52,58113,0.0
52,58114,0.0
52,58115,0.0
52,58116,0.0204802665496296
52,58117,0.07080509277988487
52,58118,0.18081959561732672
52,58119,0.587423521911696
52,58120,0.6241566993277384
52,58121,0.3810261024127484
52,58122,0.27696332286484043
52,58123,0.23118559860595675
52,58124,0.38571127352291024
52,58125,0.42411900345682013
52,58126,0.07200064387719998
52,58127,0.05880580835845044
52,58128,0.1573675928809143
52,58129,0.12226171916822924
52,58130,0.2210827056430855
52,58131,0.025159114820743272
52,58132,0.007470452279160479
52,58133,0.011974320228744515
52,58134,0.0
52,58135,0.022605875280532994
52,58136,0.0
52,58137,0.0
52,58138,0.0
52,58139,0.0
52,58140,0.0
52,58141,0.0
52,58142,0.0
52,58143,0.0
52,58144,0.0
52,58145,0.0
52,58146,0.0
52,58147,0.0
52,58148,0.0
52,58201,0.0
52,58202,0.0
52,58203,0.0
52,58204,0.0
52,58205,0.0
52,58206,0.0
52,58207,0.0
52,58208,0.0
52,58209,0.0
52,58210,0.0
52,58211,0.0
52,58212,0.0
52,58213,0.0
52,58214,0.01758940719617607
52,58215,0.01696169840078143
52,58216,0.03033355195306945
52,58217,0.10957079671665321
52,58218,0.03517796550626973
52,58219,0.10640935112624185
52,58220,0.11863973933776144
52,58221,0.17383800999504417
52,58222,0.21902728283737335
52,58223,0.09776890230794039
52,58224,0.24790943490542477
52,58225,0.07627222763839464
52,58226,0.22517578294155668
52,58227,0.2135546775780878
52,58228,0.07422662404003717
52,58229,0.16925689319756226
52,58230,0.16723510530261584
52,58231,0.05617163904465409
52,58232,0.11760054329210415
52,58233,0.07951521876206723
52,58234,0.0658103305497528
52,58235,0.02250588915509659
52,58236,0.02876188338586682
52,58237,0.0
52,58238,0.0
52,58239,0.0
52,58240,0.0
52,58241,0.0
52,58242,0.0
52,58243,0.0
52,58244,0.0
52,58245,0.0
52,58246,0.0
52,58247,0.0
52,58248,0.0
52,58301,0.0
52,58302,0.0
52,58303,0.0
52,58304,0.0
52,58305,0.0
52,58306,0.0
52,58307,0.0
52,58308,0.0
52,58309,0.0
52,58310,0.0
52,58311,0.0
52,58312,0.0
52,58313,0.0
52,58314,0.0
52,58315,0.022765640590063453
52,58316,0.04289675241442428
52,58317,0.26298558745156014
52,58318,0.17955517189188594
52,58319,0.0643476451799555
52,58320,0.08476405392503163
52,58321,0.06979688007509126
52,58322,0.0952228480339492
52,58323,0.3180644134113001
52,58324,0.6294151649363727
52,58325,0.34891215424383487
52,58326,0.2191469392735986
52,58327,0.24784932309747718
52,58328,0.5467288945477697
52,58329,0.28383697959904064
52,58330,0.38055327988500753
52,58331,0.15126777498934538
52,58332,0.28016575727183696
52,58333,0.2429442467133204
52,58334,0.3095651635448167
52,58335,0.07401908830062175
52,58336,0.03369343198694607
52,58337,0.05013346904203395
52,58338,0.0
52,58339,0.0
52,58340,0.0
52,58341,0.0
52,58342,0.0
52,58343,0.0
52,58344,0.0
52,58345,0.0
52,58346,0.0
52,58347,0.0
52,58348,0.0
52,58401,0.0
52,58402,0.0
52,58403,0.0
52,58404,0.0
52,58405,0.0
52,58406,0.0
52,58407,0.0
52,58408,0.0
52,58409,0.0
52,58410,0.0
52,58411,0.0
52,58412,0.0
52,58413,0.0
52,58414,0.09549958007968318
52,58415,0.07953315491129402
52,58416,0.1905594605440406
52,58417,0.2848059739739328
52,58418,0.3009645652909817
52,58419,0.1731833262131104
52,58420,0.8452910301978015
52,58421,0.501992156364398
52,58422,0.6408358349001361
52,58423,0.9252771406660398
52,58424,0.6882181704051064
52,58425,0.2944148771714766
52,58426,0.6935679549956907
52,58427,0.889345460343434
52,58428,0.31778281526309216
52,58429,0.3171441857257579
52,58430,0.4033571542181857
52,58431,0.1482836667232338
52,58432,0.21039020474485995
52,58433,0.3624272797518199
52,58434,0.14765648523324973
52,58435,0.08177065080728733
52,58436,0.034796808370827464
52,58437,0.0591461159596711
52,58438,0.0
52,58439,0.0
52,58440,0.0
52,58441,0.0
52,58442,0.0
52,58443,0.0
52,58444,0.0
52,58445,0.0
52,58446,0.0
52,58447,0.0
52,58448,0.0
52,58501,0.0
52,58502,0.0
52,58503,0.0
52,58504,0.0
52,58505,0.0
52,58506,0.0
52,58507,0.0
52,58508,0.0
52,58509,0.0
52,58510,0.0
52,58511,0.0
52,58512,0.0
52,58513,0.0
52,58514,0.11445564768441222
52,58515,0.22637638779945135
52,58516,0.41433824527381724
52,58517,0.5148094440906943
52,58518,0.24613819649291319
52,58519,0.7575635516458501
52,58520,0.8107767534377277
52,58521,0.15500132965442864
52,58522,0.5936462467737399
52,58523,0.6112227724976976
52,58524,0.6699392213456017
52,58525,0.3375177647160602
52,58526,0.2815849323116947
52,58527,0.16907473229689624
52,58528,0.12490208744070477
52,58529,0.27133684755527976
52,58530,0.15813194876923278
52,58531,0.29790402601630445
52,58532,0.16445191499162834
52,58533,0.13063542914572374
52,58534,0.3023001810493989
52,58535,0.028835305761841408
52,58536,0.03373570892209448
52,58537,0.022206168347322454
52,58538,0.0
52,58539,0.0
52,58540,0.0
52,58541,0.0
52,58542,0.0
52,58543,0.0
52,58544,0.0
52,58545,0.0
52,58546,0.0
52,58547,0.0
52,58548,0.0
52,58601,0.0
52,58602,0.0
52,58603,0.0
52,58604,0.0
52,58605,0.0
52,58606,0.0
52,58607,0.0
52,58608,0.0
52,58609,0.0
52,58610,0.0
52,58611,0.0
52,58612,0.0
52,58613,0.0
52,58614,0.055253992895118835
52,58615,0.03364390316730079
52,58616,0.35750319994208807
52,58617,0.15424636374640813
52,58618,0.42661223989417213
52,58619,0.14555607922960956
52,58620,0.2789331091324018
52,58621,0.3050394899956845
52,58622,0.9563474198987815
52,58623,0.30190424763347845
52,58624,0.018246272303742227
52,58625,0.0
52,58626,0.33626077301212864
52,58627,0.26075354766809117
52,58628,0.48536884307390415
52,58629,0.38362806832100443
52,58630,0.0751352046363466
52,58631,0.14198346210417315
52,58632,0.36850464276460076
52,58633,0.4899029807931313
52,58634,0.14217454656080183
52,58635,0.06730638370244962
52,58636,0.016139984315045753
52,58637,0.015524592168885847
52,58638,0.0
52,58639,0.0
52,58640,0.0
52,58641,0.0
52,58642,0.0
52,58643,0.0
52,58644,0.0
52,58645,0.0
52,58646,0.0
52,58647,0.0
52,58648,0.0
52,58701,0.0
52,58702,0.0
52,58703,0.0
52,58704,0.0
52,58705,0.0
52,58706,0.0
52,58707,0.0
52,58708,0.0
52,58709,0.0
52,58710,0.0
52,58711,0.0
52,58712,0.0
52,58713,0.0
52,58714,0.047750710648100325
52,58715,0.12655924825714765
52,58716,0.5250609233787467
52,58717,0.29182489714506415
52,58718,0.33283186335685594
52,58719,0.8949146354881611
52,58720,0.6202750831571705
52,58721,0.8719264381042193
52,58722,0.991182850262113
52,58723,0.8807183371330598
52,58724,0.617015758462428
52,58725,0.6547162202206218
52,58726,0.36952524696213623
52,58727,0.7112199014692359
52,58728,0.13221104866322794
52,58729,0.2252354090234973
52,58730,0.5257885316176009
52,58731,0.07852628084494355
52,58732,0.22796286999286483
52,58733,0.12710601658726528
52,58734,0.1344285837062221
52,58735,0.06931551548496535
52,58736,0.0801664996435511
52,58737,0.0251752308966668
52,58738,0.021378494323375578
52,58739,0.0
52,58740,0.0
52,58741,0.0
52,58742,0.0
52,58743,0.0
52,58744,0.0
52,58745,0.0
52,58746,0.0
52,58747,0.0
52,58748,0.0
52,58801,0.0
52,58802,0.0
52,58803,0.0
52,58804,0.0
52,58805,0.0
52,58806,0.0
52,58807,0.0
52,58808,0.0
52,58809,0.0
52,58810,0.0
52,58811,0.0
52,58812,0.0
52,58813,0.0
52,58814,0.09210128806435013
52,58815,0.03267638520212379
52,58816,0.13621052885139495
52,58817,0.11015043227590292
52,58818,0.39062505474901593
52,58819,0.49910134162677017
52,58820,0.3549931553304466
52,58821,0.20083099885427894
52,58822,0.4750255167604746
52,58823,0.20921949519109903
52,58824,0.1832065818383137
52,58825,0.3915251052240281
52,58826,0.332750945484447
52,58827,0.45425893616716967
52,58828,1.035604505947128
52,58829,0.4813330618858689
52,58830,0.2491188265537646
52,58831,0.7314905367977027
52,58832,0.12598939117497998
52,58833,0.3237130974959572
52,58834,0.1259320017717831
52,58835,0.0451990411400308
52,58836,0.04792332803825133
52,58837,0.019206407761025394
52,58838,0.0
52,58839,0.0
52,58840,0.0
52,58841,0.0
52,58842,0.0
52,58843,0.0
52,58844,0.0
52,58845,0.0
52,58846,0.0
52,58847,0.0
52,58848,0.0
52,58901,0.0
52,58902,0.0
52,58903,0.0
52,58904,0.0
52,58905,0.0
52,58906,0.0
52,58907,0.0
52,58908,0.0
52,58909,0.0
52,58910,0.0
52,58911,0.0
52,58912,0.0
52,58913,0.01841455952008204
52,58914,0.08760887360942901
52,58915,0.3179321303072044
52,58916,0.4345312057723744
52,58917,0.4282779503175999
52,58918,0.908627667104287
52,58919,0.8421142856084018
52,58920,0.799294007007911
52,58921,0.22970452026365953
52,58922,0.5940806870332365
52,58923,0.7145267602950471
52,58924,0.3748063479689477
52,58925,0.6392376441450455
52,58926,0.6493747870054918
52,58927,0.7611840273990159
52,58928,1.0473227687420295
52,58929,0.4038624801633394
52,58930,0.5846988946841144
52,58931,0.6056402162447444
52,58932,0.12243050361392516
52,58933,0.4736943053991622
52,58934,0.15168991897300735
52,58935,0.1303195923793412
52,58936,0.07456724291345329
52,58937,0.08243888421865096
52,58938,0.015898988291679815
52,58939,0.0
52,58940,0.0
52,58941,0.0
52,58942,0.0
52,58943,0.0
52,58944,0.0
52,58945,0.0
52,58946,0.0
52,58947,0.0
52,58948,0.0
52,59001,0.0
52,59002,0.0
52,59003,0.0
52,59004,0.0
52,59005,0.0
52,59006,0.0
52,59007,0.0
52,59008,0.0
52,59009,0.0
52,59010,0.0
52,59011,0.0
52,59012,0.0
52,59013,0.0
52,59014,0.08597858078615352
52,59015,0.08618818361284265
52,59016,0.13640715999595573
52,59017,0.10062571499888791
52,59018,0.0343972454355161
52,59019,0.03103667957819391
52,59020,0.06673843515294378
52,59021,0.05568324019004219
52,59022,0.08459486843675071
52,59023,0.22578544095075065
52,59024,0.3156257101742864
52,59025,0.13089819044689674
52,59026,0.23254150341911992
52,59027,0.11390267200337206
52,59028,0.2296906136019929
52,59029,0.06027969008321437
52,59030,0.12287586031610209
52,59031,0.5285096691855342
52,59032,0.7017486693327938
52,59033,0.10777551405950443
52,59034,0.09893975482345514
52,59035,0.19271235967421013
52,59036,0.025354940618936297
52,59037,0.011561373623034936
52,59038,0.022637843967134502
52,59039,0.0
52,59040,0.0
52,59041,0.0
52,59042,0.0
52,59043,0.0
52,59044,0.0
52,59045,0.0
52,59046,0.0
52,59047,0.0
52,59048,0.0
52,59101,0.0
52,59102,0.0
52,59103,0.0
52,59104,0.0
52,59105,0.0
52,59106,0.0
52,59107,0.0
52,59108,0.0
52,59109,0.0
52,59110,0.0
52,59111,0.0
52,59112,0.0
52,59113,0.01584080465930226
52,59114,0.10017608747795251
52,59115,0.30784587965003596
52,59116,0.11401707666949426
52,59117,0.5934999384707588
52,59118,0.7628768105426511
52,59119,0.6869956632990986
52,59120,0.8173710064645243
52,59121,0.2957258564221178
52,59122,1.0528311505539916
52,59123,0.8782881617170496
52,59124,0.9583866964518349
52,59125,0.8818161544080144
52,59126,0.3451192283849694
52,59127,0.7840387028898197
52,59128,0.3304257570995622
52,59129,0.5672444584637912
52,59130,0.8260539968656913
52,59131,0.6088629193361547
52,59132,0.1674188391868892
52,59133,0.2143662095002214
52,59134,0.2901678011258085
52,59135,0.12363777696336786
52,59136,0.018684698682831152
52,59137,0.01946063348207676
52,59138,0.01688828039812897
52,59139,0.0
52,59140,0.0
52,59141,0.0
52,59142,0.0
52,59143,0.0
52,59144,0.0
52,59145,0.0
52,59146,0.0
52,59147,0.0
52,59148,0.0
52,59201,0.0
52,59202,0.0
52,59203,0.0
52,59204,0.0
52,59205,0.0
52,59206,0.0
52,59207,0.0
52,59208,0.0
52,59209,0.0
52,59210,0.0
52,59211,0.0
52,59212,0.0
52,59213,0.0
52,59214,0.013989278446522948
52,59215,0.028281390326957194
52,59216,0.13432044965718712
52,59217,0.4700651450169294
52,59218,0.19034059337554873
52,59219,0.47305844050609197
52,59220,0.24832683467449962
52,59221,0.8847457038023568
52,59222,0.31157682237745365
52,59223,0.9754834191764158
52,59224,0.45923954616594376
52,59225,1.1466637019628172
52,59226,0.7944856998431175
52,59227,0.9576991046101924
52,59228,0.32152436712917964
52,59229,0.5348989944865952
52,59230,0.2853170077233086
52,59231,0.49520307979840067
52,59232,0.32991617387190014
52,59233,0.27978020943321946
52,59234,0.18923513887289137
52,59235,0.11696501861775417
52,59236,0.03758407125039706
52,59237,0.014906761898546292
52,59238,0.0
52,59239,0.0
52,59240,0.0
52,59241,0.0
52,59242,0.0
52,59243,0.0
52,59244,0.0
52,59245,0.0
52,59246,0.0
52,59247,0.0
52,59248,0.0
52,59301,0.0
52,59302,0.0
52,59303,0.0
52,59304,0.0
52,59305,0.0
52,59306,0.0
52,59307,0.0
52,59308,0.0
52,59309,0.0
52,59310,0.0
52,59311,0.0
52,59312,0.0
52,59313,0.024994213678071104
52,59314,0.1190690723765408
52,59315,0.3102544575800556
52,59316,0.25689643185235156
52,59317,0.1580734604682626
52,59318,0.31329497800599115
52,59319,0.4036161730277846
52,59320,0.7393033404109783
52,59321,0.48981182082237346
52,59322,0.9211414132144495
52,59323,0.3767685226408079
52,59324,0.45438069071055376
52,59325,0.8306632111115096
52,59326,0.8592103371880738
52,59327,0.4925179609003495
52,59328,0.515087081079003
52,59329,0.8429354853501283
52,59330,0.8025809883580812
52,59331,0.37469878169097637
52,59332,0.3508416814010658
52,59333,0.11214973775424594
52,59334,0.2673118592105703
52,59335,0.06991336435900733
52,59336,0.02496404705373049
52,59337,0.08330565736213427
52,59338,0.006388600572924082
52,59339,0.0
52,59340,0.0
52,59341,0.0
52,59342,0.0
52,59343,0.0
52,59344,0.0
52,59345,0.0
52,59346,0.0
52,59347,0.0
52,59348,0.0
52,59401,0.0
52,59402,0.0
52,59403,0.0
52,59404,0.0
52,59405,0.0
52,59406,0.0
52,59407,0.0
52,59408,0.0
52,59409,0.0
52,59410,0.0
52,59411,0.0
52,59412,0.0
52,59413,0.0
52,59414,0.14032832106257148
52,59415,0.022364447007579884
52,59416,0.07994975502083614
52,59417,0.20104467067532356
52,59418,0.5814570980900369
52,59419,0.1960599653213135
52,59420,0.5368251088469218
52,59421,0.2250983099439504
52,59422,0.6534146823802255
52,59423,0.26738645786777115
52,59424,0.4541057145866594
52,59425,0.589184658367248
52,59426,0.22214817321108882
52,59427,0.4856417014594728
52,59428,0.23304932441187406
52,59429,0.2350416423987314
52,59430,0.8539426242011575
52,59431,0.700260623405846
52,59432,0.29084348769714286
52,59433,0.10707243442802286
52,59434,0.16664802634701292
52,59435,0.10558838137243541
52,59436,0.08306405715230525
52,59437,0.016943575563763264
52,59438,0.0
52,59439,0.0
52,59440,0.0
52,59441,0.0
52,59442,0.0
52,59443,0.0
52,59444,0.0
52,59445,0.0
52,59446,0.0
52,59447,0.0
52,59448,0.0
52,59501,0.0
52,59502,0.0
52,59503,0.0
52,59504,0.0
52,59505,0.0
52,59506,0.0
52,59507,0.0
52,59508,0.0
52,59509,0.0
52,59510,0.0
52,59511,0.0
52,59512,0.0
52,59513,0.0
52,59514,0.011029278462255014
52,59515,0.06621389049669288
52,59516,0.09007802515627117
52,59517,0.4210875349310714
52,59518,0.4527321129227299
52,59519,0.6256503774712441
52,59520,0.32357341555019686
52,59521,0.9110710476512629
52,59522,1.0652328333509777
52,59523,0.5016186898774152
52,59524,0.30115808571737956
52,59525,0.8148808658588496
52,59526,0.9708803270768335
52,59527,0.7236311512043152
52,59528,0.38493528438301466
52,59529,0.32077022430520313
52,59530,0.4009076516930376
52,59531,0.4886051859743987
52,59532,0.44923216785775155
52,59533,0.20170322543641728
52,59534,0.08074030542315193
52,59535,0.12456943179040102
52,59536,0.03350253658749446
52,59537,0.08384281571882998
52,59538,0.019251398528147477
52,59539,0.0
52,59540,0.0
52,59541,0.0
52,59542,0.0
52,59543,0.0
52,59544,0.0
52,59545,0.0
52,59546,0.0
52,59547,0.0
52,59548,0.0
52,59601,0.0
52,59602,0.0
52,59603,0.0
52,59604,0.0
52,59605,0.0
52,59606,0.0
52,59607,0.0
52,59608,0.0
52,59609,0.0
52,59610,0.0
52,59611,0.0
52,59612,0.0
52,59613,0.021524442000426323
52,59614,0.04987166834068197
52,59615,0.15722375815281148
52,59616,0.29774225887791034
52,59617,0.6787775625818255
52,59618,0.5279673703567255
52,59619,0.4535323190713703
52,59620,0.7684419361127055
52,59621,0.5203455437628044
52,59622,0.4940241734772105
52,59623,0.6082110751009214
52,59624,0.9496925755550363
52,59625,0.6456329312851536
52,59626,0.33445974662418193
52,59627,0.2132099983677829
52,59628,0.7879288413071454
52,59629,0.5607987049981833
52,59630,0.949262519594159
52,59631,0.3782545382529049
52,59632,0.4540059325788514
52,59633,0.1621534667767015
52,59634,0.027610937026985034
52,59635,0.19772358691061642
52,59636,0.06621902929264739
52,59637,0.006796944474203197
52,59638,0.028422447519908245
52,59639,0.0
52,59640,0.0
52,59641,0.0
52,59642,0.0
52,59643,0.0
52,59644,0.0
52,59645,0.0
52,59646,0.0
52,59647,0.0
52,59648,0.0
52,59701,0.0
52,59702,0.0
52,59703,0.0
52,59704,0.0
52,59705,0.0
52,59706,0.0
52,59707,0.0
52,59708,0.0
52,59709,0.0
52,59710,0.0
52,59711,0.0
52,59712,0.0
52,59713,0.04008026138865208
52,59714,0.08730419794502293
52,59715,0.010389731172893404
52,59716,0.05171496800469675
52,59717,0.0635662654698919
52,59718,0.048568212048061804
52,59719,0.13175801538306034
52,59720,0.1476816350814313
52,59721,0.10901468123905052
52,59722,0.0784420447918432
52,59723,0.0349241291515235
52,59724,0.04458836431602539
52,59725,0.15129520833602836
52,59726,0.15549707919302852
52,59727,0.20459666503619856
52,59728,0.08683989595376154
52,59729,0.3605877313676612
52,59730,0.24608975963021248
52,59731,0.18348795082212582
52,59732,0.2684837155078499
52,59733,0.34051830751438866
52,59734,0.2951172305832248
52,59735,0.06839246906256419
52,59736,0.15204879221833617
52,59737,0.015098295578571426
52,59738,0.021958610987636202
52,59739,0.0
52,59740,0.0
52,59741,0.0
52,59742,0.0
52,59743,0.0
52,59744,0.0
52,59745,0.0
52,59746,0.0
52,59747,0.0
52,59748,0.0
52,59801,0.0
52,59802,0.0
52,59803,0.0
52,59804,0.0
52,59805,0.0
52,59806,0.0
52,59807,0.0
52,59808,0.0
52,59809,0.0
52,59810,0.0
52,59811,0.0
52,59812,0.0
52,59813,0.025691009054681135
52,59814,0.0653765491949071
52,59815,0.11888940275614329
52,59816,0.10168683777435607
52,59817,0.17752287741445977
52,59818,0.0859349486228851
52,59819,0.3451565436264357
52,59820,0.7853192282438848
52,59821,0.4679654678369281
52,59822,0.48666552510441285
52,59823,0.5087217535167603
52,59824,0.2363067865361331
52,59825,0.7985582981035263
52,59826,0.30072223821909533
52,59827,0.5100718638620181
52,59828,0.6832928517552904
52,59829,0.6124237103333792
52,59830,0.2750846625513846
52,59831,0.09740464516992288
52,59832,0.5095074829591922
52,59833,0.19958783343753408
52,59834,0.1499058886894852
52,59835,0.07455060712851641
52,59836,0.029338555950141388
52,59837,0.0
52,59838,0.0
52,59839,0.0
52,59840,0.0
52,59841,0.0
52,59842,0.0
52,59843,0.0
52,59844,0.0
52,59845,0.0
52,59846,0.0
52,59847,0.0
52,59848,0.0
52,59901,0.0
52,59902,0.0
52,59903,0.0
52,59904,0.0
52,59905,0.0
52,59906,0.0
52,59907,0.0
52,59908,0.0
52,59909,0.0
52,59910,0.0
52,59911,0.0
52,59912,0.0
52,59913,0.0069589049766249226
52,59914,0.018138572793382098
52,59915,0.17978148324105922
52,59916,0.1220268956218315
52,59917,0.44467466875027195
52,59918,0.2193125835599832
52,59919,0.19440751095912673
52,59920,0.5706023294081595
52,59921,0.8859181843565552
52,59922,0.9171520391897773
52,59923,0.3832984365123509
52,59924,0.9506440188288071
52,59925,0.6014394340540674
52,59926,0.6942226244020065
52,59927,0.3733840735830536
52,59928,0.3330607542863226
52,59929,0.22199341301865033
52,59930,0.5621587365770466
52,59931,0.12372317727111717
52,59932,0.3448442493990027
52,59933,0.2718321989874669
52,59934,0.3074500011425944
52,59935,0.27060021449774097
52,59936,0.1601952641702861
52,59937,0.05759530374061529
52,59938,0.025697701964542033
52,59939,0.0
52,59940,0.0
52,59941,0.0
52,59942,0.0
52,59943,0.0
52,59944,0.0
52,59945,0.0
52,59946,0.0
52,59947,0.0
52,59948,0.0
52,60001,0.0
52,60002,0.0
52,60003,0.0
52,60004,0.0
52,60005,0.0
52,60006,0.0
52,60007,0.0
52,60008,0.0
52,60009,0.0
52,60010,0.0
52,60011,0.0
52,60012,0.0
52,60013,0.008804944749007438
52,60014,0.0285607053293454
52,60015,0.020008974247430096
52,60016,0.19249425320098945
52,60017,0.058786720947425875
52,60018,0.21327361539755868
52,60019,0.3608273005104167
52,60020,0.6238159258397499
52,60021,0.45386239587337485
52,60022,0.42521063336256054
52,60023,0.6221128187009098
52,60024,0.3558356207150384
52,60025,0.8873047853447225
52,60026,0.6378423680866386
52,60027,0.3413780048983486
52,60028,0.42760868183797784
52,60029,0.6484239279885301
52,60030,0.20487195235201364
52,60031,0.18926045105138337
52,60032,0.1173665292037489
52,60033,0.39360941838524177
52,60034,0.13228870987957383
52,60035,0.28831458921299163
52,60036,0.09998577968282273
52,60037,0.04150858963768276
52,60038,0.0
52,60039,0.0
52,60040,0.0
52,60041,0.0
52,60042,0.0
52,60043,0.0
52,60044,0.0
52,60045,0.0
52,60046,0.0
52,60047,0.0
52,60048,0.0
52,60101,0.0
52,60102,0.0
52,60103,0.0
52,60104,0.0
52,60105,0.0
52,60106,0.0
52,60107,0.0
52,60108,0.0
52,60109,0.0
52,60110,0.0
52,60111,0.0
52,60112,0.0
52,60113,0.0
52,60114,0.07431823323457437
52,60115,0.23442414616026713
52,60116,0.1811828156444075
52,60117,0.4612240462173394
52,60118,0.5274495427652852
52,60119,0.22213957234006546
52,60120,0.9893347700293169
52,60121,0.334224210161603
52,60122,0.8332683154594611
52,60123,1.0764547401790534
52,60124,0.8035430809272881
52,60125,0.9059460411278493
52,60126,1.0646547969808104
52,60127,1.0890422065743572
52,60128,0.5471660902579988
52,60129,0.3565972731251492
52,60130,0.12936330971375196
52,60131,0.4730601805118562
52,60132,0.6728985042730804
52,60133,0.16572139486198692
52,60134,0.16589003920222273
52,60135,0.16133820496700724
52,60136,0.05330621194541607
52,60137,0.0685467548543815
52,60138,0.01816327253576791
52,60139,0.0
52,60140,0.0
52,60141,0.0
52,60142,0.0
52,60143,0.0
52,60144,0.0
52,60145,0.0
52,60146,0.0
52,60147,0.0
52,60148,0.0
52,60201,0.0
52,60202,0.0
52,60203,0.0
52,60204,0.0
52,60205,0.0
52,60206,0.0
52,60207,0.0
52,60208,0.0
52,60209,0.0
52,60210,0.0
52,60211,0.0
52,60212,0.0
52,60213,0.007446876197573931
52,60214,0.04060571462133299
52,60215,0.3386586931626575
52,60216,0.24576117320486163
52,60217,0.4507795192160489
52,60218,0.15881378421944473
52,60219,0.2730104061998184
52,60220,1.0275362297003334
52,60221,0.6353457100252722
52,60222,0.6638603232645435
52,60223,1.1351863741185824
52,60224,0.8580860598924747
52,60225,1.1628639110286931
52,60226,0.9123869867789339
52,60227,0.8480785143577788
52,60228,0.591292999235301
52,60229,0.5861949436875511
52,60230,0.9405611401841981
52,60231,0.3148157081271124
52,60232,0.721605036477419
52,60233,0.20843640486308446
52,60234,0.36782567935463256
52,60235,0.1667255749321045
52,60236,0.0590597563163273
52,60237,0.02270573314632216
52,60238,0.008554429951349545
52,60239,0.0
52,60240,0.0
52,60241,0.0
52,60242,0.0
52,60243,0.0
52,60244,0.0
52,60245,0.0
52,60246,0.0
52,60247,0.0
52,60248,0.0
52,60301,0.0
52,60302,0.0
52,60303,0.0
52,60304,0.0
52,60305,0.0
52,60306,0.0
52,60307,0.0
52,60308,0.0
52,60309,0.0
52,60310,0.0
52,60311,0.0
52,60312,0.0
52,60313,0.009385592251691671
52,60314,0.13745368284050807
52,60315,0.08321013043739174
52,60316,0.2765068899573803
52,60317,0.30757462677575226
52,60318,0.26883069529867054
52,60319,0.11748348073271035
52,60320,0.18823478564596288
52,60321,0.5532700207586878
52,60322,0.34515346047803735
52,60323,0.13661089443751714
52,60324,0.1761955235729786
52,60325,0.07659823177222193
52,60326,0.16221527491582388
52,60327,0.3285968934585641
52,60328,0.08033472981647788
52,60329,0.03914405416528915
52,60330,0.33790527455797564
52,60331,0.1589706615969454
52,60332,0.0320282484299409
52,60333,0.028527317937900594
52,60334,0.0
52,60335,0.0
52,60336,0.0
52,60337,0.0
52,60338,0.0
52,60339,0.0
52,60340,0.0
52,60341,0.0
52,60342,0.0
52,60343,0.0
52,60344,0.0
52,60345,0.0
52,60346,0.0
52,60347,0.0
52,60348,0.0
52,60401,0.0
52,60402,0.0
52,60403,0.0
52,60404,0.0
52,60405,0.0
52,60406,0.0
52,60407,0.0
52,60408,0.0
52,60409,0.0
52,60410,0.0
52,60411,0.0
52,60412,0.0
52,60413,0.0
52,60414,0.0
52,60415,0.0
52,60416,0.018114911481691812
52,60417,0.006202944998596934
52,60418,0.028450851184666108
52,60419,0.0070531000794803915
52,60420,0.022528153879268382
52,60421,0.015674812249762436
52,60422,0.10950993200628757
52,60423,0.05117484077425947
52,60424,0.028402116731442727
52,60425,0.06804887777085937
52,60426,0.023086154314339337
52,60427,0.04483140931875921
52,60428,0.049917973201529686
52,60429,0.026510843544450644
52,60430,0.013496009744106177
52,60431,0.03484699218586827
52,60432,0.018918932232688562
52,60433,0.0
52,60434,0.013227416038524537
52,60435,0.011205822478069467
52,60436,0.0
52,60437,0.0
52,60438,0.0
52,60439,0.0
52,60440,0.0
52,60441,0.0
52,60442,0.0
52,60443,0.0
52,60444,0.0
52,60445,0.0
52,60446,0.0
52,60447,0.0
52,60448,0.0
52,60501,0.0
52,60502,0.0
52,60503,0.0
52,60504,0.0
52,60505,0.0
52,60506,0.0
52,60507,0.0
52,60508,0.0
52,60509,0.0
52,60510,0.0
52,60511,0.0
52,60512,0.0
52,60513,0.0
52,60514,0.0
52,60515,0.029717733639615784
52,60516,0.014051948109666259
52,60517,0.1610230593652908
52,60518,0.18243667019106166
52,60519,0.10055356207070903
52,60520,0.11011775239532298
52,60521,0.0965350610099352
52,60522,0.18460784507372668
52,60523,0.11925340449197207
52,60524,0.17025842797703278
52,60525,0.6210573251666001
52,60526,0.36159629277077465
52,60527,0.19047683885090208
52,60528,0.13524298833432702
52,60529,0.5579138579311675
52,60530,0.7439969577567123
52,60531,0.20640546247672772
52,60532,0.36122228872998496
52,60533,0.4675664070979937
52,60534,0.18429016958444838
52,60535,0.15026918218687718
52,60536,0.09480027959706214
52,60537,0.015105605124682708
52,60538,0.025446086798843345
52,60539,0.0
52,60540,0.0
52,60541,0.0
52,60542,0.0
52,60543,0.0
52,60544,0.0
52,60545,0.0
52,60546,0.0
52,60547,0.0
52,60548,0.0
52,60601,0.0
52,60602,0.0
52,60603,0.0
52,60604,0.0
52,60605,0.0
52,60606,0.0
52,60607,0.0
52,60608,0.0
52,60609,0.0
52,60610,0.0
52,60611,0.0
52,60612,0.0
52,60613,0.0
52,60614,0.023375628695834472
52,60615,0.06444691583425347
52,60616,0.1340574242845497
52,60617,0.06048509387916485
52,60618,0.8021744294021744
52,60619,0.9989923431987726
52,60620,0.6341675339711191
52,60621,0.8086847288791487
52,60622,1.037970701025459
52,60623,1.1965499549065692
52,60624,0.5665568368821404
52,60625,0.9292512473949409
52,60626,0.33439176633915524
52,60627,0.8714091130289995
52,60628,1.0870817009007359
52,60629,0.31093749828533557
52,60630,0.4641196088499303
52,60631,0.5823371268512957
52,60632,0.32914533238231025
52,60633,0.4734377496975278
52,60634,0.1289055707960127
52,60635,0.12055113191279186
52,60636,0.07681453187018168
52,60637,0.04793783199011971
52,60638,0.008947099001220931
52,60639,0.0
52,60640,0.0
52,60641,0.0
52,60642,0.0
52,60643,0.0
52,60644,0.0
52,60645,0.0
52,60646,0.0
52,60647,0.0
52,60648,0.0
52,60701,0.0
52,60702,0.0
52,60703,0.0
52,60704,0.0
52,60705,0.0
52,60706,0.0
52,60707,0.0
52,60708,0.0
52,60709,0.0
52,60710,0.0
52,60711,0.0
52,60712,0.0
52,60713,0.027129040179985412
52,60714,0.0985532839021921
52,60715,0.16081720391461507
52,60716,0.17784276248268632
52,60717,0.2263523883086147
52,60718,0.3103820973430642
52,60719,0.648255098533944
52,60720,0.4642548220234424
52,60721,1.0000876231018596
52,60722,1.0297779604302175
52,60723,0.5108995132224559
52,60724,0.9045160741488666
52,60725,0.6187686630418769
52,60726,0.5783148854219999
52,60727,0.9577025523961117
52,60728,0.3822037022199112
52,60729,0.8312143104982485
52,60730,0.43489452439860976
52,60731,0.533649256481741
52,60732,0.30736349227402293
52,60733,0.2502864866373761
52,60734,0.3068839403796987
52,60735,0.0366568022735801
52,60736,0.009098155237164094
52,60737,0.017633362719573182
52,60738,0.0
52,60739,0.0
52,60740,0.0
52,60741,0.0
52,60742,0.0
52,60743,0.0
52,60744,0.0
52,60745,0.0
52,60746,0.0
52,60747,0.0
52,60748,0.0
52,60801,0.0
52,60802,0.0
52,60803,0.0
52,60804,0.0
52,60805,0.0
52,60806,0.0
52,60807,0.0
52,60808,0.0
52,60809,0.0
52,60810,0.0
52,60811,0.0
52,60812,0.0
52,60813,0.0
52,60814,0.006829406071518575
52,60815,0.015225982737127866
52,60816,0.09051468132223109
52,60817,0.0456082231886905
52,60818,0.05163146010847662
52,60819,0.018386800737454415
52,60820,0.15696460781214028
52,60821,0.15512698283541376
52,60822,0.08569420098475394
52,60823,0.10626813819894158
52,60824,0.2183185269309127
52,60825,0.47618853525483407
52,60826,0.14861327737642052
52,60827,0.06156543801124766
52,60828,0.20791807977899193
52,60829,0.25340905293191784
52,60830,0.10653713370049167
52,60831,0.04854926505169647
52,60832,0.06167843481033756
52,60833,0.0269706491331692
52,60834,0.037607555308044764
52,60835,0.028771887370131574
52,60836,0.016178700159600146
52,60837,0.0
52,60838,0.0
52,60839,0.0
52,60840,0.0
52,60841,0.0
52,60842,0.0
52,60843,0.0
52,60844,0.0
52,60845,0.0
52,60846,0.0
52,60847,0.0
52,60848,0.0
52,60901,0.0
52,60902,0.0
52,60903,0.0
52,60904,0.0
52,60905,0.0
52,60906,0.0
52,60907,0.0
52,60908,0.0
52,60909,0.0
52,60910,0.0
52,60911,0.0
52,60912,0.0
52,60913,0.0
52,60914,0.0
52,60915,0.02038787282296807
52,60916,0.11195850194126193
52,60917,0.1686324151431413
52,60918,0.07034177319786061
52,60919,0.10671196421656647
52,60920,0.17161820386072368
52,60921,0.40335931788547796
52,60922,0.2880161584254175
52,60923,0.6401968194950737
52,60924,0.425061286514702
52,60925,0.8256153582684458
52,60926,0.4802214708154209
52,60927,0.4685916096904547
52,60928,0.2648974050310949
52,60929,0.05925022010361252
52,60930,0.20970145612474303
52,60931,0.11876057099170338
52,60932,0.285179947818173
52,60933,0.15687885979950972
52,60934,0.06818408077939699
52,60935,0.0
52,60936,0.021657842981699454
52,60937,0.011728615358074724
52,60938,0.0
52,60939,0.0
52,60940,0.0
52,60941,0.0
52,60942,0.0
52,60943,0.0
52,60944,0.0
52,60945,0.0
52,60946,0.0
52,60947,0.0
52,60948,0.0
52,61001,0.0
52,61002,0.0
52,61003,0.0
52,61004,0.0
52,61005,0.0
52,61006,0.0
52,61007,0.0
52,61008,0.0
52,61009,0.0
52,61010,0.0
52,61011,0.0
52,61012,0.0
52,61013,0.0
52,61014,0.0
52,61015,0.0
52,61016,0.009175621566969345
52,61017,0.0
52,61018,0.0
52,61019,0.01320660637069768
52,61020,0.026659068387525613
52,61021,0.028108493187962918
52,61022,0.03487143285210816
52,61023,0.023524224978911303
52,61024,0.0163333525779425
52,61025,0.05784279862310393
52,61026,0.032495620371345166
52,61027,0.02936673787927797
52,61028,0.04778092825413455
52,61029,0.09156894100141359
52,61030,0.041769545889632304
52,61031,0.023877511552298822
52,61032,0.005122079483831259
52,61033,0.013007842611562147
52,61034,0.009185953755007407
52,61035,0.02710978146814372
52,61036,0.028077367034361634
52,61037,0.015925962909658226
52,61038,0.0
52,61039,0.0
52,61040,0.0
52,61041,0.0
52,61042,0.0
52,61043,0.0
52,61044,0.0
52,61045,0.0
52,61046,0.0
52,61047,0.0
52,61048,0.0
52,61101,0.0
52,61102,0.0
52,61103,0.0
52,61104,0.0
52,61105,0.0
52,61106,0.0
52,61107,0.0
52,61108,0.0
52,61109,0.0
52,61110,0.0
52,61111,0.0
52,61112,0.0
52,61113,0.0
52,61114,0.0
52,61115,0.008418887554426525
52,61116,0.03293958246456181
52,61117,0.05586479615190486
52,61118,0.024066400945006495
52,61119,0.16033900070584226
52,61120,0.1786051082123356
52,61121,0.06694346128885849
52,61122,0.134071964447737
52,61123,0.20473578897319814
52,61124,0.3556624110607711
52,61125,0.3052437835333688
52,61126,0.056891657325917305
52,61127,0.11895898079994531
52,61128,0.05083464945840184
52,61129,0.2571619857637593
52,61130,0.1108822439196041
52,61131,0.14586781492326276
52,61132,0.04846213546735207
52,61133,0.05019307146302397
52,61134,0.038065481110434556
52,61135,0.02502284802331362
52,61136,0.025942584679681423
52,61137,0.006269011425965111
52,61138,0.0
52,61139,0.0
52,61140,0.0
52,61141,0.0
52,61142,0.0
52,61143,0.0
52,61144,0.0
52,61145,0.0
52,61146,0.0
52,61147,0.0
52,61148,0.0
52,61201,0.0
52,61202,0.0
52,61203,0.0
52,61204,0.0
52,61205,0.0
52,61206,0.0
52,61207,0.0
52,61208,0.0
52,61209,0.0
52,61210,0.0
52,61211,0.0
52,61212,0.0
52,61213,0.0
52,61214,0.0
52,61215,0.0
52,61216,0.049114025654422876
52,61217,0.016151773577396916
52,61218,0.03383599462513226
52,61219,0.12231601427275837
52,61220,0.23726766434941704
52,61221,0.18573433235716416
52,61222,0.039363178942382004
52,61223,0.052017595777343315
52,61224,0.37047220192000874
52,61225,0.08019630150193863
52,61226,0.13407466456660586
52,61227,0.1391749298919646
52,61228,0.04516894938357096
52,61229,0.05692651931282079
52,61230,0.19031126597039622
52,61231,0.10572602736848667
52,61232,0.15728640572058297
52,61233,0.11950126248625503
52,61234,0.022913514341195974
52,61235,0.027299484874049186
52,61236,0.022993447544733755
52,61237,0.009337666445540778
52,61238,0.0
52,61239,0.0
52,61240,0.0
52,61241,0.0
52,61242,0.0
52,61243,0.0
52,61244,0.0
52,61245,0.0
52,61246,0.0
52,61247,0.0
52,61248,0.0
52,61301,0.0
52,61302,0.0
52,61303,0.0
52,61304,0.0
52,61305,0.0
52,61306,0.0
52,61307,0.0
52,61308,0.0
52,61309,0.0
52,61310,0.0
52,61311,0.0
52,61312,0.0
52,61313,0.0
52,61314,0.0
52,61315,0.0
52,61316,0.026118207955865082
52,61317,0.029852766791452004
52,61318,0.07108258791509348
52,61319,0.27078584404944667
52,61320,0.03059461605414133
52,61321,0.2091329211318902
52,61322,0.1127970377912923
52,61323,0.17828868308943732
52,61324,0.08251053038857017
52,61325,0.05756420351677553
52,61326,0.16219014069481968
52,61327,0.820124947879582
52,61328,0.5118139640325797
52,61329,0.8063926565824706
52,61330,0.3897272826721524
52,61331,0.5720685420524294
52,61332,0.4806549284790453
52,61333,0.21316761120063896
52,61334,0.07019452031654154
52,61335,0.04332163050128225
52,61336,0.07651307179875654
52,61337,0.04689937449219482
52,61338,0.020902176820003435
52,61339,0.016771807813023062
52,61340,0.0
52,61341,0.0
52,61342,0.0
52,61343,0.0
52,61344,0.0
52,61345,0.0
52,61346,0.0
52,61347,0.0
52,61348,0.0
52,61401,0.0
52,61402,0.0
52,61403,0.0
52,61404,0.0
52,61405,0.0
52,61406,0.0
52,61407,0.0
52,61408,0.0
52,61409,0.0
52,61410,0.0
52,61411,0.0
52,61412,0.0
52,61413,0.029596312924818135
52,61414,0.16126446395997218
52,61415,0.2691531630769114
52,61416,0.41270572934107125
52,61417,0.37172349383694664
52,61418,0.18070820737544818
52,61419,0.9524969484295862
52,61420,0.6205258230366515
52,61421,0.878998024662171
52,61422,0.37168799920918977
52,61423,0.4906528901634332
52,61424,0.7821429300140528
52,61425,1.0502440666830277
52,61426,0.7457048319560579
52,61427,1.002274290046553
52,61428,0.8141475283098775
52,61429,0.31863319929261374
52,61430,0.21742132028031946
52,61431,0.43001767515102746
52,61432,0.5009985669068366
52,61433,0.25517234730886235
52,61434,0.14878618460149304
52,61435,0.08249300139578705
52,61436,0.11104403390940018
52,61437,0.05039893474076705
52,61438,0.020260450637646085
52,61439,0.0
52,61440,0.0
52,61441,0.0
52,61442,0.0
52,61443,0.0
52,61444,0.0
52,61445,0.0
52,61446,0.0
52,61447,0.0
52,61448,0.0
52,61501,0.0
52,61502,0.0
52,61503,0.0
52,61504,0.0
52,61505,0.0
52,61506,0.0
52,61507,0.0
52,61508,0.0
52,61509,0.0
52,61510,0.0
52,61511,0.0
52,61512,0.0
52,61513,0.015879589426606913
52,61514,0.06667287498826385
52,61515,0.20770539305400038
52,61516,0.3394173660798587
52,61517,0.19769646564577653
52,61518,0.7371580277329493
52,61519,0.2619212349870187
52,61520,0.18713491462537685
52,61521,0.9209889663261136
52,61522,1.043298981907672
52,61523,0.5588494570575544
52,61524,1.141550472952146
52,61525,0.9398803699668071
52,61526,0.9893572693539845
52,61527,0.584045831929138
52,61528,0.6447132079680656
52,61529,0.8665657814643866
52,61530,0.3027972556883848
52,61531,0.6576100351139836
52,61532,0.4314077618892499
52,61533,0.20267305442374914
52,61534,0.3668622717924418
52,61535,0.1461420909974783
52,61536,0.07215438968878733
52,61537,0.0408464846789754
52,61538,0.015607439301790647
52,61539,0.0
52,61540,0.0
52,61541,0.0
52,61542,0.0
52,61543,0.0
52,61544,0.0
52,61545,0.0
52,61546,0.0
52,61547,0.0
52,61548,0.0
52,61601,0.0
52,61602,0.0
52,61603,0.0
52,61604,0.0
52,61605,0.0
52,61606,0.0
52,61607,0.0
52,61608,0.0
52,61609,0.0
52,61610,0.0
52,61611,0.0
52,61612,0.0
52,61613,0.005260717055816845
52,61614,0.030909874180731062
52,61615,0.3727706664422509
52,61616,0.43794484795232536
52,61617,0.2872639688695842
52,61618,0.432253682779393
52,61619,1.0018465565222405
52,61620,0.29913762850826037
52,61621,0.6149004605165083
52,61622,0.7780376689427873
52,61623,0.5659394025980524
52,61624,0.34004567807756425
52,61625,0.6790088896359564
52,61626,1.1260087314271512
52,61627,0.5032725426158451
52,61628,1.0799108510465443
52,61629,0.6207400684696475
52,61630,0.41172886846783013
52,61631,0.44587445215810934
52,61632,0.20941657542189535
52,61633,0.25368267643077275
52,61634,0.26224413087910486
52,61635,0.20686695359080565
52,61636,0.10275977302068542
52,61637,0.04199705088167853
52,61638,0.0093899672775566
52,61639,0.010997850836052377
52,61640,0.0
52,61641,0.0
52,61642,0.0
52,61643,0.0
52,61644,0.0
52,61645,0.0
52,61646,0.0
52,61647,0.0
52,61648,0.0
52,61701,0.0
52,61702,0.0
52,61703,0.0
52,61704,0.0
52,61705,0.0
52,61706,0.0
52,61707,0.0
52,61708,0.0
52,61709,0.0
52,61710,0.0
52,61711,0.0
52,61712,0.0
52,61713,0.011299615266538932
52,61714,0.14119084969892948
52,61715,0.418151686114256
52,61716,0.5340895151518625
52,61717,0.29299827716409244
52,61718,0.40304901386454023
52,61719,0.26290030588057417
52,61720,0.2608567303721839
52,61721,0.8053730292372218
52,61722,0.7937551702696073
52,61723,0.2604657313486423
52,61724,0.5225166883744337
52,61725,1.2643402372826706
52,61726,0.7956311298702846
52,61727,0.6796357253543088
52,61728,0.29770070204907023
52,61729,0.1458727708075127
52,61730,0.12810968430920253
52,61731,0.4309802053101446
52,61732,0.14830665041401128
52,61733,0.153269570922157
52,61734,0.2636687630501319
52,61735,0.1438634315966505
52,61736,0.16017526917482006
52,61737,0.02476654177473513
52,61738,0.0
52,61739,0.0
52,61740,0.0
52,61741,0.0
52,61742,0.0
52,61743,0.0
52,61744,0.0
52,61745,0.0
52,61746,0.0
52,61747,0.0
52,61748,0.0
52,61801,0.0
52,61802,0.0
52,61803,0.0
52,61804,0.0
52,61805,0.0
52,61806,0.0
52,61807,0.0
52,61808,0.0
52,61809,0.0
52,61810,0.0
52,61811,0.0
52,61812,0.0
52,61813,0.0
52,61814,0.0
52,61815,0.019452525779384097
52,61816,0.06581772281095581
52,61817,0.2050942199399164
52,61818,0.10974645538455459
52,61819,0.25415414299556544
52,61820,0.06524727640605715
52,61821,0.16098509899222924
52,61822,0.332083698186913
52,61823,1.0371364635411628
52,61824,0.48748239600682103
52,61825,0.526720548084821
52,61826,0.2583793896036083
52,61827,1.0424779621356006
52,61828,0.22486540004760355
52,61829,0.3236698794746123
52,61830,0.7641470507046494
52,61831,0.5851585488802431
52,61832,0.1875930753804405
52,61833,0.5028240795653197
52,61834,0.14345202600352927
52,61835,0.08018020385696822
52,61836,0.05439192487157186
52,61837,0.041699431865297405
52,61838,0.02774672290968603
52,61839,0.015810923915119447
52,61840,0.0
52,61841,0.0
52,61842,0.0
52,61843,0.0
52,61844,0.0
52,61845,0.0
52,61846,0.0
52,61847,0.0
52,61848,0.0
52,61901,0.0
52,61902,0.0
52,61903,0.0
52,61904,0.0
52,61905,0.0
52,61906,0.0
52,61907,0.0
52,61908,0.0
52,61909,0.0
52,61910,0.0
52,61911,0.0
52,61912,0.0
52,61913,0.026552502258718743
52,61914,0.016225692590450338
52,61915,0.017016366898782914
52,61916,0.07871756202315981
52,61917,0.1124963855811632
52,61918,0.15196147684045067
52,61919,0.07368390269767734
52,61920,0.13491443704918546
52,61921,0.08028804630186069
52,61922,0.17496167064378645
52,61923,0.2779876117708182
52,61924,0.1453395909841181
52,61925,0.7966180599242789
52,61926,0.3270975484218619
52,61927,0.6984452271444849
52,61928,0.5621732577737762
52,61929,0.2625783705438157
52,61930,0.9808248556634661
52,61931,0.9433820118749954
52,61932,0.7721305543592649
52,61933,0.6947980572670475
52,61934,0.37747038955765844
52,61935,0.29730043171584947
52,61936,0.07864714485583163
52,61937,0.02565134544695375
52,61938,0.02041032554186359
52,61939,0.0
52,61940,0.0
52,61941,0.0
52,61942,0.0
52,61943,0.0
52,61944,0.0
52,61945,0.0
52,61946,0.0
52,61947,0.0
52,61948,0.0
52,62001,0.0
52,62002,0.0
52,62003,0.0
52,62004,0.0
52,62005,0.0
52,62006,0.0
52,62007,0.0
52,62008,0.0
52,62009,0.0
52,62010,0.0
52,62011,0.0
52,62012,0.0
52,62013,0.06617092357301527
52,62014,0.13759451884572102
52,62015,0.21459100214060867
52,62016,0.5843926730848319
52,62017,0.6902557279207928
52,62018,0.8279520239292474
52,62019,0.59461289320398
52,62020,1.1408471309284454
52,62021,1.0197020990817134
52,62022,0.8847763761963043
52,62023,1.4646672396291212
52,62024,0.8377451272653874
52,62025,0.4631484278802845
52,62026,0.5598105918831038
52,62027,0.5707772841329396
52,62028,0.3676410892343988
52,62029,0.5050807230801873
52,62030,0.6367306399745248
52,62031,0.30438066100289163
52,62032,0.4910669824593369
52,62033,0.4743540089731172
52,62034,0.46765004805457444
52,62035,0.2341073848548435
52,62036,0.0678439021193843
52,62037,0.03840249615794986
52,62038,0.0
52,62039,0.0
52,62040,0.0
52,62041,0.0
52,62042,0.0
52,62043,0.0
52,62044,0.0
52,62045,0.0
52,62046,0.0
52,62047,0.0
52,62048,0.0
52,62101,0.0
52,62102,0.0
52,62103,0.0
52,62104,0.0
52,62105,0.0
52,62106,0.0
52,62107,0.0
52,62108,0.0
52,62109,0.0
52,62110,0.0
52,62111,0.0
52,62112,0.0
52,62113,0.0683278652207849
52,62114,0.2117444462630548
52,62115,0.1001392064617873
52,62116,0.17199507742436368
52,62117,0.15965160467157682
52,62118,0.2581714676856151
52,62119,0.19626848142980682
52,62120,0.5514684460462486
52,62121,0.5651277394217354
52,62122,0.34360238172919727
52,62123,0.47089169123744173
52,62124,0.8395315600688634
52,62125,0.9712575647415943
52,62126,0.2695685058178266
52,62127,0.2247843982937331
52,62128,0.042506077818792315
52,62129,0.14853716343192575
52,62130,0.26780881644134225
52,62131,0.08167357376847009
52,62132,0.06956598055479343
52,62133,0.032268554033482034
52,62134,0.009712324409582907
52,62135,0.011263008552447853
52,62136,0.017337353882141013
52,62137,0.0
52,62138,0.005082834789072522
52,62139,0.0
52,62140,0.0
52,62141,0.0
52,62142,0.0
52,62143,0.0
52,62144,0.0
52,62145,0.0
52,62146,0.0
52,62147,0.0
52,62148,0.0
52,62201,0.0
52,62202,0.0
52,62203,0.0
52,62204,0.0
52,62205,0.0
52,62206,0.0
52,62207,0.0
52,62208,0.0
52,62209,0.0
52,62210,0.0
52,62211,0.0
52,62212,0.0
52,62213,0.0
52,62214,0.022698737326821847
52,62215,0.25951918961772263
52,62216,0.6026800433292255
52,62217,0.3878047384246005
52,62218,0.6096390336576751
52,62219,0.260166281316386
52,62220,0.20336042002167348
52,62221,0.3882238742859984
52,62222,0.4599115287055644
52,62223,0.8359477491277186
52,62224,0.17992211005865175
52,62225,1.1712490625939842
52,62226,0.9125175378058743
52,62227,0.7665232016261573
52,62228,0.9480036629195786
52,62229,0.4433481427744904
52,62230,0.7469393960157724
52,62231,0.9130057472027359
52,62232,0.3182937558032802
52,62233,0.17655426757343906
52,62234,0.1999261435181568
52,62235,0.06206142449136235
52,62236,0.14264343509109362
52,62237,0.11657730618810425
52,62238,0.01885362476371686
52,62239,0.0
52,62240,0.0
52,62241,0.0
52,62242,0.0
52,62243,0.0
52,62244,0.0
52,62245,0.0
52,62246,0.0
52,62247,0.0
52,62248,0.0
52,62301,0.0
52,62302,0.0
52,62303,0.0
52,62304,0.0
52,62305,0.0
52,62306,0.0
52,62307,0.0
52,62308,0.0
52,62309,0.0
52,62310,0.0
52,62311,0.0
52,62312,0.0
52,62313,0.0
52,62314,0.05821281538792509
52,62315,0.07021389908794586
52,62316,0.24524311427374393
52,62317,0.1883497655203799
52,62318,0.2032798589747151
52,62319,0.46082032900805786
52,62320,0.8450313324785685
52,62321,0.19880801390586966
52,62322,0.3976487043167931
52,62323,0.3184114145049929
52,62324,0.25404458245395883
52,62325,0.33151921260328726
52,62326,0.8319142711514466
52,62327,0.380077471271189
52,62328,0.881115853176343
52,62329,0.865183876228353
52,62330,0.25283984163353923
52,62331,0.42815265271386627
52,62332,0.48042466794635547
52,62333,0.56129178894669
52,62334,0.37410912471745983
52,62335,0.3225201736669607
52,62336,0.14661235387571012
52,62337,0.1465888695867232
52,62338,0.042936142463347864
52,62339,0.01444541661226429
52,62340,0.0
52,62341,0.0
52,62342,0.0
52,62343,0.0
52,62344,0.0
52,62345,0.0
52,62346,0.0
52,62347,0.0
52,62348,0.0
52,62401,0.0
52,62402,0.0
52,62403,0.0
52,62404,0.0
52,62405,0.0
52,62406,0.0
52,62407,0.0
52,62408,0.0
52,62409,0.0
52,62410,0.0
52,62411,0.0
52,62412,0.0
52,62413,0.02655049895624999
52,62414,0.08763129215663565
52,62415,0.1025434191801321
52,62416,0.07221024746441625
52,62417,0.026339439816611288
52,62418,0.22313417484661258
52,62419,0.10394938983592353
52,62420,0.19547889610320815
52,62421,0.13396351507993573
52,62422,0.11536982766980773
52,62423,0.28140316314279695
52,62424,0.22893251264814474
52,62425,0.2343679457210083
52,62426,0.4691293358942268
52,62427,0.36117102042068644
52,62428,0.11581130289922485
52,62429,0.10734590593501811
52,62430,0.1408800861937681
52,62431,0.16272602407790854
52,62432,0.1290532832740972
52,62433,0.06338971206251484
52,62434,0.1113202185814661
52,62435,0.0743245771768607
52,62436,0.07191995104757486
52,62437,0.07837791512649679
52,62438,0.07593978993402142
52,62439,0.006571006528991115
52,62440,0.0
52,62441,0.0
52,62442,0.0
52,62443,0.0
52,62444,0.0
52,62445,0.0
52,62446,0.0
52,62447,0.0
52,62448,0.0
52,62501,0.0
52,62502,0.0
52,62503,0.0
52,62504,0.0
52,62505,0.0
52,62506,0.0
52,62507,0.0
52,62508,0.0
52,62509,0.0
52,62510,0.0
52,62511,0.0
52,62512,0.0
52,62513,0.019803786724315174
52,62514,0.018837686084115818
52,62515,0.03121637881951915
52,62516,0.021738438883389524
52,62517,0.09951786382771728
52,62518,0.17254895383472882
52,62519,0.16446553550401566
52,62520,0.1649971649161583
52,62521,0.46895818162698655
52,62522,0.1390083573199262
52,62523,0.3167150330237908
52,62524,0.4668110379966719
52,62525,0.3647316654350634
52,62526,0.4891656013300501
52,62527,0.5120209745070956
52,62528,0.11202387213103578
52,62529,0.19334595284710743
52,62530,0.22129747451007298
52,62531,0.5959051014045339
52,62532,0.4852193703525509
52,62533,0.18098068203325499
52,62534,0.21372614211747623
52,62535,0.3023691755309649
52,62536,0.11340202866513933
52,62537,0.03722464435971596
52,62538,0.007797708319719541
52,62539,0.01935104007876753
52,62540,0.0
52,62541,0.0
52,62542,0.0
52,62543,0.0
52,62544,0.0
52,62545,0.0
52,62546,0.0
52,62547,0.0
52,62548,0.0
52,62601,0.0
52,62602,0.0
52,62603,0.0
52,62604,0.0
52,62605,0.0
52,62606,0.0
52,62607,0.0
52,62608,0.0
52,62609,0.0
52,62610,0.0
52,62611,0.0
52,62612,0.0
52,62613,0.03295756058888827
52,62614,0.11707675831136179
52,62615,0.2751151152700431
52,62616,0.11993830527685992
52,62617,0.12901326606422775
52,62618,0.03914439782170512
52,62619,0.43305325572184256
52,62620,0.256455436885622
52,62621,0.33151281508609914
52,62622,1.285632235493186
52,62623,0.6255408419309857
52,62624,0.5508135937751584
52,62625,0.25217633510506293
52,62626,0.1979715741376775
52,62627,0.46217363598171324
52,62628,0.5892663813999648
52,62629,0.7191918472335141
52,62630,0.7070344311640193
52,62631,0.24297348668174665
52,62632,0.34773700892244125
52,62633,0.20088179530065814
52,62634,0.22196566755556327
52,62635,0.06257128240952349
52,62636,0.1385296487795961
52,62637,0.03915011697027547
52,62638,0.07366800560339322
52,62639,0.01417627520912356
52,62640,0.0
52,62641,0.0
52,62642,0.0
52,62643,0.0
52,62644,0.0
52,62645,0.0
52,62646,0.0
52,62647,0.0
52,62648,0.0
52,62701,0.0
52,62702,0.0
52,62703,0.0
52,62704,0.0
52,62705,0.0
52,62706,0.0
52,62707,0.0
52,62708,0.0
52,62709,0.0
52,62710,0.0
52,62711,0.0
52,62712,0.0
52,62713,0.0
52,62714,0.04752189212616115
52,62715,0.04258521187478144
52,62716,0.1438576608307464
52,62717,0.5025365649938637
52,62718,0.1633501032052038
52,62719,0.2973974043944485
52,62720,0.23206296636706134
52,62721,0.6280575999831626
52,62722,0.4035708100738623
52,62723,0.14204723804747846
52,62724,0.04058716709627507
52,62725,0.06831665930729751
52,62726,0.2604025498829017
52,62727,0.137154602665309
52,62728,0.4522946074392414
52,62729,0.4236536008236557
52,62730,0.17619684271536093
52,62731,0.3450396771381247
52,62732,0.4565359771078759
52,62733,0.37446449273350213
52,62734,0.3041847829886455
52,62735,0.12319134896885034
52,62736,0.22002833849968645
52,62737,0.0536466687061031
52,62738,0.048583413320167884
52,62739,0.013418392191237638
52,62740,0.0
52,62741,0.0
52,62742,0.0
52,62743,0.0
52,62744,0.0
52,62745,0.0
52,62746,0.0
52,62747,0.0
52,62748,0.0
52,62801,0.0
52,62802,0.0
52,62803,0.0
52,62804,0.0
52,62805,0.0
52,62806,0.0
52,62807,0.0
52,62808,0.0
52,62809,0.0
52,62810,0.0
52,62811,0.0
52,62812,0.0
52,62813,0.05885142990471314
52,62814,0.11591925486029273
52,62815,0.33576023087920187
52,62816,0.38550572842119046
52,62817,0.1213911748005801
52,62818,0.6419174818986791
52,62819,0.4449609611637394
52,62820,0.507513078162849
52,62821,0.7819976985105999
52,62822,0.7597267105296474
52,62823,0.505702339666965
52,62824,0.8263275603952057
52,62825,0.5452712177978439
52,62826,0.8821157393172995
52,62827,0.9881674332968098
52,62828,0.4551896652133423
52,62829,0.03252525430187692
52,62830,0.007846298769586028
52,62831,0.0
52,62832,0.06488267212224176
52,62833,0.1311803492518038
52,62834,0.15639404401532606
52,62835,0.10735517636426872
52,62836,0.043879854370418525
52,62837,0.050343075052035835
52,62838,0.0
52,62839,0.0
52,62840,0.0
52,62841,0.0
52,62842,0.0
52,62843,0.0
52,62844,0.0
52,62845,0.0
52,62846,0.0
52,62847,0.0
52,62848,0.0
52,62901,0.0
52,62902,0.0
52,62903,0.0
52,62904,0.0
52,62905,0.0
52,62906,0.0
52,62907,0.0
52,62908,0.0
52,62909,0.0
52,62910,0.0
52,62911,0.0
52,62912,0.0
52,62913,0.0
52,62914,0.043336251172313406
52,62915,0.07930764573117498
52,62916,0.07672413035603481
52,62917,0.08085810381004556
52,62918,0.0371511690097787
52,62919,0.04619411490697311
52,62920,0.06103516819268203
52,62921,0.09810361293465122
52,62922,0.02767866626204669
52,62923,0.0
52,62924,0.03505594297979869
52,62925,0.07801971044770142
52,62926,0.06856305639231687
52,62927,0.18996837448038642
52,62928,0.04195212502429889
52,62929,0.08440527471980495
52,62930,0.05363283235994645
52,62931,0.03155323538082824
52,62932,0.07695299305167931
52,62933,0.0727644857475712
52,62934,0.07880292700883933
52,62935,0.021256884806756478
52,62936,0.01152778456172258
52,62937,0.06648147513751589
52,62938,0.027543743728627623
52,62939,0.01705066301041045
52,62940,0.0
52,62941,0.0
52,62942,0.0
52,62943,0.0
52,62944,0.0
52,62945,0.0
52,62946,0.0
52,62947,0.0
52,62948,0.0
52,63001,0.0
52,63002,0.0
52,63003,0.0
52,63004,0.0
52,63005,0.0
52,63006,0.0
52,63007,0.0
52,63008,0.0
52,63009,0.0
52,63010,0.0
52,63011,0.0
52,63012,0.0
52,63013,0.0
52,63014,0.005196564747031019
52,63015,0.005552032962884772
52,63016,0.04151137243083821
52,63017,0.13614991820131891
52,63018,0.20484200974429828
52,63019,0.07789673138779594
52,63020,0.09759055334273882
52,63021,0.07123109417867939
52,63022,0.08692910797574392
52,63023,0.18893583973812425
52,63024,0.1390831832323342
52,63025,0.47471746322070985
52,63026,0.4272754965577514
52,63027,0.264930533119245
52,63028,0.24277374381813321
52,63029,0.2769836157374095
52,63030,0.6646689599762886
52,63031,0.15351687418265422
52,63032,0.30211576688596364
52,63033,0.0718342493700415
52,63034,0.04760483649263731
52,63035,0.14449093034081492
52,63036,0.03028648523235114
52,63037,0.05438636807536909
52,63038,0.05947946036100721
52,63039,0.0066135934730844875
52,63040,0.0
52,63041,0.0
52,63042,0.0
52,63043,0.0
52,63044,0.0
52,63045,0.0
52,63046,0.0
52,63047,0.0
52,63048,0.0
52,63101,0.0
52,63102,0.0
52,63103,0.0
52,63104,0.0
52,63105,0.0
52,63106,0.0
52,63107,0.0
52,63108,0.0
52,63109,0.0
52,63110,0.0
52,63111,0.0
52,63112,0.0
52,63113,0.0
52,63114,0.047493486657469546
52,63115,0.20816961704872833
52,63116,0.24031657414584404
52,63117,0.200785815753734
52,63118,0.8700666916881776
52,63119,0.574615718822463
52,63120,0.286663949820133
52,63121,0.24362699197441154
52,63122,0.456208705141714
52,63123,0.3938637997939887
52,63124,0.7917898066220865
52,63125,0.822734508354416
52,63126,0.2301968410564576
52,63127,0.10483545539213178
52,63128,0.3547486542789309
52,63129,0.8131683286780881
52,63130,0.45956659984988546
52,63131,0.6220668544482879
52,63132,0.2680510004023895
52,63133,0.36546992612295
52,63134,0.3580330348071126
52,63135,0.08442361355995343
52,63136,0.0280625001971279
52,63137,0.06539880167667561
52,63138,0.00981863283569757
52,63139,0.022654318080668322
52,63140,0.0
52,63141,0.0
52,63142,0.0
52,63143,0.0
52,63144,0.0
52,63145,0.0
52,63146,0.0
52,63147,0.0
52,63148,0.0
52,63201,0.0
52,63202,0.0
52,63203,0.0
52,63204,0.0
52,63205,0.0
52,63206,0.0
52,63207,0.0
52,63208,0.0
52,63209,0.0
52,63210,0.0
52,63211,0.0
52,63212,0.0
52,63213,0.0110030173661943
52,63214,0.027689810388232185
52,63215,0.030599138403457952
52,63216,0.05463643888952625
52,63217,0.3335249749065407
52,63218,0.5621306758308448
52,63219,0.2793167623299485
52,63220,0.2177592371534604
52,63221,0.7870147455036752
52,63222,0.6442264426426413
52,63223,0.9515139478385737
52,63224,0.3122022690205368
52,63225,1.391012635715289
52,63226,1.3737163147771443
52,63227,1.3083016494222894
52,63228,0.5971644113313958
52,63229,0.7362701005202094
52,63230,0.3203935551689209
52,63231,0.6631346329532715
52,63232,0.29283003250057626
52,63233,0.3052322981142895
52,63234,0.37117254937325556
52,63235,0.2760480652235075
52,63236,0.06729905538130712
52,63237,0.022783511262827096
52,63238,0.01272671561360372
52,63239,0.0
52,63240,0.0
52,63241,0.0
52,63242,0.0
52,63243,0.0
52,63244,0.0
52,63245,0.0
52,63246,0.0
52,63247,0.0
52,63248,0.0
52,63301,0.0
52,63302,0.0
52,63303,0.0
52,63304,0.0
52,63305,0.0
52,63306,0.0
52,63307,0.0
52,63308,0.0
52,63309,0.0
52,63310,0.0
52,63311,0.0
52,63312,0.0
52,63313,0.026346399682598474
52,63314,0.11462339788575902
52,63315,0.14488530315577547
52,63316,0.6146353082072267
52,63317,0.256647958702951
52,63318,0.20452157932902493
52,63319,0.6014650146541584
52,63320,0.8381021150359137
52,63321,0.34459781775753534
52,63322,0.39257573076286306
52,63323,0.3708901546439071
52,63324,0.5708488961662472
52,63325,0.3027483879147259
52,63326,0.43260827572955596
52,63327,0.9698605238921028
52,63328,1.1491113926134633
52,63329,0.6786321011919264
52,63330,0.18689608350543627
52,63331,0.1496183227585252
52,63332,0.45188568867049766
52,63333,0.5549060983957529
52,63334,0.09719295331925654
52,63335,0.30014705156186094
52,63336,0.2522077379765671
52,63337,0.08339539489987738
52,63338,0.050790517827771144
52,63339,0.015170692383222781
52,63340,0.0
52,63341,0.0
52,63342,0.0
52,63343,0.0
52,63344,0.0
52,63345,0.0
52,63346,0.0
52,63347,0.0
52,63348,0.0
52,63401,0.0
52,63402,0.0
52,63403,0.0
52,63404,0.0
52,63405,0.0
52,63406,0.0
52,63407,0.0
52,63408,0.0
52,63409,0.0
52,63410,0.0
52,63411,0.0
52,63412,0.0
52,63413,0.053943613094778006
52,63414,0.06410670968215756
52,63415,0.06578498863005515
52,63416,0.16280762992819373
52,63417,0.23723861034339977
52,63418,0.0580167628125968
52,63419,0.3203086054604779
52,63420,0.18381761841352554
52,63421,0.93673729648479
52,63422,1.2501655361658963
52,63423,1.2341664594857242
52,63424,0.7962428619009457
52,63425,1.0437357972472738
52,63426,0.41835686722257365
52,63427,0.2910148920256225
52,63428,0.6236829066994445
52,63429,0.7036935363340354
52,63430,0.820114412500108
52,63431,0.94883810970788
52,63432,0.6439087220723754
52,63433,0.5505524059839147
52,63434,0.3243616881680493
52,63435,0.09689218371180393
52,63436,0.15084254753697654
52,63437,0.03445120911944145
52,63438,0.07460793821392946
52,63439,0.020435459809989957
52,63440,0.0
52,63441,0.0
52,63442,0.0
52,63443,0.0
52,63444,0.0
52,63445,0.0
52,63446,0.0
52,63447,0.0
52,63448,0.0
52,63501,0.0
52,63502,0.0
52,63503,0.0
52,63504,0.0
52,63505,0.0
52,63506,0.0
52,63507,0.0
52,63508,0.0
52,63509,0.0
52,63510,0.0
52,63511,0.0
52,63512,0.0
52,63513,0.0
52,63514,0.015287935169742464
52,63515,0.06731899846544581
52,63516,0.15459163766056944
52,63517,0.2740181756806123
52,63518,0.21462900772875695
52,63519,0.3865793875045952
52,63520,0.41531913411490545
52,63521,0.4564182917942722
52,63522,0.8535653708491213
52,63523,0.7336920782808594
52,63524,0.46699828323373804
52,63525,0.5057507174362611
52,63526,0.3066905988482322
52,63527,0.6846654616541055
52,63528,0.7323618424649121
52,63529,1.0187948994122775
52,63530,0.4030639563443463
52,63531,0.3800090593467428
52,63532,0.8195778367330053
52,63533,0.6531359410163138
52,63534,0.31841389931194936
52,63535,0.15695759382130367
52,63536,0.24097427517183734
52,63537,0.09463896004610582
52,63538,0.06784261122477113
52,63539,0.01990084156832829
52,63540,0.0
52,63541,0.0
52,63542,0.0
52,63543,0.0
52,63544,0.0
52,63545,0.0
52,63546,0.0
52,63547,0.0
52,63548,0.0
52,63601,0.0
52,63602,0.0
52,63603,0.0
52,63604,0.0
52,63605,0.0
52,63606,0.0
52,63607,0.0
52,63608,0.0
52,63609,0.0
52,63610,0.0
52,63611,0.0
52,63612,0.0
52,63613,0.0
52,63614,0.02916637716292493
52,63615,0.028542892108799213
52,63616,0.11843938790118959
52,63617,0.1096718912758123
52,63618,0.03911950474245806
52,63619,0.10073774676701196
52,63620,0.10857680980574227
52,63621,0.08627360504121845
52,63622,0.040766164844843
52,63623,0.1977729736718234
52,63624,0.3253752901501051
52,63625,0.07594006700463345
52,63626,0.11496227180907008
52,63627,0.17335949803954223
52,63628,0.14646260287130122
52,63629,0.1535237009260644
52,63630,0.07539984289657663
52,63631,0.18024247719898043
52,63632,0.41749468701349796
52,63633,0.07324079874269121
52,63634,0.048210050276296816
52,63635,0.07399656096287634
52,63636,0.02718780655689238
52,63637,0.03571045026366694
52,63638,0.06556123265986082
52,63639,0.0
52,63640,0.0
52,63641,0.0
52,63642,0.0
52,63643,0.0
52,63644,0.0
52,63645,0.0
52,63646,0.0
52,63647,0.0
52,63648,0.0
52,63701,0.0
52,63702,0.0
52,63703,0.0
52,63704,0.0
52,63705,0.0
52,63706,0.0
52,63707,0.0
52,63708,0.0
52,63709,0.0
52,63710,0.0
52,63711,0.0
52,63712,0.0
52,63713,0.0
52,63714,0.013501943211134885
52,63715,0.10159617340692641
52,63716,0.1010698413523265
52,63717,0.08596194581782635
52,63718,0.08936852186955248
52,63719,0.33219775523951534
52,63720,0.190822308290612
52,63721,0.2019090980362297
52,63722,0.40305989130569636
52,63723,0.2957202750564187
52,63724,0.3529472593615709
52,63725,0.763705702186657
52,63726,0.6306436766516117
52,63727,0.8748304969965369
52,63728,0.8081695461472788
52,63729,0.3802065058793129
52,63730,0.8155810448832582
52,63731,0.42958865080898645
52,63732,0.3987377411864873
52,63733,0.15686864071677892
52,63734,0.12685936241358858
52,63735,0.17124220776216234
52,63736,0.10036699656259329
52,63737,0.09659250295374934
52,63738,0.017903758357496604
52,63739,0.02595625563222024
52,63740,0.0
52,63741,0.0
52,63742,0.0
52,63743,0.0
52,63744,0.0
52,63745,0.0
52,63746,0.0
52,63747,0.0
52,63748,0.0
52,63801,0.0
52,63802,0.0
52,63803,0.0
52,63804,0.0
52,63805,0.0
52,63806,0.0
52,63807,0.0
52,63808,0.0
52,63809,0.0
52,63810,0.0
52,63811,0.0
52,63812,0.0
52,63813,0.0
52,63814,0.0
52,63815,0.04276224544915637
52,63816,0.054920277686797254
52,63817,0.12051731096843682
52,63818,0.05224145623247532
52,63819,0.21816364243458747
52,63820,0.1250791762012809
52,63821,0.7961022605653603
52,63822,0.19517966834483388
52,63823,0.39262842629040423
52,63824,0.12713665814850852
52,63825,0.25379461396768127
52,63826,0.21499698647198304
52,63827,0.8619538738612026
52,63828,0.898560025993094
52,63829,0.5801005842176614
52,63830,0.9989912515302338
52,63831,0.4364274263118778
52,63832,0.6676002330572584
52,63833,0.6137468721311019
52,63834,0.2483823843976562
52,63835,0.11866609000765677
52,63836,0.20873504085826147
52,63837,0.13139346086513015
52,63838,0.0417229703631769
52,63839,0.011363217076343664
52,63840,0.0
52,63841,0.0
52,63842,0.0
52,63843,0.0
52,63844,0.0
52,63845,0.0
52,63846,0.0
52,63847,0.0
52,63848,0.0
52,63901,0.0
52,63902,0.0
52,63903,0.0
52,63904,0.0
52,63905,0.0
52,63906,0.0
52,63907,0.0
52,63908,0.0
52,63909,0.0
52,63910,0.0
52,63911,0.0
52,63912,0.0
52,63913,0.0
52,63914,0.03889861448937597
52,63915,0.024509536630936718
52,63916,0.14619420904336264
52,63917,0.07407766861136929
52,63918,0.11512439773185436
52,63919,0.07725502999938973
52,63920,0.06667800213242572
52,63921,0.0420437302442402
52,63922,0.03103092621978494
52,63923,0.02279409324208376
52,63924,0.07179957341258938
52,63925,0.11984277777899523
52,63926,0.08311111267489282
52,63927,0.05311791906899186
52,63928,0.13774768544551258
52,63929,0.12433623651242738
52,63930,0.19579989365452993
52,63931,0.1127872467686235
52,63932,0.07387753894422248
52,63933,0.05580550600395121
52,63934,0.1478905865983099
52,63935,0.07516395330489803
52,63936,0.11685688569103606
52,63937,0.11520392655832724
52,63938,0.02108037055189071
52,63939,0.0
52,63940,0.0
52,63941,0.0
52,63942,0.0
52,63943,0.0
52,63944,0.0
52,63945,0.0
52,63946,0.0
52,63947,0.0
52,63948,0.0
52,64001,0.0
52,64002,0.0
52,64003,0.0
52,64004,0.0
52,64005,0.0
52,64006,0.0
52,64007,0.0
52,64008,0.0
52,64009,0.0
52,64010,0.0
52,64011,0.0
52,64012,0.0
52,64013,0.0
52,64014,0.05649064207721045
52,64015,0.07449707397766607
52,64016,0.21547601506623798
52,64017,0.12926524439078377
52,64018,0.2535536132171726
52,64019,0.4174737511566692
52,64020,0.44549519423246275
52,64021,0.19331105780328203
52,64022,0.42410136666688686
52,64023,0.45543848630488
52,64024,0.3177945166618987
52,64025,0.4101329233915313
52,64026,0.43157732057338066
52,64027,0.18368177388193177
52,64028,0.44812869319508203
52,64029,0.31359484391900866
52,64030,0.19409139863432323
52,64031,0.5647292518659809
52,64032,0.2316607202153704
52,64033,0.22738244667364926
52,64034,0.3601974156828566
52,64035,0.14126811469919526
52,64036,0.05203597898819339
52,64037,0.14764161653991145
52,64038,0.10543075659491212
52,64039,0.024100497035057115
52,64040,0.0
52,64041,0.0
52,64042,0.0
52,64043,0.0
52,64044,0.0
52,64045,0.0
52,64046,0.0
52,64047,0.0
52,64048,0.0
52,64101,0.0
52,64102,0.0
52,64103,0.0
52,64104,0.0
52,64105,0.0
52,64106,0.0
52,64107,0.0
52,64108,0.0
52,64109,0.0
52,64110,0.0
52,64111,0.0
52,64112,0.0
52,64113,0.0
52,64114,0.027403742194280458
52,64115,0.17241483928074722
52,64116,0.439953524782395
52,64117,0.17786162713190576
52,64118,0.4946178090322185
52,64119,0.6242191608269554
52,64120,0.6551470143251092
52,64121,1.0208356620042527
52,64122,0.9201521275058371
52,64123,0.5818868683748061
52,64124,1.0932474528730545
52,64125,1.2821175467051857
52,64126,0.8408850545432343
52,64127,0.25121986962863424
52,64128,0.8051333381572577
52,64129,0.8231767444715136
52,64130,0.33863238173523763
52,64131,0.4621544787080705
52,64132,0.5675109708531544
52,64133,0.1679645827595416
52,64134,0.5443251312064885
52,64135,0.13110023095553305
52,64136,0.12032683028173238
52,64137,0.0877337655910253
52,64138,0.014484296917332856
52,64139,0.013507586257815158
52,64140,0.0
52,64141,0.0
52,64142,0.0
52,64143,0.0
52,64144,0.0
52,64145,0.0
52,64146,0.0
52,64147,0.0
52,64148,0.0
52,64201,0.0
52,64202,0.0
52,64203,0.0
52,64204,0.0
52,64205,0.0
52,64206,0.0
52,64207,0.0
52,64208,0.0
52,64209,0.0
52,64210,0.0
52,64211,0.0
52,64212,0.0
52,64213,0.008573679373144056
52,64214,0.15276355553827176
52,64215,0.09139017496966667
52,64216,0.4591166551381609
52,64217,0.2490533987694832
52,64218,0.3932171514406651
52,64219,0.746655560428961
52,64220,0.5703215145094169
52,64221,0.8590243898106584
52,64222,0.8807516326249595
52,64223,0.28231683743127584
52,64224,0.8969330669690628
52,64225,0.1734028755354105
52,64226,1.278790385868925
52,64227,1.0015317757196363
52,64228,0.4157826567142868
52,64229,0.6214317899846148
52,64230,1.0755453308712133
52,64231,0.566500229666744
52,64232,0.3427708922749079
52,64233,0.5641802283775079
52,64234,0.20496685965829423
52,64235,0.17189225877865527
52,64236,0.2561660693546954
52,64237,0.050813695948970665
52,64238,0.027286892628086094
52,64239,0.017400503273629513
52,64240,0.0
52,64241,0.0
52,64242,0.0
52,64243,0.0
52,64244,0.0
52,64245,0.0
52,64246,0.0
52,64247,0.0
52,64248,0.0
52,64301,0.0
52,64302,0.0
52,64303,0.0
52,64304,0.0
52,64305,0.0
52,64306,0.0
52,64307,0.0
52,64308,0.0
52,64309,0.0
52,64310,0.0
52,64311,0.0
52,64312,0.0
52,64313,0.0
52,64314,0.07029961710403698
52,64315,0.20162158148278245
52,64316,0.0856899936465724
52,64317,0.23295674717470843
52,64318,0.21144308406059667
52,64319,0.36449180471627063
52,64320,0.36211337882508843
52,64321,0.44040194582730785
52,64322,0.27077864391760287
52,64323,0.2049874863867057
52,64324,0.24640970230237558
52,64325,0.1868096643006454
52,64326,0.37199353835493826
52,64327,0.5248441223354362
52,64328,0.1841298681052206
52,64329,0.39826396008085807
52,64330,0.3452688133106264
52,64331,0.05317452888444499
52,64332,0.1298601834819425
52,64333,0.2509060965312112
52,64334,0.15886881826006063
52,64335,0.02850029023593928
52,64336,0.02118510656415781
52,64337,0.027479514498798614
52,64338,0.019183648976728633
52,64339,0.02250505346323277
52,64340,0.0
52,64341,0.0
52,64342,0.0
52,64343,0.0
52,64344,0.0
52,64345,0.0
52,64346,0.0
52,64347,0.0
52,64348,0.0
52,64401,0.0
52,64402,0.0
52,64403,0.0
52,64404,0.0
52,64405,0.0
52,64406,0.0
52,64407,0.0
52,64408,0.0
52,64409,0.0
52,64410,0.0
52,64411,0.0
52,64412,0.0
52,64413,0.0
52,64414,0.0
52,64415,0.0
52,64416,0.09103021126816167
52,64417,0.17050349148880983
52,64418,0.6895455193614728
52,64419,0.5264882729133247
52,64420,0.23303129008138382
52,64421,0.21595925886897188
52,64422,0.33067987396968257
52,64423,0.10124048633249479
52,64424,1.0127223688384963
52,64425,0.439699368735412
52,64426,0.2894786861294394
52,64427,0.5578645040222313
52,64428,0.33485488886990733
52,64429,0.20627726542967598
52,64430,0.10743631296654563
52,64431,0.10593365008019613
52,64432,0.23636976112692545
52,64433,0.03303864981120881
52,64434,0.06118136929091528
52,64435,0.04783112354497773
52,64436,0.0546891197191515
52,64437,0.0305845459136118
52,64438,0.06354749914239553
52,64439,0.07172326501730984
52,64440,0.0
52,64441,0.0
52,64442,0.0
52,64443,0.0
52,64444,0.0
52,64445,0.0
52,64446,0.0
52,64447,0.0
52,64448,0.0
52,64501,0.0
52,64502,0.0
52,64503,0.0
52,64504,0.0
52,64505,0.0
52,64506,0.0
52,64507,0.0
52,64508,0.0
52,64509,0.0
52,64510,0.0
52,64511,0.0
52,64512,0.0
52,64513,0.0
52,64514,0.05838360052254819
52,64515,0.07255088905712705
52,64516,0.11215978788170895
52,64517,0.6811336872095742
52,64518,0.7014591161645868
52,64519,0.36230459092282785
52,64520,0.26157683500504325
52,64521,0.8240341694949117
52,64522,0.3962305980348365
52,64523,1.0087420324048944
52,64524,0.9223266283874368
52,64525,0.23485950383887658
52,64526,0.5320378597652683
52,64527,0.9405358729141022
52,64528,0.26537351963642436
52,64529,0.5143008064623619
52,64530,0.6314858199785757
52,64531,0.18334256463139986
52,64532,0.33341727592284354
52,64533,0.14085023146159448
52,64534,0.433115066069329
52,64535,0.1320159185669685
52,64536,0.12507936931416744
52,64537,0.08269537748066853
52,64538,0.054010866913772104
52,64539,0.01281519921305898
52,64540,0.0
52,64541,0.0
52,64542,0.0
52,64543,0.0
52,64544,0.0
52,64545,0.0
52,64546,0.0
52,64547,0.0
52,64548,0.0
52,64601,0.0
52,64602,0.0
52,64603,0.0
52,64604,0.0
52,64605,0.0
52,64606,0.0
52,64607,0.0
52,64608,0.0
52,64609,0.0
52,64610,0.0
52,64611,0.0
52,64612,0.0
52,64613,0.021674467765235874
52,64614,0.08750618267334298
52,64615,0.18055609478688356
52,64616,0.1186465612913967
52,64617,0.12175568801807668
52,64618,0.43586858329528133
52,64619,0.6598553163007481
52,64620,0.5202928701566594
52,64621,1.1152251572805267
52,64622,0.29249095297043903
52,64623,0.2726852249411309
52,64624,1.2358843821394616
52,64625,0.9259251861825072
52,64626,0.3665469948541599
52,64627,1.3002792784134773
52,64628,0.40578545887595907
52,64629,1.2088125642869145
52,64630,0.43904616570854565
52,64631,0.8418958248715801
52,64632,0.31937649763444825
52,64633,0.3879053234511842
52,64634,0.23284462556564095
52,64635,0.06978285719323082
52,64636,0.06771926187339099
52,64637,0.06448933187166496
52,64638,0.030372060652859818
52,64639,0.027593442526982245
52,64640,0.0
52,64641,0.0
52,64642,0.0
52,64643,0.0
52,64644,0.0
52,64645,0.0
52,64646,0.0
52,64647,0.0
52,64648,0.0
52,64701,0.0
52,64702,0.0
52,64703,0.0
52,64704,0.0
52,64705,0.0
52,64706,0.0
52,64707,0.0
52,64708,0.0
52,64709,0.0
52,64710,0.0
52,64711,0.0
52,64712,0.0
52,64713,0.0
52,64714,0.10503426202569496
52,64715,0.015689677618144535
52,64716,0.07923080685610094
52,64717,0.10406472178057367
52,64718,0.21465785047168817
52,64719,0.6268635568829164
52,64720,0.7538543937063682
52,64721,0.1880224841916772
52,64722,0.6740243021936201
52,64723,0.9227312283082043
52,64724,0.582280075280078
52,64725,0.27264802807699273
52,64726,0.7649411217053834
52,64727,0.23810616555231565
52,64728,0.41619599820145714
52,64729,0.2490118890897619
52,64730,0.5822913074781355
52,64731,0.544270251660044
52,64732,0.2751893819033398
52,64733,0.4042399910307848
52,64734,0.48009536088524524
52,64735,0.13726394682775597
52,64736,0.1144907937666137
52,64737,0.199760600167264
52,64738,0.0788542119977066
52,64739,0.011965538084993673
52,64740,0.0
52,64741,0.0
52,64742,0.0
52,64743,0.0
52,64744,0.0
52,64745,0.0
52,64746,0.0
52,64747,0.0
52,64748,0.0
52,64801,0.0
52,64802,0.0
52,64803,0.0
52,64804,0.0
52,64805,0.0
52,64806,0.0
52,64807,0.0
52,64808,0.0
52,64809,0.0
52,64810,0.0
52,64811,0.0
52,64812,0.0
52,64813,0.0
52,64814,0.0057210868712760385
52,64815,0.12346763351641776
52,64816,0.13282860037519953
52,64817,0.1903258663448456
52,64818,0.369514137456993
52,64819,0.37947867909854816
52,64820,0.41074686474131644
52,64821,0.20898040376637192
52,64822,0.43265168466382875
52,64823,0.7640901437917336
52,64824,0.7130599652636046
52,64825,0.7935135856970678
52,64826,0.17478809629358785
52,64827,0.7403854190705319
52,64828,0.9128034464732954
52,64829,0.43749213546141624
52,64830,0.6783225568246563
52,64831,0.6266826676862474
52,64832,0.6924278281387872
52,64833,0.1538964344282967
52,64834,0.15557345550370158
52,64835,0.34995907169067403
52,64836,0.22533708579928616
52,64837,0.05406422591587031
52,64838,0.023138972808007904
52,64839,0.018329660034886
52,64840,0.0
52,64841,0.0
52,64842,0.0
52,64843,0.0
52,64844,0.0
52,64845,0.0
52,64846,0.0
52,64847,0.0
52,64848,0.0
52,64901,0.0
52,64902,0.0
52,64903,0.0
52,64904,0.0
52,64905,0.0
52,64906,0.0
52,64907,0.0
52,64908,0.0
52,64909,0.0
52,64910,0.0
52,64911,0.0
52,64912,0.0
52,64913,0.025636112299106974
52,64914,0.1788344436685019
52,64915,0.11283472932626624
52,64916,0.15634169910272228
52,64917,0.17060215419273814
52,64918,0.43917259618770454
52,64919,0.7214276624602127
52,64920,0.26559484445626874
52,64921,0.4678858250649096
52,64922,1.2514514178747453
52,64923,0.6301641787229602
52,64924,0.5858343832507018
52,64925,1.2070483626035249
52,64926,0.2849659294104041
52,64927,0.2642101088320055
52,64928,0.5957758031936777
52,64929,0.38443859668156355
52,64930,0.8563508259526537
52,64931,0.37754708443829554
52,64932,0.2846294959281123
52,64933,0.6743360765701193
52,64934,0.20639966913182772
52,64935,0.1112015211181867
52,64936,0.0969073924550511
52,64937,0.0235028385420836
52,64938,0.012917176423146054
52,64939,0.0
52,64940,0.0
52,64941,0.0
52,64942,0.0
52,64943,0.0
52,64944,0.0
52,64945,0.0
52,64946,0.0
52,64947,0.0
52,64948,0.0
52,65001,0.0
52,65002,0.0
52,65003,0.0
52,65004,0.0
52,65005,0.0
52,65006,0.0
52,65007,0.0
52,65008,0.0
52,65009,0.0
52,65010,0.0
52,65011,0.0
52,65012,0.0
52,65013,0.02138667831158598
52,65014,0.07573014647411733
52,65015,0.20611059523619027
52,65016,0.10830810766975785
52,65017,0.34696735800207873
52,65018,0.40233169957878884
52,65019,0.7657368937605546
52,65020,0.4867820007666596
52,65021,0.6167997195851396
52,65022,0.5111861725228135
52,65023,0.8131685927810958
52,65024,0.9831542784073024
52,65025,1.0714374871569512
52,65026,0.8783720208621373
52,65027,0.9693214124583687
52,65028,1.097720929047745
52,65029,0.9253958895412411
52,65030,1.0003577472123757
52,65031,0.42277790533854887
52,65032,0.7572358009890721
52,65033,0.1403028370015083
52,65034,0.42375889751310325
52,65035,0.3512770492826025
52,65036,0.1769095967807779
52,65037,0.0306561970511192
52,65038,0.013247297857086778
52,65039,0.0
52,65040,0.0
52,65041,0.0
52,65042,0.0
52,65043,0.0
52,65044,0.0
52,65045,0.0
52,65046,0.0
52,65047,0.0
52,65048,0.0
52,65101,0.0
52,65102,0.0
52,65103,0.0
52,65104,0.0
52,65105,0.0
52,65106,0.0
52,65107,0.0
52,65108,0.0
52,65109,0.0
52,65110,0.0
52,65111,0.0
52,65112,0.0
52,65113,0.0066446586077441895
52,65114,0.0811240230582773
52,65115,0.32427833181267784
52,65116,0.4419794839205447
52,65117,0.4655204458858254
52,65118,0.20264327772771962
52,65119,0.19564751725577847
52,65120,0.4138080980430464
52,65121,0.5022982061375583
52,65122,0.42688932751866104
52,65123,1.2314582620459118
52,65124,0.618604367201767
52,65125,1.3173617619319355
52,65126,0.6237355458435412
52,65127,1.015387372885565
52,65128,0.3671787137870846
52,65129,0.3156487980472901
52,65130,0.9418662296126927
52,65131,0.6822587097736151
52,65132,0.25070120335464086
52,65133,0.5791866387565532
52,65134,0.5456844034476379
52,65135,0.41156301268246115
52,65136,0.18232262478916203
52,65137,0.0365885308102569
52,65138,0.021136191379725666
52,65139,0.0
52,65140,0.0
52,65141,0.0
52,65142,0.0
52,65143,0.0
52,65144,0.0
52,65145,0.0
52,65146,0.0
52,65147,0.0
52,65148,0.0
52,65201,0.0
52,65202,0.0
52,65203,0.0
52,65204,0.0
52,65205,0.0
52,65206,0.0
52,65207,0.0
52,65208,0.0
52,65209,0.0
52,65210,0.0
52,65211,0.0
52,65212,0.0
52,65213,0.0051346503115773535
52,65214,0.03675420245350881
52,65215,0.050272077994281995
52,65216,0.4029195735355958
52,65217,0.4165908020929786
52,65218,0.6864356543791814
52,65219,0.32119834526770374
52,65220,0.7276346941523486
52,65221,0.26222510617151706
52,65222,0.8175177265587013
52,65223,1.0369307932297016
52,65224,0.7850388351861967
52,65225,0.8854404817763878
52,65226,0.7157884243556458
52,65227,0.8608725737932873
52,65228,0.5270294556233951
52,65229,0.27604899940875866
52,65230,0.6251302524915878
52,65231,0.10607703344224365
52,65232,0.18385072647810344
52,65233,0.024083892297641327
52,65234,0.1000917408170662
52,65235,0.2048736119263901
52,65236,0.14174289689600503
52,65237,0.07919807365548243
52,65238,0.032815138783801795
52,65239,0.07430933417002591
52,65240,0.0
52,65241,0.0
52,65242,0.0
52,65243,0.0
52,65244,0.0
52,65245,0.0
52,65246,0.0
52,65247,0.0
52,65248,0.0
52,65301,0.0
52,65302,0.0
52,65303,0.0
52,65304,0.0
52,65305,0.0
52,65306,0.0
52,65307,0.0
52,65308,0.0
52,65309,0.0
52,65310,0.0
52,65311,0.0
52,65312,0.0
52,65313,0.0
52,65314,0.022769211714877478
52,65315,0.04354277545192416
52,65316,0.08966406334501441
52,65317,0.09374594010680955
52,65318,0.12335687987363454
52,65319,0.3103770394561605
52,65320,0.1553865410843817
52,65321,0.2671193240921734
52,65322,0.1705436289656058
52,65323,0.12540586515519275
52,65324,0.3919918954013552
52,65325,0.17614627452316867
52,65326,0.16018261151857482
52,65327,0.27190238625485813
52,65328,0.38291119483469416
52,65329,0.6268690381635811
52,65330,0.3318045698818614
52,65331,0.4370876470291118
52,65332,0.16556346591108786
52,65333,0.38373243590155537
52,65334,0.11337339418601373
52,65335,0.18193597884466728
52,65336,0.17931036468949924
52,65337,0.10910507508979211
52,65338,0.019173996025308008
52,65339,0.02732293550663616
52,65340,0.0
52,65341,0.0
52,65342,0.0
52,65343,0.0
52,65344,0.0
52,65345,0.0
52,65346,0.0
52,65347,0.0
52,65348,0.0
52,65401,0.0
52,65402,0.0
52,65403,0.0
52,65404,0.0
52,65405,0.0
52,65406,0.0
52,65407,0.0
52,65408,0.0
52,65409,0.0
52,65410,0.0
52,65411,0.0
52,65412,0.0
52,65413,0.0
52,65414,0.0
52,65415,0.025152263266627253
52,65416,0.023867316428684022
52,65417,0.005282426639777405
52,65418,0.01292500175247972
52,65419,0.006345023420322298
52,65420,0.04885865542054594
52,65421,0.020226196561003135
52,65422,0.10154775717608384
52,65423,0.23052505135686097
52,65424,0.18686979557959418
52,65425,0.2069448427620276
52,65426,0.1736184270503185
52,65427,0.5312564711071253
52,65428,0.62843422623799
52,65429,0.47568553048224516
52,65430,0.2653422702353772
52,65431,0.06495780252089024
52,65432,0.05684412077614713
52,65433,0.10650154450669447
52,65434,0.05721264855791879
52,65435,0.020040708390043172
52,65436,0.05815641074268065
52,65437,0.02556053611630552
52,65438,0.0
52,65439,0.02638339514432705
52,65440,0.0
52,65441,0.0
52,65442,0.0
52,65443,0.0
52,65444,0.0
52,65445,0.0
52,65446,0.0
52,65447,0.0
52,65448,0.0
52,65501,0.0
52,65502,0.0
52,65503,0.0
52,65504,0.0
52,65505,0.0
52,65506,0.0
52,65507,0.0
52,65508,0.0
52,65509,0.0
52,65510,0.0
52,65511,0.0
52,65512,0.0
52,65513,0.023355632623815598
52,65514,0.16118295525569018
52,65515,0.17264981185613984
52,65516,0.33434505596849684
52,65517,0.35040631041290105
52,65518,0.7067216715788837
52,65519,0.362231105263238
52,65520,0.1809328914786677
52,65521,0.2316115929025768
52,65522,0.3509492036110293
52,65523,1.1597507412485841
52,65524,1.1344309011097577
52,65525,1.068862552493215
52,65526,1.0641435286123435
52,65527,0.8397233944232732
52,65528,0.5050044468175233
52,65529,0.4821687777702067
52,65530,0.6383940072627275
52,65531,0.2938723548710511
52,65532,0.6948480034058817
52,65533,0.16445879285201478
52,65534,0.3606811074477882
52,65535,0.216652997491429
52,65536,0.0950636163968659
52,65537,0.02073226395823516
52,65538,0.0472517947388328
52,65539,0.01894830026230693
52,65540,0.0
52,65541,0.0
52,65542,0.0
52,65543,0.0
52,65544,0.0
52,65545,0.0
52,65546,0.0
52,65547,0.0
52,65548,0.0
52,65601,0.0
52,65602,0.0
52,65603,0.0
52,65604,0.0
52,65605,0.0
52,65606,0.0
52,65607,0.0
52,65608,0.0
52,65609,0.0
52,65610,0.0
52,65611,0.0
52,65612,0.0
52,65613,0.0
52,65614,0.023394349437843878
52,65615,0.20008201914914153
52,65616,0.3998620593780046
52,65617,0.5985611732675231
52,65618,0.762566699880486
52,65619,0.34408656580438696
52,65620,0.1742331458357159
52,65621,0.24475931347178523
52,65622,0.6115736464269597
52,65623,0.2651898824501933
52,65624,0.19037993480152607
52,65625,0.888224480768041
52,65626,0.3373775796858117
52,65627,0.8396095966680788
52,65628,0.6343150661160037
52,65629,0.47142893136584263
52,65630,0.14304927158037628
52,65631,0.0754567257013375
52,65632,0.2886138145887725
52,65633,0.12174205641081046
52,65634,0.16655265839146094
52,65635,0.10283365160249015
52,65636,0.1810554412986285
52,65637,0.05435138247396882
52,65638,0.07174654683383103
52,65639,0.02055782328078822
52,65640,0.0
52,65641,0.0
52,65642,0.0
52,65643,0.0
52,65644,0.0
52,65645,0.0
52,65646,0.0
52,65647,0.0
52,65648,0.0
52,65701,0.0
52,65702,0.0
52,65703,0.0
52,65704,0.0
52,65705,0.0
52,65706,0.0
52,65707,0.0
52,65708,0.0
52,65709,0.0
52,65710,0.0
52,65711,0.0
52,65712,0.0
52,65713,0.0
52,65714,0.0
52,65715,0.00832364567163777
52,65716,0.07021341559459901
52,65717,0.1251171986705089
52,65718,0.11011410954155663
52,65719,0.3678644947080534
52,65720,0.40526683819609705
52,65721,0.5903123696558172
52,65722,0.8329768247510642
52,65723,0.4150941421067584
52,65724,0.49040607237245015
52,65725,1.2126375499266968
52,65726,0.9424570083230177
52,65727,0.7405700580190129
52,65728,0.7599537582132523
52,65729,0.6268645481873578
52,65730,0.8124109001018591
52,65731,0.8001292329649247
52,65732,0.29305184440310994
52,65733,0.08040161209095661
52,65734,0.12064837097837315
52,65735,0.2501342268119229
52,65736,0.08158891350834285
52,65737,0.08895241887808686
52,65738,0.04909444621459907
52,65739,0.04988174777540075
52,65740,0.006038060524258072
52,65741,0.0
52,65742,0.0
52,65743,0.0
52,65744,0.0
52,65745,0.0
52,65746,0.0
52,65747,0.0
52,65748,0.0
52,65801,0.0
52,65802,0.0
52,65803,0.0
52,65804,0.0
52,65805,0.0
52,65806,0.0
52,65807,0.0
52,65808,0.0
52,65809,0.0
52,65810,0.0
52,65811,0.0
52,65812,0.0
52,65813,0.0
52,65814,0.05763506998401821
52,65815,0.24638133524910952
52,65816,0.24963111236416427
52,65817,0.1326511770065746
52,65818,0.250384205442076
52,65819,0.559340648199285
52,65820,0.5496422697473052
52,65821,0.2709895750207461
52,65822,0.6000506499400593
52,65823,0.2398509009815706
52,65824,0.47090433600845
52,65825,0.977146229485365
52,65826,0.2642422768539824
52,65827,0.5691990404128585
52,65828,0.31832119283515886
52,65829,0.9553303625285328
52,65830,0.3736380630678679
52,65831,0.1753703691394142
52,65832,0.4646365178015389
52,65833,0.4321526926396656
52,65834,0.229874347851236
52,65835,0.2969696442647985
52,65836,0.21367399642401919
52,65837,0.049769609783816476
52,65838,0.10335761129473087
52,65839,0.008050941984763778
52,65840,0.0
52,65841,0.0
52,65842,0.0
52,65843,0.0
52,65844,0.0
52,65845,0.0
52,65846,0.0
52,65847,0.0
52,65848,0.0
52,65901,0.0
52,65902,0.0
52,65903,0.0
52,65904,0.0
52,65905,0.0
52,65906,0.0
52,65907,0.0
52,65908,0.0
52,65909,0.0
52,65910,0.0
52,65911,0.0
52,65912,0.0
52,65913,0.0
52,65914,0.025641381670215038
52,65915,0.022468982511548857
52,65916,0.10002594319918641
52,65917,0.1710728112682358
52,65918,0.47436153387506375
52,65919,0.3815234399665553
52,65920,0.2768655502763191
52,65921,0.9512566718115539
52,65922,0.89038330096902
52,65923,0.8839669034382805
52,65924,0.9882362256835086
52,65925,0.7078822539019163
52,65926,0.4326781490223249
52,65927,0.6478205005538431
52,65928,0.775237806915867
52,65929,0.6963618125664435
52,65930,0.22020948035210713
52,65931,0.3665210382830769
52,65932,0.7809170454213419
52,65933,0.2477425192230358
52,65934,0.20158903942081358
52,65935,0.128017041624377
52,65936,0.16688869129947112
52,65937,0.06960145313428157
52,65938,0.01567030401636106
52,65939,0.024971377113371433
52,65940,0.0
52,65941,0.0
52,65942,0.0
52,65943,0.0
52,65944,0.0
52,65945,0.0
52,65946,0.0
52,65947,0.0
52,65948,0.0
52,66001,0.0
52,66002,0.0
52,66003,0.0
52,66004,0.0
52,66005,0.0
52,66006,0.0
52,66007,0.0
52,66008,0.0
52,66009,0.0
52,66010,0.0
52,66011,0.0
52,66012,0.0
52,66013,0.0
52,66014,0.08353666330438336
52,66015,0.23658882033646494
52,66016,0.3563913070343853
52,66017,0.6721278963567692
52,66018,0.3036820654802963
52,66019,0.8863677410681429
52,66020,0.6368807207510043
52,66021,1.1719674288344333
52,66022,0.22583180988463625
52,66023,0.5773783504189818
52,66024,0.7680753300897193
52,66025,1.3918033133451921
52,66026,0.34365602905699205
52,66027,0.4819274520942204
52,66028,1.1759944150445791
52,66029,0.9020988012927877
52,66030,0.8755244127979688
52,66031,0.48597418598621905
52,66032,0.7719631547733895
52,66033,0.672261373650876
52,66034,0.26117446280725837
52,66035,0.10614656258258208
52,66036,0.2311117777254503
52,66037,0.1045363191129392
52,66038,0.02505496005543343
52,66039,0.007606655992777349
52,66040,0.0
52,66041,0.0
52,66042,0.0
52,66043,0.0
52,66044,0.0
52,66045,0.0
52,66046,0.0
52,66047,0.0
52,66048,0.0
52,66101,0.0
52,66102,0.0
52,66103,0.0
52,66104,0.0
52,66105,0.0
52,66106,0.0
52,66107,0.0
52,66108,0.0
52,66109,0.0
52,66110,0.0
52,66111,0.0
52,66112,0.0
52,66113,0.0
52,66114,0.0653076535785892
52,66115,0.09684887400214622
52,66116,0.3863284365190308
52,66117,0.12184948815509998
52,66118,0.25008891899933167
52,66119,0.20923869513716575
52,66120,1.010725097183897
52,66121,0.21700517112038434
52,66122,0.9239316333655104
52,66123,0.6580000698258318
52,66124,0.8343014430750074
52,66125,0.9112081862446542
52,66126,0.6010680122191575
52,66127,0.8496072567589719
52,66128,0.7310570761461814
52,66129,0.7717243293815047
52,66130,0.20270998441128046
52,66131,0.2852290250881732
52,66132,0.258838818974759
52,66133,0.778679229195835
52,66134,0.5519818398325994
52,66135,0.17772642795199972
52,66136,0.23393702382615064
52,66137,0.07928156930354463
52,66138,0.020857955400267435
52,66139,0.01620083628640628
52,66140,0.0
52,66141,0.0
52,66142,0.0
52,66143,0.0
52,66144,0.0
52,66145,0.0
52,66146,0.0
52,66147,0.0
52,66148,0.0
52,66201,0.0
52,66202,0.0
52,66203,0.0
52,66204,0.0
52,66205,0.0
52,66206,0.0
52,66207,0.0
52,66208,0.0
52,66209,0.0
52,66210,0.0
52,66211,0.0
52,66212,0.0
52,66213,0.0
52,66214,0.015936148765109164
52,66215,0.0
52,66216,0.0
52,66217,0.014286635317873402
52,66218,0.04887951660609509
52,66219,0.09028227812855348
52,66220,0.1599079502414285
52,66221,0.16373340321392996
52,66222,0.14095607481392075
52,66223,0.1401236625593599
52,66224,0.12996726685421445
52,66225,0.4424521227769187
52,66226,0.27348195824866567
52,66227,0.2613055192053918
52,66228,0.20685085269313014
52,66229,0.5056280105165826
52,66230,0.3278163620121437
52,66231,0.2619283217670868
52,66232,0.6483362822121214
52,66233,0.12987486913582597
52,66234,0.028230388911634298
52,66235,0.2884544806789529
52,66236,0.08247661434184611
52,66237,0.026375546497076845
52,66238,0.018088820596978392
52,66239,0.019101188137649314
52,66240,0.0
52,66241,0.0
52,66242,0.0
52,66243,0.0
52,66244,0.0
52,66245,0.0
52,66246,0.0
52,66247,0.0
52,66248,0.0
52,66301,0.0
52,66302,0.0
52,66303,0.0
52,66304,0.0
52,66305,0.0
52,66306,0.0
52,66307,0.0
52,66308,0.0
52,66309,0.0
52,66310,0.0
52,66311,0.0
52,66312,0.0
52,66313,0.0
52,66314,0.019086815500143663
52,66315,0.10453338156414972
52,66316,0.10982032291021471
52,66317,0.09324379995910291
52,66318,0.3061857257468574
52,66319,0.6363479344501237
52,66320,0.16747724248506654
52,66321,0.6173944706325827
52,66322,0.23544258236857207
52,66323,0.5430677855166074
52,66324,0.34128153675047457
52,66325,0.28122708166495786
52,66326,0.35869148257636846
52,66327,0.24536320735992434
52,66328,0.37668511325711107
52,66329,0.6883040105645553
52,66330,0.17816253024897344
52,66331,0.2811312819259287
52,66332,0.3603228187371962
52,66333,0.06339031714059841
52,66334,0.26564332809766056
52,66335,0.32014755848039417
52,66336,0.18159831519245864
52,66337,0.07334297593995728
52,66338,0.06470715241566474
52,66339,0.030165683505333527
52,66340,0.0
52,66341,0.0
52,66342,0.0
52,66343,0.0
52,66344,0.0
52,66345,0.0
52,66346,0.0
52,66347,0.0
52,66348,0.0
52,66401,0.0
52,66402,0.0
52,66403,0.0
52,66404,0.0
52,66405,0.0
52,66406,0.0
52,66407,0.0
52,66408,0.0
52,66409,0.0
52,66410,0.0
52,66411,0.0
52,66412,0.0
52,66413,0.0
52,66414,0.09459673140391514
52,66415,0.17896549714154786
52,66416,0.16629667145029828
52,66417,0.49036479881754097
52,66418,0.08028199340214406
52,66419,0.6653672769541106
52,66420,0.4108612408417782
52,66421,0.10241185799528645
52,66422,0.34068199636682844
52,66423,0.8320815715714248
52,66424,0.810432985412398
52,66425,0.792326174392454
52,66426,0.42711725263098155
52,66427,0.45320596066526286
52,66428,0.47119646813514804
52,66429,0.5348436091035945
52,66430,0.23636943006925334
52,66431,0.6108606466788854
52,66432,0.19827155289446538
52,66433,0.674659020305771
52,66434,0.2130866698169447
52,66435,0.08514973473888215
52,66436,0.24077891013134642
52,66437,0.11908470953665806
52,66438,0.0101880363326386
52,66439,0.0
52,66440,0.0
52,66441,0.0
52,66442,0.0
52,66443,0.0
52,66444,0.0
52,66445,0.0
52,66446,0.0
52,66447,0.0
52,66448,0.0
52,66501,0.0
52,66502,0.0
52,66503,0.0
52,66504,0.0
52,66505,0.0
52,66506,0.0
52,66507,0.0
52,66508,0.0
52,66509,0.0
52,66510,0.0
52,66511,0.0
52,66512,0.0
52,66513,0.0
52,66514,0.02228614619540016
52,66515,0.06851443142267158
52,66516,0.4168010376913882
52,66517,0.35973615455590335
52,66518,0.1954168469182382
52,66519,0.4146542712349651
52,66520,0.32200633431395104
52,66521,0.8030453344885957
52,66522,1.313571228731579
52,66523,0.9461358021662095
52,66524,1.263781408017988
52,66525,1.2328275105276656
52,66526,0.4204617748224632
52,66527,0.3330452829539602
52,66528,0.502193890882895
52,66529,0.6492506824995318
52,66530,0.25756737176490135
52,66531,0.22063324880912588
52,66532,0.21117386520962977
52,66533,0.35048981110319266
52,66534,0.18781122713088266
52,66535,0.21362295514945007
52,66536,0.05914179489111878
52,66537,0.13614694474108915
52,66538,0.026993648665570906
52,66539,0.020112392186489567
52,66540,0.0
52,66541,0.0
52,66542,0.0
52,66543,0.0
52,66544,0.0
52,66545,0.0
52,66546,0.0
52,66547,0.0
52,66548,0.0
52,66601,0.0
52,66602,0.0
52,66603,0.0
52,66604,0.0
52,66605,0.0
52,66606,0.0
52,66607,0.0
52,66608,0.0
52,66609,0.0
52,66610,0.0
52,66611,0.0
52,66612,0.0
52,66613,0.0
52,66614,0.03912706034646102
52,66615,0.0361614216115636
52,66616,0.2698452863773481
52,66617,0.16779395954186135
52,66618,0.21735091379301616
52,66619,0.10255662429902451
52,66620,0.17384401499155322
52,66621,0.4746422026258497
52,66622,0.1535596907903291
52,66623,0.39932795635348994
52,66624,0.9157780877359016
52,66625,0.284077115494089
52,66626,1.22755936665911
52,66627,0.38156242086941783
52,66628,0.8795054766663938
52,66629,1.175767948931864
52,66630,0.6922048452999967
52,66631,0.9045624467015787
52,66632,0.20628629641162768
52,66633,0.5095790890773527
52,66634,0.5000912008991476
52,66635,0.23532590821661056
52,66636,0.1883036659429469
52,66637,0.11162215097008625
52,66638,0.026779143193885368
52,66639,0.0
52,66640,0.0
52,66641,0.0
52,66642,0.0
52,66643,0.0
52,66644,0.0
52,66645,0.0
52,66646,0.0
52,66647,0.0
52,66648,0.0
52,66701,0.0
52,66702,0.0
52,66703,0.0
52,66704,0.0
52,66705,0.0
52,66706,0.0
52,66707,0.0
52,66708,0.0
52,66709,0.0
52,66710,0.0
52,66711,0.0
52,66712,0.0
52,66713,0.0
52,66714,0.022626271334110964
52,66715,0.04472117751134372
52,66716,0.19402819395058568
52,66717,0.08854039841203179
52,66718,0.5165800752298795
52,66719,0.1711526148340455
52,66720,0.9823388738515146
52,66721,0.2741427184096494
52,66722,0.4280860889789582
52,66723,0.8710415178195119
52,66724,0.3510759544664749
52,66725,0.7450764027421891
52,66726,1.2477759341035315
52,66727,0.3263939712310718
52,66728,0.3953778430306005
52,66729,0.27230883927177635
52,66730,0.8624285738433098
52,66731,0.16751910262302552
52,66732,0.599522612396548
52,66733,0.46235620811415395
52,66734,0.2675671919582682
52,66735,0.1384188428630551
52,66736,0.19682481407024247
52,66737,0.09057649486222248
52,66738,0.061117687915651295
52,66739,0.01069959643583384
52,66740,0.0
52,66741,0.0
52,66742,0.0
52,66743,0.0
52,66744,0.0
52,66745,0.0
52,66746,0.0
52,66747,0.0
52,66748,0.0
52,66801,0.0
52,66802,0.0
52,66803,0.0
52,66804,0.0
52,66805,0.0
52,66806,0.0
52,66807,0.0
52,66808,0.0
52,66809,0.0
52,66810,0.0
52,66811,0.0
52,66812,0.0
52,66813,0.0
52,66814,0.01364740051512522
52,66815,0.008189587178548704
52,66816,0.08938687486124473
52,66817,0.2006885852709135
52,66818,0.5901901431038323
52,66819,0.2761270374802615
52,66820,0.1464363527988515
52,66821,0.5335519667657371
52,66822,0.21784707109114554
52,66823,0.22766734428004498
52,66824,0.38370678731253666
52,66825,0.402377103845282
52,66826,0.2616764164040879
52,66827,0.2933471779038815
52,66828,1.1061599005909912
52,66829,1.009283899337578
52,66830,0.7407013676170546
52,66831,0.4620873982820019
52,66832,0.3321612323367177
52,66833,0.470301227770742
52,66834,0.16361285186177466
52,66835,0.27619069313317096
52,66836,0.17406249457422265
52,66837,0.08879925873710424
52,66838,0.0248963216877401
52,66839,0.043370925016725084
52,66840,0.0
52,66841,0.0
52,66842,0.0
52,66843,0.0
52,66844,0.0
52,66845,0.0
52,66846,0.0
52,66847,0.0
52,66848,0.0
52,66901,0.0
52,66902,0.0
52,66903,0.0
52,66904,0.0
52,66905,0.0
52,66906,0.0
52,66907,0.0
52,66908,0.0
52,66909,0.0
52,66910,0.0
52,66911,0.0
52,66912,0.0
52,66913,0.0
52,66914,0.02757521186615969
52,66915,0.027201232565600943
52,66916,0.0
52,66917,0.08298593381648968
52,66918,0.752009907770422
52,66919,0.3465665318306751
52,66920,0.16717637168919464
52,66921,0.5209565532321192
52,66922,0.29101521755687737
52,66923,0.43666330726871916
52,66924,0.6782634309121711
52,66925,0.3352213754696663
52,66926,0.700709424410032
52,66927,0.6828088198720986
52,66928,0.19851307380343675
52,66929,0.36223343820729964
52,66930,0.26664501511300787
52,66931,0.1779404377844876
52,66932,0.21451199239666605
52,66933,0.11446291788450905
52,66934,0.2265810733178463
52,66935,0.032394811492862746
52,66936,0.06890810710975144
52,66937,0.09285539235668555
52,66938,0.007028453859853088
52,66939,0.02088474278052694
52,66940,0.0
52,66941,0.0
52,66942,0.0
52,66943,0.0
52,66944,0.0
52,66945,0.0
52,66946,0.0
52,66947,0.0
52,66948,0.0
52,67001,0.0
52,67002,0.0
52,67003,0.0
52,67004,0.0
52,67005,0.0
52,67006,0.0
52,67007,0.0
52,67008,0.0
52,67009,0.0
52,67010,0.0
52,67011,0.0
52,67012,0.0
52,67013,0.0
52,67014,0.0
52,67015,0.012494102432065064
52,67016,0.11308984658270348
52,67017,0.41209731125722593
52,67018,0.16996413152816617
52,67019,0.5890895950766216
52,67020,0.9063357631584121
52,67021,0.6814014997544701
52,67022,0.6636179424460547
52,67023,0.19774545898380258
52,67024,0.539825177573634
52,67025,0.811754288131708
52,67026,0.4776379870537958
52,67027,0.47686082353634285
52,67028,0.7844936312396827
52,67029,0.3389491291528256
52,67030,0.25100390763515196
52,67031,0.6794017320108128
52,67032,0.3017909205100795
52,67033,0.40886155900761595
52,67034,0.5369897131255237
52,67035,0.13564360071558393
52,67036,0.07869170194799566
52,67037,0.0811047960551641
52,67038,0.08408643121455704
52,67039,0.012562121459856699
52,67040,0.0
52,67041,0.0
52,67042,0.0
52,67043,0.0
52,67044,0.0
52,67045,0.0
52,67046,0.0
52,67047,0.0
52,67048,0.0
52,67101,0.0
52,67102,0.0
52,67103,0.0
52,67104,0.0
52,67105,0.0
52,67106,0.0
52,67107,0.0
52,67108,0.0
52,67109,0.0
52,67110,0.0
52,67111,0.0
52,67112,0.0
52,67113,0.0
52,67114,0.01514196380313193
52,67115,0.014530040687321973
52,67116,0.019745506073050836
52,67117,0.05999625331101371
52,67118,0.05275522606837498
52,67119,0.15744136503895123
52,67120,0.04489654287079308
52,67121,0.14234698779184196
52,67122,0.29421967170123536
52,67123,0.39089449458179076
52,67124,0.3917669124677581
52,67125,0.13454644792831869
52,67126,0.22832389327481917
52,67127,0.2538452624102975
52,67128,0.17105938008872254
52,67129,0.4821836549100531
52,67130,0.14700968818945595
52,67131,0.6310960671098438
52,67132,0.5296335931622309
52,67133,0.21638364333834742
52,67134,0.22264558565434978
52,67135,0.13885408246641692
52,67136,0.06800114110735443
52,67137,0.05001080528776705
52,67138,0.057362774753514104
52,67139,0.018233257966610045
52,67140,0.0
52,67141,0.0
52,67142,0.0
52,67143,0.0
52,67144,0.0
52,67145,0.0
52,67146,0.0
52,67147,0.0
52,67148,0.0
52,67201,0.0
52,67202,0.0
52,67203,0.0
52,67204,0.0
52,67205,0.0
52,67206,0.0
52,67207,0.0
52,67208,0.0
52,67209,0.0
52,67210,0.0
52,67211,0.0
52,67212,0.0
52,67213,0.0
52,67214,0.00532371529941147
52,67215,0.029578784635174306
52,67216,0.0847891065496521
52,67217,0.1584747153491803
52,67218,0.09555711996969293
52,67219,0.2257792003076619
52,67220,0.5012911906399322
52,67221,0.45818417803391137
52,67222,0.2492791475381682
52,67223,0.3406767610837201
52,67224,0.11775903302260407
52,67225,0.4217642773448761
52,67226,0.31058292014815936
52,67227,0.2225962481981604
52,67228,0.26211129993135535
52,67229,0.2305822266722035
52,67230,0.249954485034175
52,67231,0.21286074660462237
52,67232,0.10971867965625794
52,67233,0.20666696876958845
52,67234,0.17012615570361803
52,67235,0.12489529929471854
52,67236,0.17552819801551797
52,67237,0.15436849711111986
52,67238,0.06249948483988191
52,67239,0.011281931879942881
52,67240,0.0
52,67241,0.0
52,67242,0.0
52,67243,0.0
52,67244,0.0
52,67245,0.0
52,67246,0.0
52,67247,0.0
52,67248,0.0
52,67301,0.0
52,67302,0.0
52,67303,0.0
52,67304,0.0
52,67305,0.0
52,67306,0.0
52,67307,0.0
52,67308,0.0
52,67309,0.0
52,67310,0.0
52,67311,0.0
52,67312,0.0
52,67313,0.0
52,67314,0.0
52,67315,0.023470127983502235
52,67316,0.034206239059827656
52,67317,0.037364270665643524
52,67318,0.10760753171672147
52,67319,0.07268232136054117
52,67320,0.15070136759687505
52,67321,0.07573995321978452
52,67322,0.0345520399867624
52,67323,0.05053999481751497
52,67324,0.07542312507953251
52,67325,0.058234463019455805
52,67326,0.034180042369838265
52,67327,0.044934179088450675
52,67328,0.1192962626906735
52,67329,0.0686568855694635
52,67330,0.05546229656178265
52,67331,0.0900733011443664
52,67332,0.13782250755298192
52,67333,0.08916870024471064
52,67334,0.14446826171928778
52,67335,0.10557737227320528
52,67336,0.010668615722205512
52,67337,0.009871176626734616
52,67338,0.025658831353379423
52,67339,0.0
52,67340,0.0
52,67341,0.0
52,67342,0.0
52,67343,0.0
52,67344,0.0
52,67345,0.0
52,67346,0.0
52,67347,0.0
52,67348,0.0
52,67401,0.0
52,67402,0.0
52,67403,0.0
52,67404,0.0
52,67405,0.0
52,67406,0.0
52,67407,0.0
52,67408,0.0
52,67409,0.0
52,67410,0.0
52,67411,0.0
52,67412,0.0
52,67413,0.0
52,67414,0.016363915170920208
52,67415,0.019087284218653473
52,67416,0.0778279147840411
52,67417,0.15946534408033494
52,67418,0.15471285276704702
52,67419,0.24741548614642656
52,67420,0.11197140342633023
52,67421,0.3190121898485885
52,67422,0.7678547132760224
52,67423,0.1685888824441979
52,67424,0.3272625877220699
52,67425,0.30220940807189994
52,67426,0.2676737105273703
52,67427,0.16169614720268335
52,67428,0.1033398170467756
52,67429,0.44702445055637763
52,67430,0.46747202630363854
52,67431,0.15440666345342718
52,67432,0.12443712663208613
52,67433,0.23860651966433127
52,67434,0.12012168832333946
52,67435,0.23625175039246557
52,67436,0.12805290954266532
52,67437,0.1065832959384247
52,67438,0.040505487569831904
52,67439,0.009560834233896197
52,67440,0.0
52,67441,0.0
52,67442,0.0
52,67443,0.0
52,67444,0.0
52,67445,0.0
52,67446,0.0
52,67447,0.0
52,67448,0.0
52,67501,0.0
52,67502,0.0
52,67503,0.0
52,67504,0.0
52,67505,0.0
52,67506,0.0
52,67507,0.0
52,67508,0.0
52,67509,0.0
52,67510,0.0
52,67511,0.0
52,67512,0.0
52,67513,0.0
52,67514,0.03524852481891766
52,67515,0.09845662446251932
52,67516,0.08194498017711442
52,67517,0.19819330615155437
52,67518,0.08832992431861772
52,67519,0.09704615877914374
52,67520,0.26387777212941277
52,67521,0.1727499274470347
52,67522,0.285454612367434
52,67523,0.43114642100303185
52,67524,0.8919347957615451
52,67525,0.39449521748234095
52,67526,1.2480672649635074
52,67527,1.181157006195024
52,67528,0.9603489724532168
52,67529,0.5346297676572367
52,67530,0.6512675971082672
52,67531,0.38570226791934153
52,67532,0.5887166592005788
52,67533,0.6256077176160498
52,67534,0.24352212595738318
52,67535,0.22212528674249957
52,67536,0.08515789587184829
52,67537,0.04288086082244859
52,67538,0.02857184148990219
52,67539,0.0
52,67540,0.0
52,67541,0.0
52,67542,0.0
52,67543,0.0
52,67544,0.0
52,67545,0.0
52,67546,0.0
52,67547,0.0
52,67548,0.0
52,67601,0.0
52,67602,0.0
52,67603,0.0
52,67604,0.0
52,67605,0.0
52,67606,0.0
52,67607,0.0
52,67608,0.0
52,67609,0.0
52,67610,0.0
52,67611,0.0
52,67612,0.0
52,67613,0.0
52,67614,0.0
52,67615,0.0
52,67616,0.013410997710458004
52,67617,0.05801953796058373
52,67618,0.11385551369536119
52,67619,0.33689513962671896
52,67620,0.1707543397542798
52,67621,0.11993061648022654
52,67622,0.26193655316337544
52,67623,0.32489092620769583
52,67624,0.5952724900553678
52,67625,0.6096531343845802
52,67626,1.0321991111739643
52,67627,0.32067633003454105
52,67628,0.9181476640626669
52,67629,0.60344042802199
52,67630,0.14822056274204562
52,67631,0.14071795777670007
52,67632,0.22519134430554627
52,67633,0.32587673606296735
52,67634,0.18366747330576483
52,67635,0.20688106686785215
52,67636,0.17159894439698833
52,67637,0.06005551875730824
52,67638,0.06438689813229556
52,67639,0.00799729133863157
52,67640,0.0
52,67641,0.0
52,67642,0.0
52,67643,0.0
52,67644,0.0
52,67645,0.0
52,67646,0.0
52,67647,0.0
52,67648,0.0
52,67701,0.0
52,67702,0.0
52,67703,0.0
52,67704,0.0
52,67705,0.0
52,67706,0.0
52,67707,0.0
52,67708,0.0
52,67709,0.0
52,67710,0.0
52,67711,0.0
52,67712,0.0
52,67713,0.0
52,67714,0.00679150303320873
52,67715,0.04727269085711516
52,67716,0.022280481306434737
52,67717,0.08596401613173466
52,67718,0.06473209354421046
52,67719,0.12326352779575718
52,67720,0.41951315859604765
52,67721,0.29880524154257276
52,67722,0.1352470157249771
52,67723,0.30570918120521257
52,67724,0.4422726499162179
52,67725,0.7633460552515735
52,67726,0.5242336523686314
52,67727,0.6709676750563808
52,67728,0.22501813024193149
52,67729,0.713204246317489
52,67730,0.3690915390413056
52,67731,0.05865611348453829
52,67732,0.3647296731798522
52,67733,0.12813159266637808
52,67734,0.31913770033850347
52,67735,0.22920059282142552
52,67736,0.10798951300082804
52,67737,0.022039844096536726
52,67738,0.036912849357857276
52,67739,0.011363355829794461
52,67740,0.0
52,67741,0.0
52,67742,0.0
52,67743,0.0
52,67744,0.0
52,67745,0.0
52,67746,0.0
52,67747,0.0
52,67748,0.0
52,67801,0.0
52,67802,0.0
52,67803,0.0
52,67804,0.0
52,67805,0.0
52,67806,0.0
52,67807,0.0
52,67808,0.0
52,67809,0.0
52,67810,0.0
52,67811,0.0
52,67812,0.0
52,67813,0.0
52,67814,0.0
52,67815,0.02805358315979562
52,67816,0.023274894414986806
52,67817,0.2390136081437395
52,67818,0.2875316048544117
52,67819,0.21868811170190794
52,67820,0.2584334537265922
52,67821,0.6465113253604136
52,67822,0.27759056685415473
52,67823,0.6673701264540346
52,67824,0.7714887520284444
52,67825,0.7307392213019218
52,67826,0.922320253057913
52,67827,0.6622203608590513
52,67828,0.352763851490073
52,67829,0.22060174556033726
52,67830,0.23551209239013035
52,67831,0.3230993999378025
52,67832,0.18734066291967924
52,67833,0.5448232821631179
52,67834,0.273338387955874
52,67835,0.14396989215168357
52,67836,0.08920885467218415
52,67837,0.02948511344461817
52,67838,0.01019831743882867
52,67839,0.0
52,67840,0.0
52,67841,0.0
52,67842,0.0
52,67843,0.0
52,67844,0.0
52,67845,0.0
52,67846,0.0
52,67847,0.0
52,67848,0.0
52,67901,0.0
52,67902,0.0
52,67903,0.0
52,67904,0.0
52,67905,0.0
52,67906,0.0
52,67907,0.0
52,67908,0.0
52,67909,0.0
52,67910,0.0
52,67911,0.0
52,67912,0.0
52,67913,0.0
52,67914,0.0
52,67915,0.014284626590635017
52,67916,0.06383606221028292
52,67917,0.1392018960612917
52,67918,0.2091110741949045
52,67919,0.19407459082540535
52,67920,0.36407845112715925
52,67921,0.25137557376073794
52,67922,0.15123079271454462
52,67923,0.11795255711606577
52,67924,0.15900190349713364
52,67925,0.16598173238066516
52,67926,0.34594478142761736
52,67927,0.4072477707870854
52,67928,0.37178237826333743
52,67929,0.24767175731169175
52,67930,0.12484170604365773
52,67931,0.02517415884257559
52,67932,0.11701570729898705
52,67933,0.05378933333722551
52,67934,0.07234493138226197
52,67935,0.05041670916029377
52,67936,0.0
52,67937,0.0
52,67938,0.0
52,67939,0.0
52,67940,0.0
52,67941,0.0
52,67942,0.0
52,67943,0.0
52,67944,0.0
52,67945,0.0
52,67946,0.0
52,67947,0.0
52,67948,0.0
52,68001,0.0
52,68002,0.0
52,68003,0.0
52,68004,0.0
52,68005,0.0
52,68006,0.0
52,68007,0.0
52,68008,0.0
52,68009,0.0
52,68010,0.0
52,68011,0.0
52,68012,0.0
52,68013,0.0
52,68014,0.0
52,68015,0.0
52,68016,0.0
52,68017,0.013814531399615353
52,68018,0.013609587834555393
52,68019,0.05812902404404891
52,68020,0.08095358149191355
52,68021,0.01556697808744191
52,68022,0.028420663987141517
52,68023,0.02074525134635277
52,68024,0.20813360028713607
52,68025,0.055733754908183476
52,68026,0.14974314537593186
52,68027,0.1586420333306602
52,68028,0.07166968458521304
52,68029,0.07932200131555621
52,68030,0.0903253516143726
52,68031,0.106315133716573
52,68032,0.03961629496612072
52,68033,0.07229178894722708
52,68034,0.04059303054129766
52,68035,0.0059313971304591085
52,68036,0.0
52,68037,0.02012020528286132
52,68038,0.0
52,68039,0.0
52,68040,0.0
52,68041,0.0
52,68042,0.0
52,68043,0.0
52,68044,0.0
52,68045,0.0
52,68046,0.0
52,68047,0.0
52,68048,0.0
52,68101,0.0
52,68102,0.0
52,68103,0.0
52,68104,0.0
52,68105,0.0
52,68106,0.0
52,68107,0.0
52,68108,0.0
52,68109,0.0
52,68110,0.0
52,68111,0.0
52,68112,0.0
52,68113,0.0
52,68114,0.0
52,68115,0.0
52,68116,0.0
52,68117,0.025405881641740236
52,68118,0.011887454945757322
52,68119,0.012901193676074488
52,68120,0.010463865210590942
52,68121,0.08826454045776584
52,68122,0.04932353237889611
52,68123,0.02997693118751649
52,68124,0.04057485285916798
52,68125,0.10912253061185204
52,68126,0.15248956369244238
52,68127,0.1439601117231364
52,68128,0.14029593207991364
52,68129,0.14085636142034874
52,68130,0.17770910402422754
52,68131,0.0942830161031059
52,68132,0.08892323353523857
52,68133,0.11679496726684509
52,68134,0.033297940216137134
52,68135,0.0076852723021222456
52,68136,0.029925719761311254
52,68137,0.0
52,68138,0.0
52,68139,0.0
52,68140,0.0
52,68141,0.0
52,68142,0.0
52,68143,0.0
52,68144,0.0
52,68145,0.0
52,68146,0.0
52,68147,0.0
52,68148,0.0
52,68201,0.0
52,68202,0.0
52,68203,0.0
52,68204,0.0
52,68205,0.0
52,68206,0.0
52,68207,0.0
52,68208,0.0
52,68209,0.0
52,68210,0.0
52,68211,0.0
52,68212,0.0
52,68213,0.0
52,68214,0.0
52,68215,0.0
52,68216,0.0
52,68217,0.02298988071743654
52,68218,0.06265523588971782
52,68219,0.05952916677707412
52,68220,0.116610227759298
52,68221,0.17921658531110932
52,68222,0.17861855747101638
52,68223,0.07104377825480586
52,68224,0.07554809764925027
52,68225,0.09636912710367757
52,68226,0.09802415918574636
52,68227,0.3535494603462494
52,68228,0.41003270498191147
52,68229,0.6294188076097491
52,68230,0.277347158457877
52,68231,0.1407534531649519
52,68232,0.03269857787475144
52,68233,0.04904059685606579
52,68234,0.03789901828631894
52,68235,0.214957197478838
52,68236,0.07200049401776068
52,68237,0.04090637802199866
52,68238,0.011528526271025725
52,68239,0.0
52,68240,0.0
52,68241,0.0
52,68242,0.0
52,68243,0.0
52,68244,0.0
52,68245,0.0
52,68246,0.0
52,68247,0.0
52,68248,0.0
52,68301,0.0
52,68302,0.0
52,68303,0.0
52,68304,0.0
52,68305,0.0
52,68306,0.0
52,68307,0.0
52,68308,0.0
52,68309,0.0
52,68310,0.0
52,68311,0.0
52,68312,0.0
52,68313,0.0
52,68314,0.0
52,68315,0.03886261549398783
52,68316,0.33548344332683516
52,68317,0.4543337527521439
52,68318,0.08217142716538833
52,68319,0.15713770727269205
52,68320,0.1170610366431797
52,68321,0.08233068485507332
52,68322,0.05714163519861073
52,68323,0.17293052632741307
52,68324,0.36581451476290405
52,68325,0.4068124413282625
52,68326,0.4801271295123739
52,68327,0.18965272626854973
52,68328,0.20222142435067927
52,68329,0.2063599163616278
52,68330,1.0091587261972108
52,68331,0.4075315511019584
52,68332,0.32479097520406036
52,68333,0.2870324128973028
52,68334,0.11242817304506442
52,68335,0.23011834125420993
52,68336,0.22743678846760618
52,68337,0.02890104678625002
52,68338,0.013840956536643958
52,68339,0.0
52,68340,0.0
52,68341,0.0
52,68342,0.0
52,68343,0.0
52,68344,0.0
52,68345,0.0
52,68346,0.0
52,68347,0.0
52,68348,0.0
52,68401,0.0
52,68402,0.0
52,68403,0.0
52,68404,0.0
52,68405,0.0
52,68406,0.0
52,68407,0.0
52,68408,0.0
52,68409,0.0
52,68410,0.0
52,68411,0.0
52,68412,0.0
52,68413,0.0
52,68414,0.00806001941341067
52,68415,0.13807877186203246
52,68416,0.2930554352987122
52,68417,0.31198289473706436
52,68418,0.5567238869396048
52,68419,0.7042338329236353
52,68420,0.9356720620504155
52,68421,0.7237656314645788
52,68422,0.6938292031054695
52,68423,0.4785093466482158
52,68424,1.0947919134361703
52,68425,0.9359101785159835
52,68426,0.13604591525711035
52,68427,0.38025687570744493
52,68428,0.9469546833618311
52,68429,0.854744686808019
52,68430,0.9772458475713833
52,68431,0.19616611501763417
52,68432,0.845604294473524
52,68433,0.672697890886091
52,68434,0.5359337562084309
52,68435,0.3987803103951594
52,68436,0.07180829074900036
52,68437,0.03907803196902019
52,68438,0.0075646944456786444
52,68439,0.0
52,68440,0.0
52,68441,0.0
52,68442,0.0
52,68443,0.0
52,68444,0.0
52,68445,0.0
52,68446,0.0
52,68447,0.0
52,68448,0.0
52,68501,0.0
52,68502,0.0
52,68503,0.0
52,68504,0.0
52,68505,0.0
52,68506,0.0
52,68507,0.0
52,68508,0.0
52,68509,0.0
52,68510,0.0
52,68511,0.0
52,68512,0.0
52,68513,0.0
52,68514,0.02298743176432284
52,68515,0.10433549772443666
52,68516,0.20649893146995743
52,68517,0.46590318245464934
52,68518,0.18825210089012773
52,68519,0.3766524612282259
52,68520,0.17523532822423182
52,68521,0.4680542328823608
52,68522,0.07696810722731803
52,68523,0.31066284519986853
52,68524,0.22226596979192895
52,68525,0.7844202393518305
52,68526,0.317783103002341
52,68527,0.7213218091434458
52,68528,0.988435802899156
52,68529,0.25966584126265463
52,68530,1.0152447077605793
52,68531,0.4928378731570963
52,68532,0.16300771542924394
52,68533,0.07174112442037174
52,68534,0.17255035625138873
52,68535,0.0667995289362969
52,68536,0.01666603178761446
52,68537,0.03581713212392743
52,68538,0.0
52,68539,0.0
52,68540,0.0
52,68541,0.0
52,68542,0.0
52,68543,0.0
52,68544,0.0
52,68545,0.0
52,68546,0.0
52,68547,0.0
52,68548,0.0
52,68601,0.0
52,68602,0.0
52,68603,0.0
52,68604,0.0
52,68605,0.0
52,68606,0.0
52,68607,0.0
52,68608,0.0
52,68609,0.0
52,68610,0.0
52,68611,0.0
52,68612,0.0
52,68613,0.0
52,68614,0.0
52,68615,0.0
52,68616,0.007607689408998942
52,68617,0.012868090155509243
52,68618,0.03350582448475671
52,68619,0.061596038661719615
52,68620,0.06826708064768619
52,68621,0.24964523299351055
52,68622,0.11257549730631415
52,68623,0.22195379686081215
52,68624,0.31293309759023835
52,68625,0.2364482545662052
52,68626,0.2946949412392607
52,68627,0.06292136056238141
52,68628,0.2041068517454947
52,68629,0.06705351604136875
52,68630,0.18079938972077098
52,68631,0.19125109157021308
52,68632,0.22988024169584473
52,68633,0.13855718004708148
52,68634,0.12797507244162704
52,68635,0.09707874332570764
52,68636,0.06802127902132016
52,68637,0.020089615964996924
52,68638,0.01896678020563125
52,68639,0.02456856891060685
52,68640,0.0
52,68641,0.0
52,68642,0.0
52,68643,0.0
52,68644,0.0
52,68645,0.0
52,68646,0.0
52,68647,0.0
52,68648,0.0
52,68701,0.0
52,68702,0.0
52,68703,0.0
52,68704,0.0
52,68705,0.0
52,68706,0.0
52,68707,0.0
52,68708,0.0
52,68709,0.0
52,68710,0.0
52,68711,0.0
52,68712,0.0
52,68713,0.0
52,68714,0.0
52,68715,0.027176511021672047
52,68716,0.04018967791435456
52,68717,0.07804743450926908
52,68718,0.5849867227049004
52,68719,0.5358810460933733
52,68720,0.21578473769527035
52,68721,0.6358244212367355
52,68722,0.2517018740097958
52,68723,0.6812998011299631
52,68724,0.516717408016543
52,68725,0.3123625951649645
52,68726,0.15851473670074517
52,68727,0.39035173598623446
52,68728,0.18141859105961824
52,68729,0.4870037837387018
52,68730,0.15218627012942246
52,68731,0.09626778536312225
52,68732,0.08293289052699897
52,68733,0.23627463843578111
52,68734,0.19518046136230952
52,68735,0.08147894896590127
52,68736,0.1277156095801642
52,68737,0.042837439237279645
52,68738,0.020615759178289627
52,68739,0.012138375308942002
52,68740,0.0
52,68741,0.0
52,68742,0.0
52,68743,0.0
52,68744,0.0
52,68745,0.0
52,68746,0.0
52,68747,0.0
52,68748,0.0
52,68801,0.0
52,68802,0.0
52,68803,0.0
52,68804,0.0
52,68805,0.0
52,68806,0.0
52,68807,0.0
52,68808,0.0
52,68809,0.0
52,68810,0.0
52,68811,0.0
52,68812,0.0
52,68813,0.0
52,68814,0.024239206990166066
52,68815,0.08063748460165691
52,68816,0.21594635033590043
52,68817,0.2590666555061533
52,68818,0.7178122237919567
52,68819,0.1585125374478698
52,68820,0.10513570678825837
52,68821,0.2548411609169374
52,68822,0.37338183650748036
52,68823,0.6539758218026877
52,68824,0.4227045909297816
52,68825,0.6258279231453637
52,68826,0.36621987306783266
52,68827,0.46455173014221035
52,68828,1.0699722407390055
52,68829,0.3564006754804268
52,68830,0.8566489982229781
52,68831,0.48582913194658556
52,68832,0.4083136498287086
52,68833,0.23953635876892101
52,68834,0.6046998600296112
52,68835,0.2889520822383666
52,68836,0.16993393148969638
52,68837,0.06881682699242259
52,68838,0.024152490878885963
52,68839,0.0
52,68840,0.0
52,68841,0.0
52,68842,0.0
52,68843,0.0
52,68844,0.0
52,68845,0.0
52,68846,0.0
52,68847,0.0
52,68848,0.0
52,68901,0.0
52,68902,0.0
52,68903,0.0
52,68904,0.0
52,68905,0.0
52,68906,0.0
52,68907,0.0
52,68908,0.0
52,68909,0.0
52,68910,0.0
52,68911,0.0
52,68912,0.0
52,68913,0.0
52,68914,0.01286099595753147
52,68915,0.05221210715908987
52,68916,0.2475512050853164
52,68917,0.19404767580834223
52,68918,0.6368484670357822
52,68919,0.6307835979909869
52,68920,0.430907818950691
52,68921,0.332345885748643
52,68922,0.23169029106876074
52,68923,0.41233527277527937
52,68924,0.2141892765941231
52,68925,0.19657135069392861
52,68926,0.2413798405828926
52,68927,0.12244997063212211
52,68928,0.43462479067590937
52,68929,0.9333602975321809
52,68930,0.6471598202456679
52,68931,0.1059986782076245
52,68932,0.02956070384515618
52,68933,0.0
52,68934,0.0
52,68935,0.06027937107258081
52,68936,0.11123779891086823
52,68937,0.019057022434790682
52,68938,0.02348780848869466
52,68939,0.01224434690573975
52,68940,0.0
52,68941,0.0
52,68942,0.0
52,68943,0.0
52,68944,0.0
52,68945,0.0
52,68946,0.0
52,68947,0.0
52,68948,0.0
52,69001,0.0
52,69002,0.0
52,69003,0.0
52,69004,0.0
52,69005,0.0
52,69006,0.0
52,69007,0.0
52,69008,0.0
52,69009,0.0
52,69010,0.0
52,69011,0.0
52,69012,0.0
52,69013,0.0
52,69014,0.0
52,69015,0.0
52,69016,0.0
52,69017,0.08592257499963946
52,69018,0.25498640052892313
52,69019,0.12644537728099595
52,69020,0.9050809434477557
52,69021,0.930176503220779
52,69022,1.086227177490022
52,69023,1.160904562148556
52,69024,0.9095735880030121
52,69025,0.2769692368132236
52,69026,0.19089831494663925
52,69027,0.6390298267407896
52,69028,0.821070657218028
52,69029,0.46382681461433267
52,69030,0.6140428722973827
52,69031,0.47462964744821917
52,69032,0.03314569060183136
52,69033,0.10847911584319185
52,69034,0.021513286286907466
52,69035,0.03420391141003466
52,69036,0.07218209813206736
52,69037,0.005150550922501397
52,69038,0.05281338244223808
52,69039,0.016195698746861706
52,69040,0.0
52,69041,0.0
52,69042,0.0
52,69043,0.0
52,69044,0.0
52,69045,0.0
52,69046,0.0
52,69047,0.0
52,69048,0.0
52,69101,0.0
52,69102,0.0
52,69103,0.0
52,69104,0.0
52,69105,0.0
52,69106,0.0
52,69107,0.0
52,69108,0.0
52,69109,0.0
52,69110,0.0
52,69111,0.0
52,69112,0.0
52,69113,0.0
52,69114,0.018858529207171234
52,69115,0.14467112148936195
52,69116,0.2917705778251123
52,69117,0.46482991842732924
52,69118,0.36920594565542575
52,69119,0.8134642310362598
52,69120,0.4402940518639171
52,69121,0.7492263380905073
52,69122,0.608776139525156
52,69123,0.21981634771574057
52,69124,0.2302515082878191
52,69125,1.001186131773329
52,69126,0.7115532428024794
52,69127,0.9570725849128928
52,69128,0.7472310117554158
52,69129,0.8351430061002928
52,69130,1.0189936445169938
52,69131,0.2066762099394999
52,69132,0.38860477341269506
52,69133,0.13772543688367356
52,69134,0.3888166411177368
52,69135,0.4452991606602336
52,69136,0.02444935158002676
52,69137,0.017909091057845966
52,69138,0.028858261995503842
52,69139,0.0
52,69140,0.0
52,69141,0.0
52,69142,0.0
52,69143,0.0
52,69144,0.0
52,69145,0.0
52,69146,0.0
52,69147,0.0
52,69148,0.0
52,69201,0.0
52,69202,0.0
52,69203,0.0
52,69204,0.0
52,69205,0.0
52,69206,0.0
52,69207,0.0
52,69208,0.0
52,69209,0.0
52,69210,0.0
52,69211,0.0
52,69212,0.0
52,69213,0.0
52,69214,0.0
52,69215,0.033014291516867675
52,69216,0.03364982049536058
52,69217,0.27563240462541183
52,69218,0.5468419264498732
52,69219,0.2316071077504522
52,69220,0.4136714418083659
52,69221,0.8986699064933344
52,69222,1.0549683391640454
52,69223,0.7195626592462387
52,69224,0.8079950927301528
52,69225,0.26152724892579615
52,69226,0.337976608701336
52,69227,0.05493686858216535
52,69228,0.16817124504418512
52,69229,0.3596422594439437
52,69230,0.371203714680771
52,69231,0.5183708686299454
52,69232,0.3380957062243049
52,69233,0.35524350912752173
52,69234,0.14939635404293064
52,69235,0.24857930260983804
52,69236,0.06545859501369058
52,69237,0.025615149288804772
52,69238,0.0
52,69239,0.0
52,69240,0.0
52,69241,0.0
52,69242,0.0
52,69243,0.0
52,69244,0.0
52,69245,0.0
52,69246,0.0
52,69247,0.0
52,69248,0.0
52,69301,0.0
52,69302,0.0
52,69303,0.0
52,69304,0.0
52,69305,0.0
52,69306,0.0
52,69307,0.0
52,69308,0.0
52,69309,0.0
52,69310,0.0
52,69311,0.0
52,69312,0.0
52,69313,0.0
52,69314,0.0
52,69315,0.0
52,69316,0.0
52,69317,0.032423996030089504
52,69318,0.2926653918187074
52,69319,0.6610377117291681
52,69320,0.23970170893012316
52,69321,0.6036892444373394
52,69322,0.17491230733658475
52,69323,0.40235073160128665
52,69324,0.224906566974448
52,69325,0.135212562587174
52,69326,0.3057024116672456
52,69327,0.7138486751101472
52,69328,0.6896566833726424
52,69329,0.2806507394496434
52,69330,0.34244785511795267
52,69331,0.15218548261124012
52,69332,0.40398469463233133
52,69333,0.10236550291320823
52,69334,0.1944161949759826
52,69335,0.22380515073353846
52,69336,0.05076953886823259
52,69337,0.08853503211961157
52,69338,0.01411465692803581
52,69339,0.0
52,69340,0.0
52,69341,0.0
52,69342,0.0
52,69343,0.0
52,69344,0.0
52,69345,0.0
52,69346,0.0
52,69347,0.0
52,69348,0.0
52,69401,0.0
52,69402,0.0
52,69403,0.0
52,69404,0.0
52,69405,0.0
52,69406,0.0
52,69407,0.0
52,69408,0.0
52,69409,0.0
52,69410,0.0
52,69411,0.0
52,69412,0.0
52,69413,0.0
52,69414,0.0
52,69415,0.0
52,69416,0.021055381755140257
52,69417,0.024414396141485634
52,69418,0.05592596966104178
52,69419,0.10323674520296239
52,69420,0.2321130190989522
52,69421,0.08783705255485
52,69422,0.22019214310290938
52,69423,0.6745268511759174
52,69424,0.5912517048463568
52,69425,0.37196258661428006
52,69426,0.18860829089280243
52,69427,0.35080087158627943
52,69428,0.3426648245200413
52,69429,0.6490462591189997
52,69430,0.4346262609955232
52,69431,0.1695341850236694
52,69432,0.15588032699015714
52,69433,0.13541609532326337
52,69434,0.31247052966939076
52,69435,0.12013263040337518
52,69436,0.025154280829675378
52,69437,0.025736372761984483
52,69438,0.010384560882301828
52,69439,0.0
52,69440,0.0
52,69441,0.0
52,69442,0.0
52,69443,0.0
52,69444,0.0
52,69445,0.0
52,69446,0.0
52,69447,0.0
52,69448,0.0
52,69501,0.0
52,69502,0.0
52,69503,0.0
52,69504,0.0
52,69505,0.0
52,69506,0.0
52,69507,0.0
52,69508,0.0
52,69509,0.0
52,69510,0.0
52,69511,0.0
52,69512,0.0
52,69513,0.0
52,69514,0.0
52,69515,0.06434719935133675
52,69516,0.08780126572533355
52,69517,0.4197805270152492
52,69518,0.16460137417862863
52,69519,0.18687818003848058
52,69520,0.6696464657374445
52,69521,0.30883551617574884
52,69522,0.4445463054449136
52,69523,0.44379459871466703
52,69524,0.7192091531346251
52,69525,0.2455412065055456
52,69526,0.4806698460975641
52,69527,0.72667745735875
52,69528,0.2693893884282525
52,69529,0.6865643862789836
52,69530,0.23528966181516472
52,69531,0.3950972507285743
52,69532,0.6048874988856973
52,69533,0.2963039234053907
52,69534,0.20529399667147616
52,69535,0.12975219521805773
52,69536,0.07094989207543252
52,69537,0.018246637385611438
52,69538,0.018571460143180132
52,69539,0.015608196462625196
52,69540,0.0
52,69541,0.0
52,69542,0.0
52,69543,0.0
52,69544,0.0
52,69545,0.0
52,69546,0.0
52,69547,0.0
52,69548,0.0
52,69601,0.0
52,69602,0.0
52,69603,0.0
52,69604,0.0
52,69605,0.0
52,69606,0.0
52,69607,0.0
52,69608,0.0
52,69609,0.0
52,69610,0.0
52,69611,0.0
52,69612,0.0
52,69613,0.0
52,69614,0.0
52,69615,0.11551585766836135
52,69616,0.20186558220183828
52,69617,0.23659042658883678
52,69618,0.5197558815970968
52,69619,0.21142037849456732
52,69620,0.327542329598128
52,69621,0.3558474337000602
52,69622,0.4279849234580015
52,69623,0.423126405978529
52,69624,1.218295877857744
52,69625,1.038712810638103
52,69626,1.03911116209086
52,69627,1.0664285316394462
52,69628,1.0501675640907262
52,69629,0.7743434509484846
52,69630,0.20531642986438225
52,69631,0.9496402045657334
52,69632,0.586988236246971
52,69633,0.3817651348094203
52,69634,0.21711260144337002
52,69635,0.37122584877280645
52,69636,0.10406878061396721
52,69637,0.07995257163398331
52,69638,0.07049239871837486
52,69639,0.0
52,69640,0.0
52,69641,0.0
52,69642,0.0
52,69643,0.0
52,69644,0.0
52,69645,0.0
52,69646,0.0
52,69647,0.0
52,69648,0.0
52,69701,0.0
52,69702,0.0
52,69703,0.0
52,69704,0.0
52,69705,0.0
52,69706,0.0
52,69707,0.0
52,69708,0.0
52,69709,0.0
52,69710,0.0
52,69711,0.0
52,69712,0.0
52,69713,0.0
52,69714,0.0
52,69715,0.06419562948611862
52,69716,0.29743346168161805
52,69717,0.4020726266593863
52,69718,0.6147293650168485
52,69719,0.3772933487683906
52,69720,0.4922064578946499
52,69721,0.2251293428529551
52,69722,0.27930482681502755
52,69723,0.5770219272307376
52,69724,0.9908602912408716
52,69725,0.9732661135479007
52,69726,1.1330792208338605
52,69727,0.632145764166366
52,69728,0.7005463136128027
52,69729,0.5959531642652421
52,69730,0.263166194511128
52,69731,0.4975963591748529
52,69732,0.4570181004604907
52,69733,0.45925604486353444
52,69734,0.407459747089653
52,69735,0.25434505246190103
52,69736,0.0817983065785193
52,69737,0.02450751929873986
52,69738,0.0
52,69739,0.0
52,69740,0.0
52,69741,0.0
52,69742,0.0
52,69743,0.0
52,69744,0.0
52,69745,0.0
52,69746,0.0
52,69747,0.0
52,69748,0.0
52,69801,0.0
52,69802,0.0
52,69803,0.0
52,69804,0.0
52,69805,0.0
52,69806,0.0
52,69807,0.0
52,69808,0.0
52,69809,0.0
52,69810,0.0
52,69811,0.0
52,69812,0.0
52,69813,0.0
52,69814,0.0
52,69815,0.010834956948163402
52,69816,0.12197669834179296
52,69817,0.15776970538802024
52,69818,0.5586669443722513
52,69819,0.2436375554297634
52,69820,0.2977312312017428
52,69821,0.9717758072000403
52,69822,0.4685982650140521
52,69823,0.7143009560882917
52,69824,1.1682359188147393
52,69825,0.7315139160380114
52,69826,0.47695831348269
52,69827,0.8283904102764765
52,69828,0.15511755553159393
52,69829,0.5967674255659825
52,69830,0.5717128309511202
52,69831,0.49272703293926
52,69832,0.6926509804828445
52,69833,0.5860536718861045
52,69834,0.40482296202653406
52,69835,0.07583330577936272
52,69836,0.1590809285945746
52,69837,0.05314118522237438
52,69838,0.013177643102900654
52,69839,0.0
52,69840,0.0
52,69841,0.0
52,69842,0.0
52,69843,0.0
52,69844,0.0
52,69845,0.0
52,69846,0.0
52,69847,0.0
52,69848,0.0
52,69901,0.0
52,69902,0.0
52,69903,0.0
52,69904,0.0
52,69905,0.0
52,69906,0.0
52,69907,0.0
52,69908,0.0
52,69909,0.0
52,69910,0.0
52,69911,0.0
52,69912,0.0
52,69913,0.0
52,69914,0.0
52,69915,0.05117336941510981
52,69916,0.168972322163437
52,69917,0.17499963759875592
52,69918,0.07205148275773812
52,69919,0.19446811121525256
52,69920,0.2630212856615545
52,69921,0.5175051169498831
52,69922,0.46412207435274316
52,69923,1.215490840814327
52,69924,0.8346070273906471
52,69925,0.4009939194576329
52,69926,0.7213305160002536
52,69927,0.5522620969647569
52,69928,0.5432196205689802
52,69929,0.6289329586823476
52,69930,0.35450587579985887
52,69931,0.20968298710198857
52,69932,0.18065663362321596
52,69933,0.27772149539941376
52,69934,0.10754223777966511
52,69935,0.026182426259935027
52,69936,0.03492686100319273
52,69937,0.005865089818018758
52,69938,0.024640985012832708
52,69939,0.0
52,69940,0.0
52,69941,0.0
52,69942,0.0
52,69943,0.0
52,69944,0.0
52,69945,0.0
52,69946,0.0
52,69947,0.0
52,69948,0.0
52,70001,0.0
52,70002,0.0
52,70003,0.0
52,70004,0.0
52,70005,0.0
52,70006,0.0
52,70007,0.0
52,70008,0.0
52,70009,0.0
52,70010,0.0
52,70011,0.0
52,70012,0.0
52,70013,0.0
52,70014,0.0
52,70015,0.0
52,70016,0.0
52,70017,0.008768709697844154
52,70018,0.020581549950892758
52,70019,0.14236601511202251
52,70020,0.04234916721001475
52,70021,0.04928201870260567
52,70022,0.12521059254980463
52,70023,0.20071107694308668
52,70024,0.6730923312236473
52,70025,0.36558035624090346
52,70026,0.10002096561494186
52,70027,0.3185372815470736
52,70028,0.2647464746662117
52,70029,0.2789155638339021
52,70030,0.5578912004890156
52,70031,0.33976621730922585
52,70032,0.19672867537690847
52,70033,0.1827908290894663
52,70034,0.10828189380819728
52,70035,0.13941714316550655
52,70036,0.03415942314386939
52,70037,0.02944941214034567
52,70038,0.05658328524987742
52,70039,0.0
52,70040,0.0
52,70041,0.0
52,70042,0.0
52,70043,0.0
52,70044,0.0
52,70045,0.0
52,70046,0.0
52,70047,0.0
52,70048,0.0
52,70101,0.0
52,70102,0.0
52,70103,0.0
52,70104,0.0
52,70105,0.0
52,70106,0.0
52,70107,0.0
52,70108,0.0
52,70109,0.0
52,70110,0.0
52,70111,0.0
52,70112,0.0
52,70113,0.0
52,70114,0.0
52,70115,0.03987957747653316
52,70116,0.047565186934900874
52,70117,0.09256923214598944
52,70118,0.34910376038256735
52,70119,0.2981908855480079
52,70120,0.4025093922882577
52,70121,0.9187551619755805
52,70122,0.6819307690714878
52,70123,0.3378392133582813
52,70124,0.8657649758453273
52,70125,0.5625683548627028
52,70126,0.5100898445994316
52,70127,0.40641275958549206
52,70128,0.46207607435550363
52,70129,0.22407507561819104
52,70130,0.09252355362787039
52,70131,0.3364548417833186
52,70132,0.1931304770158461
52,70133,0.3945890004409875
52,70134,0.3785169198779199
52,70135,0.2005103384591923
52,70136,0.13603664600344523
52,70137,0.08497552904790252
52,70138,0.03062201385917164
52,70139,0.01592550282876132
52,70140,0.0
52,70141,0.0
52,70142,0.0
52,70143,0.0
52,70144,0.0
52,70145,0.0
52,70146,0.0
52,70147,0.0
52,70148,0.0
52,70201,0.0
52,70202,0.0
52,70203,0.0
52,70204,0.0
52,70205,0.0
52,70206,0.0
52,70207,0.0
52,70208,0.0
52,70209,0.0
52,70210,0.0
52,70211,0.0
52,70212,0.0
52,70213,0.0
52,70214,0.0
52,70215,0.06575964909709196
52,70216,0.32237686362655565
52,70217,0.48626385270735023
52,70218,0.2810062229369139
52,70219,0.160001248597141
52,70220,0.6498765111140696
52,70221,0.5116284352499197
52,70222,0.21019307069426563
52,70223,0.6523596332816263
52,70224,1.1781782669942626
52,70225,0.346032628508789
52,70226,1.1057900238141778
52,70227,0.6219794503789159
52,70228,0.843429399853833
52,70229,0.9350574156467296
52,70230,1.0858984950217339
52,70231,0.5371548924324426
52,70232,0.7931100664600034
52,70233,0.19884216617715955
52,70234,0.13599336241464408
52,70235,0.02339695062556403
52,70236,0.0271010340837019
52,70237,0.010334650932680208
52,70238,0.006238356792719444
52,70239,0.0
52,70240,0.0
52,70241,0.0
52,70242,0.0
52,70243,0.0
52,70244,0.0
52,70245,0.0
52,70246,0.0
52,70247,0.0
52,70248,0.0
52,70301,0.0
52,70302,0.0
52,70303,0.0
52,70304,0.0
52,70305,0.0
52,70306,0.0
52,70307,0.0
52,70308,0.0
52,70309,0.0
52,70310,0.0
52,70311,0.0
52,70312,0.0
52,70313,0.0
52,70314,0.0
52,70315,0.018285247619338668
52,70316,0.22736356147812367
52,70317,0.3260967374840942
52,70318,0.7393423680539686
52,70319,0.6475234466280742
52,70320,0.4582937795087101
52,70321,0.7885444271037066
52,70322,0.6759311953789606
52,70323,1.2339325546299216
52,70324,1.033769966661856
52,70325,0.7894107757723541
52,70326,0.8458658290724876
52,70327,0.7100738337237776
52,70328,0.886222630594201
52,70329,0.575373078857989
52,70330,0.4265802244285759
52,70331,0.731485117469724
52,70332,0.7212621087794975
52,70333,0.35004515828512717
52,70334,0.5400054460464077
52,70335,0.0520001445435416
52,70336,0.020708443844911613
52,70337,0.02362224840721285
52,70338,0.0
52,70339,0.0
52,70340,0.0
52,70341,0.0
52,70342,0.0
52,70343,0.0
52,70344,0.0
52,70345,0.0
52,70346,0.0
52,70347,0.0
52,70348,0.0
52,70401,0.0
52,70402,0.0
52,70403,0.0
52,70404,0.0
52,70405,0.0
52,70406,0.0
52,70407,0.0
52,70408,0.0
52,70409,0.0
52,70410,0.0
52,70411,0.0
52,70412,0.0
52,70413,0.0
52,70414,0.0
52,70415,0.054823843497073484
52,70416,0.13706327259834944
52,70417,0.10605251547637469
52,70418,0.5532237630301557
52,70419,0.770357916204702
52,70420,0.5194957058932409
52,70421,0.33813763232653266
52,70422,0.2827743589482389
52,70423,0.828693807368474
52,70424,0.7202407270080995
52,70425,0.29994839944938034
52,70426,0.3112361419391617
52,70427,0.4981598208400707
52,70428,0.827515980053609
52,70429,0.28697877293594104
52,70430,0.6741571668583712
52,70431,0.18046695320886516
52,70432,0.4150880003330338
52,70433,0.13898433981516245
52,70434,0.21061881489866796
52,70435,0.11360865325855538
52,70436,0.08567963893735005
52,70437,0.041952638934333805
52,70438,0.022914730798031288
52,70439,0.0
52,70440,0.0
52,70441,0.0
52,70442,0.0
52,70443,0.0
52,70444,0.0
52,70445,0.0
52,70446,0.0
52,70447,0.0
52,70448,0.0
52,70501,0.0
52,70502,0.0
52,70503,0.0
52,70504,0.0
52,70505,0.0
52,70506,0.0
52,70507,0.0
52,70508,0.0
52,70509,0.0
52,70510,0.0
52,70511,0.0
52,70512,0.0
52,70513,0.0
52,70514,0.0
52,70515,0.008194317732326935
52,70516,0.3517744720092611
52,70517,0.12326224183999741
52,70518,0.5723276440270557
52,70519,0.3245879518069041
52,70520,0.14319596293168227
52,70521,0.5859749290924643
52,70522,0.5196502880980837
52,70523,0.28122400096696426
52,70524,0.3661825016410373
52,70525,0.2734268194487145
52,70526,0.5300441914352647
52,70527,0.20718011366582725
52,70528,0.21644482908740753
52,70529,0.29511629700004244
52,70530,0.25094227971015015
52,70531,0.1364721552752145
52,70532,0.07762950904396099
52,70533,0.16403101634214545
52,70534,0.0835532611908154
52,70535,0.08908476481394305
52,70536,0.046006335854617275
52,70537,0.04419814243404566
52,70538,0.02418143288151605
52,70539,0.01070056118364994
52,70540,0.0
52,70541,0.0
52,70542,0.0
52,70543,0.0
52,70544,0.0
52,70545,0.0
52,70546,0.0
52,70547,0.0
52,70548,0.0
52,70601,0.0
52,70602,0.0
52,70603,0.0
52,70604,0.0
52,70605,0.0
52,70606,0.0
52,70607,0.0
52,70608,0.0
52,70609,0.0
52,70610,0.0
52,70611,0.0
52,70612,0.0
52,70613,0.0
52,70614,0.0
52,70615,0.023117029350412148
52,70616,0.022121546465882474
52,70617,0.04558703969300417
52,70618,0.10310336353622077
52,70619,0.4331437753004428
52,70620,0.3411153233996188
52,70621,0.386772224676449
52,70622,0.5317224148261491
52,70623,0.41186577713588884
52,70624,0.3933580781679637
52,70625,0.64177568549689
52,70626,0.5635095626476692
52,70627,0.5000699002629766
52,70628,0.7746062587453535
52,70629,0.6232339458455649
52,70630,0.13028103276050335
52,70631,0.3144428553020226
52,70632,0.32883701550985384
52,70633,0.07120632332330636
52,70634,0.24767226101949183
52,70635,0.07082691696643105
52,70636,0.05048129324334619
52,70637,0.030111087837347544
52,70638,0.011689506581967688
52,70639,0.0
52,70640,0.0
52,70641,0.0
52,70642,0.0
52,70643,0.0
52,70644,0.0
52,70645,0.0
52,70646,0.0
52,70647,0.0
52,70648,0.0
52,70701,0.0
52,70702,0.0
52,70703,0.0
52,70704,0.0
52,70705,0.0
52,70706,0.0
52,70707,0.0
52,70708,0.0
52,70709,0.0
52,70710,0.0
52,70711,0.0
52,70712,0.0
52,70713,0.0
52,70714,0.0
52,70715,0.019248728099363614
52,70716,0.05908712060319859
52,70717,0.05094020452460444
52,70718,0.3204611976386262
52,70719,0.08725891879159889
52,70720,0.416499646382922
52,70721,0.7594141761275224
52,70722,0.5619994146573444
52,70723,0.5641681247294383
52,70724,0.8996458234791406
52,70725,0.22761739628756217
52,70726,0.17980430438989775
52,70727,0.731607428036304
52,70728,0.7203600447538988
52,70729,0.18027728762971326
52,70730,0.11741583663509844
52,70731,0.3813619944005966
52,70732,0.5091762392041016
52,70733,0.29368439562323834
52,70734,0.14505530875695888
52,70735,0.1331492938125457
52,70736,0.13700345759500138
52,70737,0.015670510574989607
52,70738,0.014237895483395163
52,70739,0.0
52,70740,0.0
52,70741,0.0
52,70742,0.0
52,70743,0.0
52,70744,0.0
52,70745,0.0
52,70746,0.0
52,70747,0.0
52,70748,0.0
52,70801,0.0
52,70802,0.0
52,70803,0.0
52,70804,0.0
52,70805,0.0
52,70806,0.0
52,70807,0.0
52,70808,0.0
52,70809,0.0
52,70810,0.0
52,70811,0.0
52,70812,0.0
52,70813,0.0
52,70814,0.0
52,70815,0.02710337861555848
52,70816,0.0392181087752713
52,70817,0.06947221519591217
52,70818,0.08943342695943747
52,70819,0.05184408413489926
52,70820,0.2692421730867344
52,70821,0.09060660558906157
52,70822,0.16447860001736608
52,70823,0.2501829165899745
52,70824,0.21652102635280465
52,70825,0.06460387500040203
52,70826,0.05257464674091438
52,70827,0.07288678805521134
52,70828,0.0285973764893014
52,70829,0.13299457184268004
52,70830,0.05753056207040453
52,70831,0.14660892887427465
52,70832,0.21795537965737558
52,70833,0.15827771305880506
52,70834,0.17821994553357268
52,70835,0.05755159886711564
52,70836,0.017123190167718263
52,70837,0.0
52,70838,0.0
52,70839,0.0
52,70840,0.0
52,70841,0.0
52,70842,0.0
52,70843,0.0
52,70844,0.0
52,70845,0.0
52,70846,0.0
52,70847,0.0
52,70848,0.0
52,70901,0.0
52,70902,0.0
52,70903,0.0
52,70904,0.0
52,70905,0.0
52,70906,0.0
52,70907,0.0
52,70908,0.0
52,70909,0.0
52,70910,0.0
52,70911,0.0
52,70912,0.0
52,70913,0.0
52,70914,0.0
52,70915,0.0114045307849835
52,70916,0.17626873363472195
52,70917,0.1110730071659512
52,70918,0.37027001655601144
52,70919,0.3339692805213681
52,70920,0.7195578078411146
52,70921,0.8650818337218993
52,70922,0.8977582676083627
52,70923,0.40460887135116275
52,70924,0.5025761173802678
52,70925,0.8037598695515686
52,70926,0.22607299091615082
52,70927,0.872531328205275
52,70928,0.25650520190991594
52,70929,0.8734124767770884
52,70930,0.1963098445529148
52,70931,0.5596421199504226
52,70932,0.3428073545748918
52,70933,0.20503815847234408
52,70934,0.18323411682662422
52,70935,0.16590457225713573
52,70936,0.010334274193486242
52,70937,0.0
52,70938,0.0
52,70939,0.0
52,70940,0.0
52,70941,0.0
52,70942,0.0
52,70943,0.0
52,70944,0.0
52,70945,0.0
52,70946,0.0
52,70947,0.0
52,70948,0.0
52,71001,0.0
52,71002,0.0
52,71003,0.0
52,71004,0.0
52,71005,0.0
52,71006,0.0
52,71007,0.0
52,71008,0.0
52,71009,0.0
52,71010,0.0
52,71011,0.0
52,71012,0.0
52,71013,0.0
52,71014,0.0
52,71015,0.0
52,71016,0.0
52,71017,0.0
52,71018,0.025863062937746265
52,71019,0.04039607379468501
52,71020,0.0515875759211818
52,71021,0.0314916090636486
52,71022,0.2217443538042786
52,71023,0.1036627214360978
52,71024,0.21193325358780807
52,71025,0.05736244872309614
52,71026,0.039606689927460456
52,71027,0.1008748858931123
52,71028,0.05687434184775339
52,71029,0.07351687482840116
52,71030,0.04345711892675975
52,71031,0.07460979324452847
52,71032,0.0712061293246066
52,71033,0.03840977375398877
52,71034,0.023430161913544106
52,71035,0.05988481837865401
52,71036,0.0
52,71037,0.0
52,71038,0.0
52,71039,0.0
52,71040,0.0
52,71041,0.0
52,71042,0.0
52,71043,0.0
52,71044,0.0
52,71045,0.0
52,71046,0.0
52,71047,0.0
52,71048,0.0
52,71101,0.0
52,71102,0.0
52,71103,0.0
52,71104,0.0
52,71105,0.0
52,71106,0.0
52,71107,0.0
52,71108,0.0
52,71109,0.0
52,71110,0.0
52,71111,0.0
52,71112,0.0
52,71113,0.0
52,71114,0.0
52,71115,0.0
52,71116,0.016797524779446453
52,71117,0.02320603914643358
52,71118,0.059625449673077084
52,71119,0.08905342596243775
52,71120,0.062261566250531024
52,71121,0.08759017151579379
52,71122,0.07713624614483836
52,71123,0.07931799652232463
52,71124,0.03565974170924518
52,71125,0.11442947445204263
52,71126,0.1021706205653249
52,71127,0.06571556592456394
52,71128,0.15265158051045188
52,71129,0.10905366403796574
52,71130,0.10316282045856512
52,71131,0.03607208132368548
52,71132,0.02056415097250256
52,71133,0.08603642524543118
52,71134,0.020895380052868603
52,71135,0.07052672555742208
52,71136,0.016615666848021935
52,71137,0.0
52,71138,0.0
52,71139,0.0
52,71140,0.0
52,71141,0.0
52,71142,0.0
52,71143,0.0
52,71144,0.0
52,71145,0.0
52,71146,0.0
52,71147,0.0
52,71148,0.0
52,71201,0.0
52,71202,0.0
52,71203,0.0
52,71204,0.0
52,71205,0.0
52,71206,0.0
52,71207,0.0
52,71208,0.0
52,71209,0.0
52,71210,0.0
52,71211,0.0
52,71212,0.0
52,71213,0.0
52,71214,0.0
52,71215,0.05249020114047626
52,71216,0.15737197547892134
52,71217,0.43344199006670314
52,71218,0.5049416019659195
52,71219,0.6078676451458872
52,71220,0.47503369441292764
52,71221,0.905738024706838
52,71222,0.3809315027506604
52,71223,0.22959993210444174
52,71224,1.1410823471759113
52,71225,0.39573125728692343
52,71226,1.229328171389454
52,71227,0.9148575637835891
52,71228,0.5583731750402418
52,71229,0.3937402157131492
52,71230,0.6242514633930218
52,71231,0.6675784652573945
52,71232,0.5596707417743564
52,71233,0.12200051384621417
52,71234,0.12149074977105287
52,71235,0.019847891895521177
52,71236,0.022825891025179592
52,71237,0.02854190055825381
52,71238,0.0
52,71239,0.0
52,71240,0.0
52,71241,0.0
52,71242,0.0
52,71243,0.0
52,71244,0.0
52,71245,0.0
52,71246,0.0
52,71247,0.0
52,71248,0.0
52,71301,0.0
52,71302,0.0
52,71303,0.0
52,71304,0.0
52,71305,0.0
52,71306,0.0
52,71307,0.0
52,71308,0.0
52,71309,0.0
52,71310,0.0
52,71311,0.0
52,71312,0.0
52,71313,0.0
52,71314,0.0
52,71315,0.0
52,71316,0.0
52,71317,0.045732596722762794
52,71318,0.019153954928113746
52,71319,0.015313701661024975
52,71320,0.08549499337333526
52,71321,0.04880888799615347
52,71322,0.09453506988840278
52,71323,0.0866022130635621
52,71324,0.12283115477214035
52,71325,0.13995100380926093
52,71326,0.6689052155783461
52,71327,0.12240146597009645
52,71328,0.3169626194045506
52,71329,0.4847738120015633
52,71330,0.22387877367610357
52,71331,0.4025871033908369
52,71332,0.6764964107345333
52,71333,0.28566630559480677
52,71334,0.2075830862017414
52,71335,0.06952769405029438
52,71336,0.0782964283672679
52,71337,0.012878034445734184
52,71338,0.0
52,71339,0.0
52,71340,0.0
52,71341,0.0
52,71342,0.0
52,71343,0.0
52,71344,0.0
52,71345,0.0
52,71346,0.0
52,71347,0.0
52,71348,0.0
52,71401,0.0
52,71402,0.0
52,71403,0.0
52,71404,0.0
52,71405,0.0
52,71406,0.0
52,71407,0.0
52,71408,0.0
52,71409,0.0
52,71410,0.0
52,71411,0.0
52,71412,0.0
52,71413,0.0
52,71414,0.0
52,71415,0.023121643264619133
52,71416,0.10105463137242025
52,71417,0.14065083143586687
52,71418,0.40654124151577004
52,71419,0.2955742639545564
52,71420,0.6887952155233896
52,71421,1.1061198717862222
52,71422,1.0854762116562893
52,71423,0.506248495804776
52,71424,0.9970737247228585
52,71425,1.0194816512913532
52,71426,0.20485433804314898
52,71427,0.346850143407112
52,71428,0.2940531058810501
52,71429,0.20750530314298482
52,71430,0.38114471464158955
52,71431,0.41672878957438403
52,71432,0.16825217303140022
52,71433,0.16906705646426864
52,71434,0.13876702258383128
52,71435,0.15605087577535742
52,71436,0.0265844832038645
52,71437,0.01833905252435392
52,71438,0.02383711930682318
52,71439,0.0
52,71440,0.0
52,71441,0.0
52,71442,0.0
52,71443,0.0
52,71444,0.0
52,71445,0.0
52,71446,0.0
52,71447,0.0
52,71448,0.0
52,71501,0.0
52,71502,0.0
52,71503,0.0
52,71504,0.0
52,71505,0.0
52,71506,0.0
52,71507,0.0
52,71508,0.0
52,71509,0.0
52,71510,0.0
52,71511,0.0
52,71512,0.0
52,71513,0.0
52,71514,0.0
52,71515,0.0
52,71516,0.06932721375157834
52,71517,0.018079150690829666
52,71518,0.10988044921559462
52,71519,0.028891893331617152
52,71520,0.011861548522094303
52,71521,0.0492081593843188
52,71522,0.04522000472105307
52,71523,0.012903708993677869
52,71524,0.058793409413380744
52,71525,0.04909506938269242
52,71526,0.2255087959518165
52,71527,0.35872500798816515
52,71528,0.30234024068207604
52,71529,0.9382769073621581
52,71530,0.5556058083008671
52,71531,0.4234207013928795
52,71532,0.25071749785143205
52,71533,0.10787590313209251
52,71534,0.3296597937345906
52,71535,0.1117454252621885
52,71536,0.1096584968578771
52,71537,0.11386859818735678
52,71538,0.08364775226668161
52,71539,0.0
52,71540,0.0
52,71541,0.0
52,71542,0.0
52,71543,0.0
52,71544,0.0
52,71545,0.0
52,71546,0.0
52,71547,0.0
52,71548,0.0
52,71601,0.0
52,71602,0.0
52,71603,0.0
52,71604,0.0
52,71605,0.0
52,71606,0.0
52,71607,0.0
52,71608,0.0
52,71609,0.0
52,71610,0.0
52,71611,0.0
52,71612,0.0
52,71613,0.0
52,71614,0.0
52,71615,0.0
52,71616,0.029488590261850765
52,71617,0.0866114842172273
52,71618,0.17060994348161
52,71619,0.16646967361798073
52,71620,0.01686307997437538
52,71621,0.05704736775423835
52,71622,0.05666965269174811
52,71623,0.0584925040908379
52,71624,0.09103217176683312
52,71625,0.11811379669776685
52,71626,0.16873066999306663
52,71627,0.13698210374792746
52,71628,0.2684289272103848
52,71629,0.4874179062735412
52,71630,0.028034287303711627
52,71631,0.05003143998737276
52,71632,0.034480342892370584
52,71633,0.32647063748752975
52,71634,0.2471925751688369
52,71635,0.01945602927165121
52,71636,0.04071420892567407
52,71637,0.022994344916427795
52,71638,0.0
52,71639,0.0
52,71640,0.0
52,71641,0.0
52,71642,0.0
52,71643,0.0
52,71644,0.0
52,71645,0.0
52,71646,0.0
52,71647,0.0
52,71648,0.0
52,71701,0.0
52,71702,0.0
52,71703,0.0
52,71704,0.0
52,71705,0.0
52,71706,0.0
52,71707,0.0
52,71708,0.0
52,71709,0.0
52,71710,0.0
52,71711,0.0
52,71712,0.0
52,71713,0.0
52,71714,0.0
52,71715,0.07401839142539318
52,71716,0.19224660420732292
52,71717,0.3379092107476813
52,71718,0.7129261545975332
52,71719,0.5517926413389604
52,71720,0.48865705256507386
52,71721,0.9702361723933057
52,71722,0.3503872319486417
52,71723,1.1687825014531898
52,71724,0.2553094253666801
52,71725,1.1968773688581862
52,71726,1.1212903601034878
52,71727,1.0424318862947426
52,71728,0.9427282063531844
52,71729,0.5267962216652604
52,71730,0.49080757438852124
52,71731,0.5993981701365062
52,71732,0.7608895073167995
52,71733,0.26905758165672106
52,71734,0.10715610814960208
52,71735,0.02621430366939296
52,71736,0.049137788565249765
52,71737,0.04979062809058764
52,71738,0.007140712250498991
52,71739,0.0
52,71740,0.0
52,71741,0.0
52,71742,0.0
52,71743,0.0
52,71744,0.0
52,71745,0.0
52,71746,0.0
52,71747,0.0
52,71748,0.0
52,71801,0.0
52,71802,0.0
52,71803,0.0
52,71804,0.0
52,71805,0.0
52,71806,0.0
52,71807,0.0
52,71808,0.0
52,71809,0.0
52,71810,0.0
52,71811,0.0
52,71812,0.0
52,71813,0.0
52,71814,0.0
52,71815,0.05120520651687468
52,71816,0.06758502492950767
52,71817,0.09661795830553992
52,71818,0.6350730727109221
52,71819,0.7148415909880883
52,71820,0.716118408323424
52,71821,0.9128006942363631
52,71822,0.39090767785593833
52,71823,0.9907625429754895
52,71824,0.3414168421198732
52,71825,0.968405620076991
52,71826,1.139983099158035
52,71827,1.0001573210967134
52,71828,0.7200743551288474
52,71829,0.8336158074033527
52,71830,0.8705891875776272
52,71831,0.48532588705747054
52,71832,0.23359948786470988
52,71833,0.19018651903576184
52,71834,0.3047661490389635
52,71835,0.06697783710459372
52,71836,0.021321168579432743
52,71837,0.04424067179931328
52,71838,0.0
52,71839,0.0
52,71840,0.0
52,71841,0.0
52,71842,0.0
52,71843,0.0
52,71844,0.0
52,71845,0.0
52,71846,0.0
52,71847,0.0
52,71848,0.0
52,71901,0.0
52,71902,0.0
52,71903,0.0
52,71904,0.0
52,71905,0.0
52,71906,0.0
52,71907,0.0
52,71908,0.0
52,71909,0.0
52,71910,0.0
52,71911,0.0
52,71912,0.0
52,71913,0.0
52,71914,0.0
52,71915,0.08749970822271877
52,71916,0.21264634621523
52,71917,0.21508469386588897
52,71918,0.18414639702286664
52,71919,0.6392538609605971
52,71920,0.16682201984005282
52,71921,0.5046992591592389
52,71922,0.39263024966948423
52,71923,0.49018025936608206
52,71924,0.2728280420196609
52,71925,0.4733627611352789
52,71926,0.7029422066441834
52,71927,0.7291080686781963
52,71928,0.4509796385878528
52,71929,0.1898256699850031
52,71930,0.186171086673633
52,71931,0.36573192362282725
52,71932,0.23605055018067841
52,71933,0.5060228546522799
52,71934,0.29957109607460075
52,71935,0.049849284530035114
52,71936,0.012495796444581882
52,71937,0.015420205787105151
52,71938,0.023486844277756474
52,71939,0.0
52,71940,0.0
52,71941,0.0
52,71942,0.0
52,71943,0.0
52,71944,0.0
52,71945,0.0
52,71946,0.0
52,71947,0.0
52,71948,0.0
52,72001,0.0
52,72002,0.0
52,72003,0.0
52,72004,0.0
52,72005,0.0
52,72006,0.0
52,72007,0.0
52,72008,0.0
52,72009,0.0
52,72010,0.0
52,72011,0.0
52,72012,0.0
52,72013,0.0
52,72014,0.0
52,72015,0.023993147055037058
52,72016,0.039441289669558274
52,72017,0.2442530692461805
52,72018,0.27364061223139446
52,72019,0.17845802842109978
52,72020,0.4019550837765781
52,72021,0.23065345247555416
52,72022,0.13205933701975045
52,72023,0.33666611346102204
52,72024,0.1224249810566492
52,72025,0.11836940996026843
52,72026,0.7919847504507856
52,72027,0.1712577560971719
52,72028,0.4288345860505489
52,72029,0.22242524063102845
52,72030,0.19588875282686263
52,72031,0.6178837747977283
52,72032,0.3922344988344295
52,72033,0.4686676891053922
52,72034,0.15549161135110157
52,72035,0.03424606987553269
52,72036,0.07328726541109373
52,72037,0.03462233101747287
52,72038,0.017485490794752055
52,72039,0.0
52,72040,0.0
52,72041,0.0
52,72042,0.0
52,72043,0.0
52,72044,0.0
52,72045,0.0
52,72046,0.0
52,72047,0.0
52,72048,0.0
52,72101,0.0
52,72102,0.0
52,72103,0.0
52,72104,0.0
52,72105,0.0
52,72106,0.0
52,72107,0.0
52,72108,0.0
52,72109,0.0
52,72110,0.0
52,72111,0.0
52,72112,0.0
52,72113,0.0
52,72114,0.0
52,72115,0.050361505109710936
52,72116,0.10597704295093335
52,72117,0.2667705141273508
52,72118,0.5424142552109403
52,72119,0.7395579361083447
52,72120,0.8508169207436089
52,72121,0.7921251759194439
52,72122,0.5402693079369806
52,72123,0.5143719719089263
52,72124,0.5966008508368326
52,72125,0.8902483940903154
52,72126,0.21271689606837135
52,72127,0.657953938830314
52,72128,0.27737034864704607
52,72129,0.8584566765999414
52,72130,0.5727549278623275
52,72131,0.4120958249995326
52,72132,0.25123229756654475
52,72133,0.09771533891927482
52,72134,0.05925819842219639
52,72135,0.013186807426268302
52,72136,0.009911807613280295
52,72137,0.0208862998460482
52,72138,0.0
52,72139,0.0
52,72140,0.0
52,72141,0.0
52,72142,0.0
52,72143,0.0
52,72144,0.0
52,72145,0.0
52,72146,0.0
52,72147,0.0
52,72148,0.0
52,72201,0.0
52,72202,0.0
52,72203,0.0
52,72204,0.0
52,72205,0.0
52,72206,0.0
52,72207,0.0
52,72208,0.0
52,72209,0.0
52,72210,0.0
52,72211,0.0
52,72212,0.0
52,72213,0.0
52,72214,0.0
52,72215,0.05467788346475559
52,72216,0.1993341415998837
52,72217,0.13823452285116575
52,72218,0.1524098286098477
52,72219,0.24411333713176095
52,72220,0.4390573851204812
52,72221,0.31055196891792186
52,72222,0.7010684009695285
52,72223,0.5478076196576639
52,72224,0.341170981226937
52,72225,0.22836768995341544
52,72226,0.7375376477623027
52,72227,0.42194733014346375
52,72228,0.07500350442380015
52,72229,0.2851055661841413
52,72230,0.2559146876782386
52,72231,0.22085995015702892
52,72232,0.4388267292879991
52,72233,0.09202041776398986
52,72234,0.11371905450500305
52,72235,0.12037216710612775
52,72236,0.08549194154855304
52,72237,0.02131844519604589
52,72238,0.0
52,72239,0.0
52,72240,0.0
52,72241,0.0
52,72242,0.0
52,72243,0.0
52,72244,0.0
52,72245,0.0
52,72246,0.0
52,72247,0.0
52,72248,0.0
52,72301,0.0
52,72302,0.0
52,72303,0.0
52,72304,0.0
52,72305,0.0
52,72306,0.0
52,72307,0.0
52,72308,0.0
52,72309,0.0
52,72310,0.0
52,72311,0.0
52,72312,0.0
52,72313,0.0
52,72314,0.0
52,72315,0.02854498772234043
52,72316,0.02967819158111146
52,72317,0.16712245137200946
52,72318,0.32018477758460634
52,72319,0.5137715461453378
52,72320,0.4619719535036385
52,72321,0.6342259452398609
52,72322,0.2108106578366609
52,72323,0.3101392474439187
52,72324,0.22857663164323314
52,72325,0.7938165968150952
52,72326,0.2701785212660234
52,72327,0.4832229852151285
52,72328,0.9705579617613659
52,72329,0.5011481905696599
52,72330,0.3193836646445324
52,72331,0.20294576241145393
52,72332,0.2215436725429528
52,72333,0.2612950453354844
52,72334,0.2564783557805276
52,72335,0.01482566688969848
52,72336,0.009218332796322242
52,72337,0.0
52,72338,0.027311788308860604
52,72339,0.0
52,72340,0.0
52,72341,0.0
52,72342,0.0
52,72343,0.0
52,72344,0.0
52,72345,0.0
52,72346,0.0
52,72347,0.0
52,72348,0.0
52,72401,0.0
52,72402,0.0
52,72403,0.0
52,72404,0.0
52,72405,0.0
52,72406,0.0
52,72407,0.0
52,72408,0.0
52,72409,0.0
52,72410,0.0
52,72411,0.0
52,72412,0.0
52,72413,0.0
52,72414,0.0
52,72415,0.017776576618873993
52,72416,0.06602780613630717
52,72417,0.24135953825272882
52,72418,0.3002334923379143
52,72419,0.5187543109476394
52,72420,0.6826555179263669
52,72421,0.6561453920971576
52,72422,0.6614349132441393
52,72423,0.6133039282157418
52,72424,0.7364815746528371
52,72425,0.2584620341768592
52,72426,1.0458484967674304
52,72427,0.4672969533026255
52,72428,1.0938138362128873
52,72429,0.7077843289360362
52,72430,0.6261675857651502
52,72431,0.4283038868181716
52,72432,0.1902472393179421
52,72433,0.3370332682500328
52,72434,0.12162127913310948
52,72435,0.011724527499394788
52,72436,0.013249271311697912
52,72437,0.0
52,72438,0.0
52,72439,0.0
52,72440,0.0
52,72441,0.0
52,72442,0.0
52,72443,0.0
52,72444,0.0
52,72445,0.0
52,72446,0.0
52,72447,0.0
52,72448,0.0
52,72501,0.0
52,72502,0.0
52,72503,0.0
52,72504,0.0
52,72505,0.0
52,72506,0.0
52,72507,0.0
52,72508,0.0
52,72509,0.0
52,72510,0.0
52,72511,0.0
52,72512,0.0
52,72513,0.0
52,72514,0.0
52,72515,0.0
52,72516,0.0
52,72517,0.0
52,72518,0.0
52,72519,0.007969965304271819
52,72520,0.03295412508378515
52,72521,0.029395854512381234
52,72522,0.01576459400633756
52,72523,0.07372041636930254
52,72524,0.052096498313642825
52,72525,0.11277869901350271
52,72526,0.11907202640819348
52,72527,0.10226331068274418
52,72528,0.16663584286276814
52,72529,0.1687248815179126
52,72530,0.09247867474681394
52,72531,0.1919059600270056
52,72532,0.13282394932370467
52,72533,0.09639080231973035
52,72534,0.07032181343335757
52,72535,0.012360331045704257
52,72536,0.022216553168609068
52,72537,0.021940148201473744
52,72538,0.0
52,72539,0.0
52,72540,0.0
52,72541,0.0
52,72542,0.0
52,72543,0.0
52,72544,0.0
52,72545,0.0
52,72546,0.0
52,72547,0.0
52,72548,0.0
52,72601,0.0
52,72602,0.0
52,72603,0.0
52,72604,0.0
52,72605,0.0
52,72606,0.0
52,72607,0.0
52,72608,0.0
52,72609,0.0
52,72610,0.0
52,72611,0.0
52,72612,0.0
52,72613,0.0
52,72614,0.0
52,72615,0.0
52,72616,0.014098946689366228
52,72617,0.07885494255914653
52,72618,0.03749372623162615
52,72619,0.33722967999459214
52,72620,0.19854096382718223
52,72621,0.23699723964759878
52,72622,0.16678953754968684
52,72623,0.14675628374072233
52,72624,0.5949065484725241
52,72625,0.7591397491461542
52,72626,0.9612124573516451
52,72627,0.5809607508933046
52,72628,0.8465475908918834
52,72629,0.622433539547494
52,72630,0.4737856870640003
52,72631,0.16941408875313366
52,72632,0.6639332541803173
52,72633,0.26982945297301586
52,72634,0.2524246404017166
52,72635,0.10565063820508909
52,72636,0.045860706709593246
52,72637,0.012294354632080602
52,72638,0.0
52,72639,0.0
52,72640,0.0
52,72641,0.0
52,72642,0.0
52,72643,0.0
52,72644,0.0
52,72645,0.0
52,72646,0.0
52,72647,0.0
52,72648,0.0
52,72701,0.0
52,72702,0.0
52,72703,0.0
52,72704,0.0
52,72705,0.0
52,72706,0.0
52,72707,0.0
52,72708,0.0
52,72709,0.0
52,72710,0.0
52,72711,0.0
52,72712,0.0
52,72713,0.0
52,72714,0.0
52,72715,0.0
52,72716,0.02399154412750234
52,72717,0.06235323779742835
52,72718,0.07362403260331916
52,72719,0.09500144946322596
52,72720,0.22583855599565605
52,72721,0.33540786821995666
52,72722,1.0375724273676081
52,72723,0.46508368039232717
52,72724,0.801202152599326
52,72725,0.28509485224650055
52,72726,0.2957556894534272
52,72727,0.5887784960654026
52,72728,0.09517709636877135
52,72729,0.1864704205180646
52,72730,0.2575534904655611
52,72731,0.3135501591332684
52,72732,0.15220223079189568
52,72733,0.18595404592608128
52,72734,0.15693726501302263
52,72735,0.03058160496730466
52,72736,0.009727135904970825
52,72737,0.02836947478518863
52,72738,0.0
52,72739,0.0
52,72740,0.0
52,72741,0.0
52,72742,0.0
52,72743,0.0
52,72744,0.0
52,72745,0.0
52,72746,0.0
52,72747,0.0
52,72748,0.0
52,72801,0.0
52,72802,0.0
52,72803,0.0
52,72804,0.0
52,72805,0.0
52,72806,0.0
52,72807,0.0
52,72808,0.0
52,72809,0.0
52,72810,0.0
52,72811,0.0
52,72812,0.0
52,72813,0.0
52,72814,0.0
52,72815,0.0
52,72816,0.04804964778108592
52,72817,0.15546113717930982
52,72818,0.2261559904604952
52,72819,0.14046651981202737
52,72820,0.29762738184882565
52,72821,0.7518583056215237
52,72822,0.4551069775453136
52,72823,0.7031585696850198
52,72824,0.42386880313580694
52,72825,0.23004713092099516
52,72826,0.4627504814413355
52,72827,0.3676861617992031
52,72828,0.3939469378055841
52,72829,0.19472514550317505
52,72830,0.110374991971824
52,72831,0.269872705496833
52,72832,0.3478840996383731
52,72833,0.2691034118736632
52,72834,0.1284033148815866
52,72835,0.16383854949329435
52,72836,0.08682108992692147
52,72837,0.010835147409764686
52,72838,0.0
52,72839,0.0
52,72840,0.0
52,72841,0.0
52,72842,0.0
52,72843,0.0
52,72844,0.0
52,72845,0.0
52,72846,0.0
52,72847,0.0
52,72848,0.0
52,72901,0.0
52,72902,0.0
52,72903,0.0
52,72904,0.0
52,72905,0.0
52,72906,0.0
52,72907,0.0
52,72908,0.0
52,72909,0.0
52,72910,0.0
52,72911,0.0
52,72912,0.0
52,72913,0.0
52,72914,0.0
52,72915,0.0
52,72916,0.029655622912186312
52,72917,0.056485524830639844
52,72918,0.07386064035109484
52,72919,0.1624346157485785
52,72920,0.11405533431272905
52,72921,0.1774584812229031
52,72922,0.2860223447295799
52,72923,0.4136562009424458
52,72924,0.4392625084940411
52,72925,0.20100795941609909
52,72926,0.45957084359924394
52,72927,0.46148871461722124
52,72928,0.32265572217331495
52,72929,0.7432933558471875
52,72930,0.4700671994270366
52,72931,0.4613783821564177
52,72932,0.423175852539671
52,72933,0.20637984971180443
52,72934,0.16368038077065467
52,72935,0.16260222469001093
52,72936,0.10318193559835734
52,72937,0.04452695144331278
52,72938,0.0
52,72939,0.0
52,72940,0.0
52,72941,0.0
52,72942,0.0
52,72943,0.0
52,72944,0.0
52,72945,0.0
52,72946,0.0
52,72947,0.0
52,72948,0.0
52,73001,0.0
52,73002,0.0
52,73003,0.0
52,73004,0.0
52,73005,0.0
52,73006,0.0
52,73007,0.0
52,73008,0.0
52,73009,0.0
52,73010,0.0
52,73011,0.0
52,73012,0.0
52,73013,0.0
52,73014,0.0
52,73015,0.0
52,73016,0.0
52,73017,0.0
52,73018,0.07802561995410537
52,73019,0.1164159781743478
52,73020,0.13424792947901065
52,73021,0.11782375404598965
52,73022,0.14582228580242923
52,73023,0.1572662919826101
52,73024,0.1815767454462373
52,73025,0.20720771252118042
52,73026,0.06768269332457887
52,73027,0.33910143373550744
52,73028,0.1566554814800146
52,73029,0.15398200215044322
52,73030,0.15375920142337576
52,73031,0.0837170686276746
52,73032,0.3613021084190862
52,73033,0.1284761571993762
52,73034,0.06700042412905499
52,73035,0.05104374686120565
52,73036,0.029754644945388008
52,73037,0.0
52,73038,0.0
52,73039,0.0
52,73040,0.0
52,73041,0.0
52,73042,0.0
52,73043,0.0
52,73044,0.0
52,73045,0.0
52,73046,0.0
52,73047,0.0
52,73048,0.0
52,73101,0.0
52,73102,0.0
52,73103,0.0
52,73104,0.0
52,73105,0.0
52,73106,0.0
52,73107,0.0
52,73108,0.0
52,73109,0.0
52,73110,0.0
52,73111,0.0
52,73112,0.0
52,73113,0.0
52,73114,0.0
52,73115,0.0
52,73116,0.06987369157764044
52,73117,0.03304189135872666
52,73118,0.5350290546536985
52,73119,0.679744381482854
52,73120,0.5751364943467079
52,73121,0.3161060105781125
52,73122,0.8166023766481525
52,73123,0.4776531637067417
52,73124,0.9479771123087501
52,73125,0.9937183715908081
52,73126,0.15791568547875032
52,73127,0.11823076050791448
52,73128,0.2889677366254731
52,73129,0.7272242261139711
52,73130,0.6890570441860574
52,73131,0.8082520669468372
52,73132,0.6905395790449339
52,73133,0.1824841149141749
52,73134,0.060927558251427684
52,73135,0.029016195960613247
52,73136,0.009797735182296067
52,73137,0.0
52,73138,0.0
52,73139,0.0
52,73140,0.0
52,73141,0.0
52,73142,0.0
52,73143,0.0
52,73144,0.0
52,73145,0.0
52,73146,0.0
52,73147,0.0
52,73148,0.0
52,73201,0.0
52,73202,0.0
52,73203,0.0
52,73204,0.0
52,73205,0.0
52,73206,0.0
52,73207,0.0
52,73208,0.0
52,73209,0.0
52,73210,0.0
52,73211,0.0
52,73212,0.0
52,73213,0.0
52,73214,0.0
52,73215,0.01736171107775015
52,73216,0.09619787655899847
52,73217,0.08435612563235001
52,73218,0.3668661745980289
52,73219,0.5788799578950578
52,73220,0.4113819460360349
52,73221,0.21138639723802935
52,73222,0.8408099572445779
52,73223,0.41346970819652556
52,73224,1.1913216417836716
52,73225,1.2692846569860843
52,73226,0.9192763216868548
52,73227,1.219206615421723
52,73228,0.9234822246188137
52,73229,0.2612387264698335
52,73230,0.4415579511497347
52,73231,0.3931788679241939
52,73232,0.5065219063626226
52,73233,0.4256507111124171
52,73234,0.1348805121536804
52,73235,0.008112498873847525
52,73236,0.007329357410566235
52,73237,0.024064515988435203
52,73238,0.0
52,73239,0.0
52,73240,0.0
52,73241,0.0
52,73242,0.0
52,73243,0.0
52,73244,0.0
52,73245,0.0
52,73246,0.0
52,73247,0.0
52,73248,0.0
52,73301,0.0
52,73302,0.0
52,73303,0.0
52,73304,0.0
52,73305,0.0
52,73306,0.0
52,73307,0.0
52,73308,0.0
52,73309,0.0
52,73310,0.0
52,73311,0.0
52,73312,0.0
52,73313,0.0
52,73314,0.0
52,73315,0.020294367905816974
52,73316,0.05612141989908551
52,73317,0.43303133134300137
52,73318,0.15814078252721697
52,73319,0.19373315395658014
52,73320,0.898587629439166
52,73321,0.7509978155073387
52,73322,0.6746648653470612
52,73323,0.9356674795935703
52,73324,0.8003883745240092
52,73325,0.3962204382829541
52,73326,0.44265447879634034
52,73327,0.453395144838019
52,73328,0.6034902733993042
52,73329,0.34390931012929504
52,73330,0.6775742769907458
52,73331,0.21706161580837127
52,73332,0.6169807222629997
52,73333,0.07149344093396422
52,73334,0.1650787211638805
52,73335,0.1158610041256551
52,73336,0.07811349839156792
52,73337,0.025960706213259514
52,73338,0.0
52,73339,0.0
52,73340,0.0
52,73341,0.0
52,73342,0.0
52,73343,0.0
52,73344,0.0
52,73345,0.0
52,73346,0.0
52,73347,0.0
52,73348,0.0
52,73401,0.0
52,73402,0.0
52,73403,0.0
52,73404,0.0
52,73405,0.0
52,73406,0.0
52,73407,0.0
52,73408,0.0
52,73409,0.0
52,73410,0.0
52,73411,0.0
52,73412,0.0
52,73413,0.0
52,73414,0.0
52,73415,0.0
52,73416,0.018467482406314743
52,73417,0.03371983355480004
52,73418,0.2134946119653384
52,73419,0.5258896885452669
52,73420,0.11683976995921674
52,73421,0.17524686163037814
52,73422,0.5484185500125015
52,73423,0.4472278431140428
52,73424,0.4656361476879992
52,73425,0.2655011267065521
52,73426,0.18863920587136843
52,73427,0.17628306028473856
52,73428,0.1721949208094734
52,73429,0.41012958768645824
52,73430,0.5173983936610487
52,73431,0.8947793506348306
52,73432,0.17974575560434883
52,73433,0.039247723132770765
52,73434,0.023202109701807253
52,73435,0.07066974216759128
52,73436,0.03250318084003528
52,73437,0.008649339580719523
52,73438,0.0
52,73439,0.0
52,73440,0.0
52,73441,0.0
52,73442,0.0
52,73443,0.0
52,73444,0.0
52,73445,0.0
52,73446,0.0
52,73447,0.0
52,73448,0.0
52,73501,0.0
52,73502,0.0
52,73503,0.0
52,73504,0.0
52,73505,0.0
52,73506,0.0
52,73507,0.0
52,73508,0.0
52,73509,0.0
52,73510,0.0
52,73511,0.0
52,73512,0.0
52,73513,0.0
52,73514,0.0
52,73515,0.019836911278919254
52,73516,0.1021574961691529
52,73517,0.0939409248851441
52,73518,0.11159475766263835
52,73519,0.39616079489198636
52,73520,0.2101363588005564
52,73521,0.7754805585888898
52,73522,0.3067646626838213
52,73523,0.37198145657411236
52,73524,0.7784628212309332
52,73525,0.3598036196277686
52,73526,0.6544426375259759
52,73527,0.888109189885411
52,73528,0.6149424777326155
52,73529,0.5155404158069338
52,73530,0.7432855622077637
52,73531,0.38174266481722086
52,73532,0.6717774234419511
52,73533,0.12069791203276867
52,73534,0.11921526814641255
52,73535,0.020741738847666058
52,73536,0.011380919723407996
52,73537,0.014285188417198951
52,73538,0.0
52,73539,0.0
52,73540,0.0
52,73541,0.0
52,73542,0.0
52,73543,0.0
52,73544,0.0
52,73545,0.0
52,73546,0.0
52,73547,0.0
52,73548,0.0
52,73601,0.0
52,73602,0.0
52,73603,0.0
52,73604,0.0
52,73605,0.0
52,73606,0.0
52,73607,0.0
52,73608,0.0
52,73609,0.0
52,73610,0.0
52,73611,0.0
52,73612,0.0
52,73613,0.0
52,73614,0.0
52,73615,0.0
52,73616,0.00993102359039359
52,73617,0.08856405526988419
52,73618,0.14906461141237512
52,73619,0.4104277502032303
52,73620,0.20728769862464116
52,73621,0.44841840816630896
52,73622,0.34918517695231277
52,73623,0.5757964662904002
52,73624,0.6833936694435471
52,73625,0.7369430211139816
52,73626,0.4053401358730057
52,73627,0.7244127339061502
52,73628,0.988346601281774
52,73629,0.73219359578725
52,73630,0.3021411968832551
52,73631,0.5159482011707466
52,73632,0.48207011161466334
52,73633,0.5111111673300485
52,73634,0.11148404295946686
52,73635,0.06663573289974749
52,73636,0.015876115782955467
52,73637,0.006935094811764213
52,73638,0.0
52,73639,0.0
52,73640,0.0
52,73641,0.0
52,73642,0.0
52,73643,0.0
52,73644,0.0
52,73645,0.0
52,73646,0.0
52,73647,0.0
52,73648,0.0
52,73701,0.0
52,73702,0.0
52,73703,0.0
52,73704,0.0
52,73705,0.0
52,73706,0.0
52,73707,0.0
52,73708,0.0
52,73709,0.0
52,73710,0.0
52,73711,0.0
52,73712,0.0
52,73713,0.0
52,73714,0.0
52,73715,0.005013633076206355
52,73716,0.14479408402410102
52,73717,0.10686742835590064
52,73718,0.44900819041407075
52,73719,0.1313138499665622
52,73720,0.274040385159749
52,73721,0.9388750620906429
52,73722,0.7484688893737597
52,73723,1.0055788864685935
52,73724,0.330786091349461
52,73725,0.6508852417123407
52,73726,0.22689442538797883
52,73727,0.28645282632407076
52,73728,0.8611654562251551
52,73729,1.0015475179546276
52,73730,0.30195970009457335
52,73731,0.20407953427872727
52,73732,0.2450084721697038
52,73733,0.0994588206030938
52,73734,0.08745160279583875
52,73735,0.0
52,73736,0.0
52,73737,0.0
52,73738,0.0
52,73739,0.0
52,73740,0.0
52,73741,0.0
52,73742,0.0
52,73743,0.0
52,73744,0.0
52,73745,0.0
52,73746,0.0
52,73747,0.0
52,73748,0.0
52,73801,0.0
52,73802,0.0
52,73803,0.0
52,73804,0.0
52,73805,0.0
52,73806,0.0
52,73807,0.0
52,73808,0.0
52,73809,0.0
52,73810,0.0
52,73811,0.0
52,73812,0.0
52,73813,0.0
52,73814,0.0
52,73815,0.010157317478428438
52,73816,0.05458663018534463
52,73817,0.1820159811999327
52,73818,0.395895272436503
52,73819,0.32573718495804976
52,73820,0.2035396459763049
52,73821,0.5427337336089739
52,73822,0.875126920394553
52,73823,0.4410334653370863
52,73824,0.24057229851607423
52,73825,0.651525570890239
52,73826,0.7459845122018363
52,73827,0.5603483272572859
52,73828,0.5875322422312
52,73829,0.7312400997410382
52,73830,0.17021876636498032
52,73831,0.22711974175701113
52,73832,0.13546065286278441
52,73833,0.21128304279992083
52,73834,0.10985358941182209
52,73835,0.0831790813674421
52,73836,0.06752056183090299
52,73837,0.0
52,73838,0.0
52,73839,0.0
52,73840,0.0
52,73841,0.0
52,73842,0.0
52,73843,0.0
52,73844,0.0
52,73845,0.0
52,73846,0.0
52,73847,0.0
52,73848,0.0
52,73901,0.0
52,73902,0.0
52,73903,0.0
52,73904,0.0
52,73905,0.0
52,73906,0.0
52,73907,0.0
52,73908,0.0
52,73909,0.0
52,73910,0.0
52,73911,0.0
52,73912,0.0
52,73913,0.0
52,73914,0.0
52,73915,0.022494450671500577
52,73916,0.1330196380357248
52,73917,0.3835765168961357
52,73918,0.1879899073395412
52,73919,0.4425150417351371
52,73920,0.3690793798789631
52,73921,0.5897844789542014
52,73922,0.2747121064235204
52,73923,0.6462661951962604
52,73924,0.36083774397186086
52,73925,0.9868319364317452
52,73926,0.7291063888346146
52,73927,0.16435027313618802
52,73928,0.34176379631758824
52,73929,0.5060542146829659
52,73930,0.7301620727694267
52,73931,0.24062552428352565
52,73932,0.3546828023030729
52,73933,0.4101379417458677
52,73934,0.0719515932330796
52,73935,0.029714673614693998
52,73936,0.0
52,73937,0.010921869539491477
52,73938,0.0
52,73939,0.0
52,73940,0.0
52,73941,0.0
52,73942,0.0
52,73943,0.0
52,73944,0.0
52,73945,0.0
52,73946,0.0
52,73947,0.0
52,73948,0.0
52,74001,0.0
52,74002,0.0
52,74003,0.0
52,74004,0.0
52,74005,0.0
52,74006,0.0
52,74007,0.0
52,74008,0.0
52,74009,0.0
52,74010,0.0
52,74011,0.0
52,74012,0.0
52,74013,0.026718613100644106
52,74014,0.17692193773968762
52,74015,0.18956453530188466
52,74016,0.29309484273050534
52,74017,0.4541150305922042
52,74018,0.8499539489370401
52,74019,0.40797991989461846
52,74020,1.0581864909122722
52,74021,0.8779321261202138
52,74022,1.1045598738826956
52,74023,0.8143096510326698
52,74024,0.9175294545737586
52,74025,0.6844371937538674
52,74026,0.7106654676833615
52,74027,0.47927733554602214
52,74028,0.15935314004362072
52,74029,0.5036859001906937
52,74030,0.6644946305857587
52,74031,0.2585395937418989
52,74032,0.07590451833869975
52,74033,0.013699033587842937
52,74034,0.0074806714923943505
52,74035,0.0
52,74036,0.0
52,74037,0.0
52,74038,0.0
52,74039,0.0
52,74040,0.0
52,74041,0.0
52,74042,0.0
52,74043,0.0
52,74044,0.0
52,74045,0.0
52,74046,0.0
52,74047,0.0
52,74048,0.0
52,74101,0.0
52,74102,0.0
52,74103,0.0
52,74104,0.0
52,74105,0.0
52,74106,0.0
52,74107,0.0
52,74108,0.0
52,74109,0.0
52,74110,0.0
52,74111,0.0
52,74112,0.0
52,74113,0.006182315792994746
52,74114,0.012468015337778303
52,74115,0.10556970742323236
52,74116,0.37093807977352056
52,74117,0.4923482842680765
52,74118,0.3930967789987603
52,74119,0.16760012705000313
52,74120,0.11810288333380363
52,74121,0.4599005560776652
52,74122,0.7780411423545822
52,74123,0.884424670444225
52,74124,0.8254012581202512
52,74125,0.7167905110997436
52,74126,0.6071096561577557
52,74127,0.24878661164214114
52,74128,0.4091044332382371
52,74129,0.6894282763644536
52,74130,0.39937038623490567
52,74131,0.36958969830906485
52,74132,0.042756139487407474
52,74133,0.02342488337614525
52,74134,0.010449868747625933
52,74135,0.0
52,74136,0.0
52,74137,0.0
52,74138,0.0
52,74139,0.0
52,74140,0.0
52,74141,0.0
52,74142,0.0
52,74143,0.0
52,74144,0.0
52,74145,0.0
52,74146,0.0
52,74147,0.0
52,74148,0.0
52,74201,0.0
52,74202,0.0
52,74203,0.0
52,74204,0.0
52,74205,0.0
52,74206,0.0
52,74207,0.0
52,74208,0.0
52,74209,0.0
52,74210,0.0
52,74211,0.0
52,74212,0.0
52,74213,0.006376418761294745
52,74214,0.17848963670367127
52,74215,0.23456341639641334
52,74216,0.3082643151515777
52,74217,0.2136425233537279
52,74218,0.23869178172345276
52,74219,0.8031558716913522
52,74220,0.5337830036134201
52,74221,0.6355823511442932
52,74222,0.40436037166602123
52,74223,1.1367200116436136
52,74224,0.5693926373077123
52,74225,0.6390348539700336
52,74226,0.5572924718592414
52,74227,0.47792308084246093
52,74228,0.17186707119471537
52,74229,0.7501121722502996
52,74230,0.4552262189861112
52,74231,0.22682278657904706
52,74232,0.023057214087476997
52,74233,0.024818782785708444
52,74234,0.02070068110830934
52,74235,0.0
52,74236,0.0
52,74237,0.0
52,74238,0.0
52,74239,0.0
52,74240,0.0
52,74241,0.0
52,74242,0.0
52,74243,0.0
52,74244,0.0
52,74245,0.0
52,74246,0.0
52,74247,0.0
52,74248,0.0
52,74301,0.0
52,74302,0.0
52,74303,0.0
52,74304,0.0
52,74305,0.0
52,74306,0.0
52,74307,0.0
52,74308,0.0
52,74309,0.0
52,74310,0.0
52,74311,0.0
52,74312,0.0
52,74313,0.01618083226760936
52,74314,0.09921694137654026
52,74315,0.26094076431686475
52,74316,0.2521523700904595
52,74317,0.540761556308523
52,74318,0.7615956625045947
52,74319,0.7194532934603015
52,74320,0.9516043977506268
52,74321,0.9565701527992417
52,74322,0.2931366023758003
52,74323,0.8442652190670471
52,74324,0.46742332752220156
52,74325,0.5234283038643991
52,74326,0.35673027774246713
52,74327,0.7709660359987417
52,74328,0.4465158738950121
52,74329,0.2734501360532296
52,74330,0.322321760682265
52,74331,0.2498467027965632
52,74332,0.055480356504027654
52,74333,0.02251867769401913
52,74334,0.00696060266201043
52,74335,0.0
52,74336,0.0
52,74337,0.0
52,74338,0.0
52,74339,0.0
52,74340,0.0
52,74341,0.0
52,74342,0.0
52,74343,0.0
52,74344,0.0
52,74345,0.0
52,74346,0.0
52,74347,0.0
52,74348,0.0
52,74401,0.0
52,74402,0.0
52,74403,0.0
52,74404,0.0
52,74405,0.0
52,74406,0.0
52,74407,0.0
52,74408,0.0
52,74409,0.0
52,74410,0.0
52,74411,0.0
52,74412,0.0
52,74413,0.026963693453407395
52,74414,0.12308578344564299
52,74415,0.21057943329619574
52,74416,0.3745117851335811
52,74417,0.395373443259641
52,74418,0.7086162457407099
52,74419,0.29485129960763984
52,74420,0.28767959532187143
52,74421,0.991035484699754
52,74422,0.6394144037707103
52,74423,0.7392627808353147
52,74424,1.1179125106437606
52,74425,0.9545460152055606
52,74426,1.0047239794316256
52,74427,0.18958334289748902
52,74428,0.7067648297677579
52,74429,0.32975162802770447
52,74430,0.39349002166154906
52,74431,0.16863237819646834
52,74432,0.1288646038696041
52,74433,0.11915911404674592
52,74434,0.026860178674939467
52,74435,0.017039399947598687
52,74436,0.0
52,74437,0.0
52,74438,0.0
52,74439,0.0
52,74440,0.0
52,74441,0.0
52,74442,0.0
52,74443,0.0
52,74444,0.0
52,74445,0.0
52,74446,0.0
52,74447,0.0
52,74448,0.0
52,74501,0.0
52,74502,0.0
52,74503,0.0
52,74504,0.0
52,74505,0.0
52,74506,0.0
52,74507,0.0
52,74508,0.0
52,74509,0.0
52,74510,0.0
52,74511,0.0
52,74512,0.0
52,74513,0.0203590450510863
52,74514,0.11587443523258828
52,74515,0.09890358563805295
52,74516,0.36500970836697766
52,74517,0.48812614271059457
52,74518,0.4111504824436252
52,74519,0.6175511182849124
52,74520,0.23986872284532154
52,74521,0.7565031903982002
52,74522,0.5852148018146655
52,74523,0.23369079994478542
52,74524,0.7500480702963173
52,74525,0.38121654352032397
52,74526,0.9270266410641947
52,74527,0.7497784820894772
52,74528,0.706798129989212
52,74529,0.7088555054462135
52,74530,0.6723371252796584
52,74531,0.37472364354606996
52,74532,0.03027947728209636
52,74533,0.027719823542034217
52,74534,0.02445236549786551
52,74535,0.0
52,74536,0.0
52,74537,0.0
52,74538,0.0
52,74539,0.0
52,74540,0.0
52,74541,0.0
52,74542,0.0
52,74543,0.0
52,74544,0.0
52,74545,0.0
52,74546,0.0
52,74547,0.0
52,74548,0.0
52,74601,0.0
52,74602,0.0
52,74603,0.0
52,74604,0.0
52,74605,0.0
52,74606,0.0
52,74607,0.0
52,74608,0.0
52,74609,0.0
52,74610,0.0
52,74611,0.0
52,74612,0.0
52,74613,0.0
52,74614,0.018962942583232504
52,74615,0.11827042306192215
52,74616,0.252987421567802
52,74617,0.16062083029809937
52,74618,0.1762265822107121
52,74619,0.2672697797766653
52,74620,0.32434222132934337
52,74621,0.6676700051179585
52,74622,0.5753086965126971
52,74623,0.36127789858149667
52,74624,0.3126808532388253
52,74625,0.8386091820448603
52,74626,0.5454847742326021
52,74627,0.8226660008177469
52,74628,0.193899990823968
52,74629,0.25245208093240745
52,74630,0.12958810025664913
52,74631,0.21024810117631548
52,74632,0.12323892295429685
52,74633,0.09822792121459184
52,74634,0.05636554612191365
52,74635,0.0
52,74636,0.0
52,74637,0.0
52,74638,0.0
52,74639,0.0
52,74640,0.0
52,74641,0.0
52,74642,0.0
52,74643,0.0
52,74644,0.0
52,74645,0.0
52,74646,0.0
52,74647,0.0
52,74648,0.0
52,74701,0.0
52,74702,0.0
52,74703,0.0
52,74704,0.0
52,74705,0.0
52,74706,0.0
52,74707,0.0
52,74708,0.0
52,74709,0.0
52,74710,0.0
52,74711,0.0
52,74712,0.0
52,74713,0.0
52,74714,0.0
52,74715,0.01682836303353938
52,74716,0.08297434996565546
52,74717,0.16327410771727405
52,74718,0.02396801481581004
52,74719,0.09072890084310554
52,74720,0.09554336659988145
52,74721,0.4608676616827178
52,74722,0.1803344575948902
52,74723,0.3241650717159729
52,74724,0.24666455031071577
52,74725,0.27856431050120195
52,74726,0.38882274755792706
52,74727,0.26783535610330705
52,74728,0.38637598713899407
52,74729,0.4560488385563938
52,74730,0.4655355528179419
52,74731,0.13436198364978638
52,74732,0.16704048050850825
52,74733,0.0587989702442243
52,74734,0.006665862629770009
52,74735,0.0
52,74736,0.0
52,74737,0.0
52,74738,0.0
52,74739,0.0
52,74740,0.0
52,74741,0.0
52,74742,0.0
52,74743,0.0
52,74744,0.0
52,74745,0.0
52,74746,0.0
52,74747,0.0
52,74748,0.0
52,74801,0.0
52,74802,0.0
52,74803,0.0
52,74804,0.0
52,74805,0.0
52,74806,0.0
52,74807,0.0
52,74808,0.0
52,74809,0.0
52,74810,0.0
52,74811,0.0
52,74812,0.0
52,74813,0.0
52,74814,0.183123944566866
52,74815,0.18742168925890257
52,74816,0.47168714733651174
52,74817,0.26329070718416364
52,74818,0.5309528559648861
52,74819,0.9086127777304677
52,74820,1.0447143705592605
52,74821,0.6638312740893678
52,74822,0.8685468429597107
52,74823,1.1569150040333014
52,74824,0.26875899755008764
52,74825,1.1178522214390596
52,74826,0.28216921941957146
52,74827,0.8041826347087078
52,74828,0.5214223239594854
52,74829,0.5062360668324776
52,74830,0.4024257797527653
52,74831,0.2220875961493094
52,74832,0.01324573053139208
52,74833,0.016311462603159403
52,74834,0.005408390377550627
52,74835,0.0
52,74836,0.0
52,74837,0.0
52,74838,0.0
52,74839,0.0
52,74840,0.0
52,74841,0.0
52,74842,0.0
52,74843,0.0
52,74844,0.0
52,74845,0.0
52,74846,0.0
52,74847,0.0
52,74848,0.0
52,74901,0.0
52,74902,0.0
52,74903,0.0
52,74904,0.0
52,74905,0.0
52,74906,0.0
52,74907,0.0
52,74908,0.0
52,74909,0.0
52,74910,0.0
52,74911,0.0
52,74912,0.0
52,74913,0.0
52,74914,0.03750786526574444
52,74915,0.14455541489706153
52,74916,0.1548858347952832
52,74917,0.6100798322882766
52,74918,0.8668264241199651
52,74919,0.8475807014677184
52,74920,0.49462799080549014
52,74921,1.0746167306463692
52,74922,0.7300660160873554
52,74923,0.894695894177411
52,74924,0.4074403016829519
52,74925,0.948312909184407
52,74926,0.8234259481767037
52,74927,0.4437100415936632
52,74928,0.4791362470277401
52,74929,0.11978035054606535
52,74930,0.19446735928318765
52,74931,0.1319334971847359
52,74932,0.04327826877401916
52,74933,0.03563921295864773
52,74934,0.08025082030603035
52,74935,0.0
52,74936,0.0
52,74937,0.0
52,74938,0.0
52,74939,0.0
52,74940,0.0
52,74941,0.0
52,74942,0.0
52,74943,0.0
52,74944,0.0
52,74945,0.0
52,74946,0.0
52,74947,0.0
52,74948,0.0
52,75001,0.0
52,75002,0.0
52,75003,0.0
52,75004,0.0
52,75005,0.0
52,75006,0.0
52,75007,0.0
52,75008,0.0
52,75009,0.0
52,75010,0.0
52,75011,0.0
52,75012,0.0
52,75013,0.0
52,75014,0.0
52,75015,0.04369661989945552
52,75016,0.05816914157624188
52,75017,0.13786447499453947
52,75018,0.2654622664268029
52,75019,0.1272884844844954
52,75020,0.14427599629455765
52,75021,0.14487873394705075
52,75022,0.4178622243103251
52,75023,0.18672018600470086
52,75024,0.6541067282119655
52,75025,0.3922693938957463
52,75026,0.16026754584871558
52,75027,0.19610537535642827
52,75028,0.2405781590753278
52,75029,0.3076385462673661
52,75030,0.16227758947976767
52,75031,0.20039058312254024
52,75032,0.0455713843022164
52,75033,0.04077398518773419
52,75034,0.09409700046012137
52,75035,0.0
52,75036,0.0
52,75037,0.0
52,75038,0.0
52,75039,0.0
52,75040,0.0
52,75041,0.0
52,75042,0.0
52,75043,0.0
52,75044,0.0
52,75045,0.0
52,75046,0.0
52,75047,0.0
52,75048,0.0
52,75101,0.0
52,75102,0.0
52,75103,0.0
52,75104,0.0
52,75105,0.0
52,75106,0.0
52,75107,0.0
52,75108,0.0
52,75109,0.0
52,75110,0.0
52,75111,0.0
52,75112,0.0
52,75113,0.0
52,75114,0.0881632007719531
52,75115,0.1247015724203126
52,75116,0.49760965745385854
52,75117,0.303888465924152
52,75118,0.2850587001764677
52,75119,0.20133177085415052
52,75120,0.37487634741893106
52,75121,0.555152108266558
52,75122,0.4369337795673806
52,75123,0.3250094800146842
52,75124,0.6047418234069636
52,75125,0.5169467013996921
52,75126,0.9006751768135896
52,75127,0.34714853733971185
52,75128,0.22399117738376217
52,75129,0.2551483565619368
52,75130,0.3784882826986996
52,75131,0.09705995816531023
52,75132,0.08425600389583907
52,75133,0.0689552336243453
52,75134,0.03178185033328553
52,75135,0.025703384028404802
52,75136,0.0
52,75137,0.0
52,75138,0.0
52,75139,0.0
52,75140,0.0
52,75141,0.0
52,75142,0.0
52,75143,0.0
52,75144,0.0
52,75145,0.0
52,75146,0.0
52,75147,0.0
52,75148,0.0
52,75201,0.0
52,75202,0.0
52,75203,0.0
52,75204,0.0
52,75205,0.0
52,75206,0.0
52,75207,0.0
52,75208,0.0
52,75209,0.0
52,75210,0.0
52,75211,0.0
52,75212,0.0
52,75213,0.0
52,75214,0.09301752066681243
52,75215,0.3085135194594051
52,75216,0.36578745592001416
52,75217,0.18713153345426498
52,75218,0.3720281960254388
52,75219,0.4860478953197921
52,75220,0.20843613839099537
52,75221,0.6834803803919858
52,75222,0.382661278891693
52,75223,0.4056298141569423
52,75224,0.2857232482482915
52,75225,0.5458683022343594
52,75226,0.35167039722997273
52,75227,0.5009422736990751
52,75228,0.15982354459208917
52,75229,0.35695264305804314
52,75230,0.587146511038376
52,75231,0.16335024918311453
52,75232,0.019115436562223725
52,75233,0.008326231524008415
52,75234,0.029280931048682533
52,75235,0.0
52,75236,0.0
52,75237,0.0
52,75238,0.0
52,75239,0.0
52,75240,0.0
52,75241,0.0
52,75242,0.0
52,75243,0.0
52,75244,0.0
52,75245,0.0
52,75246,0.0
52,75247,0.0
52,75248,0.0
52,75301,0.0
52,75302,0.0
52,75303,0.0
52,75304,0.0
52,75305,0.0
52,75306,0.0
52,75307,0.0
52,75308,0.0
52,75309,0.0
52,75310,0.0
52,75311,0.0
52,75312,0.0
52,75313,0.0
52,75314,0.04623205758491306
52,75315,0.275206226525796
52,75316,0.15463964767113772
52,75317,0.372612714221463
52,75318,0.12400668540329368
52,75319,0.6468940981973613
52,75320,0.7817761060290701
52,75321,0.7199486960267178
52,75322,0.6873854534183462
52,75323,1.0095909972966213
52,75324,0.46545605660784306
52,75325,0.8298271043517783
52,75326,1.0179679539962032
52,75327,0.23796814258638477
52,75328,0.4794772983450782
52,75329,0.4572772573475795
52,75330,0.39230125990917464
52,75331,0.050562715138186415
52,75332,0.15130531553090454
52,75333,0.0378543557871757
52,75334,0.028943888533305512
52,75335,0.0
52,75336,0.0
52,75337,0.0
52,75338,0.0
52,75339,0.0
52,75340,0.0
52,75341,0.0
52,75342,0.0
52,75343,0.0
52,75344,0.0
52,75345,0.0
52,75346,0.0
52,75347,0.0
52,75348,0.0
52,75401,0.0
52,75402,0.0
52,75403,0.0
52,75404,0.0
52,75405,0.0
52,75406,0.0
52,75407,0.0
52,75408,0.0
52,75409,0.0
52,75410,0.0
52,75411,0.0
52,75412,0.0
52,75413,0.0
52,75414,0.007013116646913584
52,75415,0.02156496930970134
52,75416,0.11319666288187996
52,75417,0.1138893517379656
52,75418,0.06287645680141453
52,75419,0.20712694879591156
52,75420,0.42687374593181354
52,75421,0.17652958807909308
52,75422,0.4752781470825124
52,75423,0.18657359132891568
52,75424,0.29414177868435215
52,75425,0.3263987941943484
52,75426,0.22699628148322085
52,75427,0.23295366430668848
52,75428,0.16315908508295662
52,75429,0.08507126338922287
52,75430,0.03464738668110311
52,75431,0.13944242885228839
52,75432,0.08752932235793215
52,75433,0.013375704486321248
52,75434,0.022871862903056844
52,75435,0.0
52,75436,0.0
52,75437,0.0
52,75438,0.0
52,75439,0.0
52,75440,0.0
52,75441,0.0
52,75442,0.0
52,75443,0.0
52,75444,0.0
52,75445,0.0
52,75446,0.0
52,75447,0.0
52,75448,0.0
52,75501,0.0
52,75502,0.0
52,75503,0.0
52,75504,0.0
52,75505,0.0
52,75506,0.0
52,75507,0.0
52,75508,0.0
52,75509,0.0
52,75510,0.0
52,75511,0.0
52,75512,0.0
52,75513,0.0
52,75514,0.0
52,75515,0.07902212845373874
52,75516,0.204701649956504
52,75517,0.21314871809065225
52,75518,0.20334434251266542
52,75519,0.10112956055479357
52,75520,0.08139606577656852
52,75521,0.15811298014664474
52,75522,0.21027662361587054
52,75523,0.7941047996162861
52,75524,0.4262345219047915
52,75525,0.30015940116714823
52,75526,0.3158239559100161
52,75527,0.6140949680796205
52,75528,0.36453445820665537
52,75529,0.2385917445678478
52,75530,0.14451512912245396
52,75531,0.20091425048441933
52,75532,0.047662840336760125
52,75533,0.07455302274000822
52,75534,0.011884492044100612
52,75535,0.014328485676460497
52,75536,0.0
52,75537,0.0
52,75538,0.0
52,75539,0.0
52,75540,0.0
52,75541,0.0
52,75542,0.0
52,75543,0.0
52,75544,0.0
52,75545,0.0
52,75546,0.0
52,75547,0.0
52,75548,0.0
52,75601,0.0
52,75602,0.0
52,75603,0.0
52,75604,0.0
52,75605,0.0
52,75606,0.0
52,75607,0.0
52,75608,0.0
52,75609,0.0
52,75610,0.0
52,75611,0.0
52,75612,0.0
52,75613,0.0
52,75614,0.0
52,75615,0.0
52,75616,0.01956084703878336
52,75617,0.09404994009645959
52,75618,0.152091450390562
52,75619,0.05450112640659326
52,75620,0.3058895943998243
52,75621,0.1399749110767915
52,75622,0.05219121084964631
52,75623,0.03993566249169235
52,75624,0.022365315509188858
52,75625,0.0783368737334319
52,75626,0.07491483098641133
52,75627,0.099291798860005
52,75628,0.05335245773000682
52,75629,0.01341773333192816
52,75630,0.013587189021369503
52,75631,0.08563173609122346
52,75632,0.019299988998538593
52,75633,0.0
52,75634,0.0
52,75635,0.0
52,75636,0.0
52,75637,0.0
52,75638,0.0
52,75639,0.0
52,75640,0.0
52,75641,0.0
52,75642,0.0
52,75643,0.0
52,75644,0.0
52,75645,0.0
52,75646,0.0
52,75647,0.0
52,75648,0.0
52,75701,0.0
52,75702,0.0
52,75703,0.0
52,75704,0.0
52,75705,0.0
52,75706,0.0
52,75707,0.0
52,75708,0.0
52,75709,0.0
52,75710,0.0
52,75711,0.0
52,75712,0.0
52,75713,0.0
52,75714,0.0
52,75715,0.0
52,75716,0.05553535380869351
52,75717,0.07386172439618223
52,75718,0.13892561499133102
52,75719,0.10400867631542537
52,75720,0.10950714182716605
52,75721,0.16895385911986874
52,75722,0.015534376050696318
52,75723,0.031085564366430424
52,75724,0.29632690490665736
52,75725,0.17721756243639308
52,75726,0.028712608308580627
52,75727,0.0
52,75728,0.006120976467083732
52,75729,0.02899477854410411
52,75730,0.029317728477587193
52,75731,0.05115050438633327
52,75732,0.06497800584528839
52,75733,0.03242344882042137
52,75734,0.018828751433078456
52,75735,0.0
52,75736,0.0
52,75737,0.0
52,75738,0.0
52,75739,0.0
52,75740,0.0
52,75741,0.0
52,75742,0.0
52,75743,0.0
52,75744,0.0
52,75745,0.0
52,75746,0.0
52,75747,0.0
52,75748,0.0
52,75801,0.0
52,75802,0.0
52,75803,0.0
52,75804,0.0
52,75805,0.0
52,75806,0.0
52,75807,0.0
52,75808,0.0
52,75809,0.0
52,75810,0.0
52,75811,0.0
52,75812,0.0
52,75813,0.0
52,75814,0.0
52,75815,0.05567835521783157
52,75816,0.3400431055757873
52,75817,0.5773662862938496
52,75818,0.3881278677692305
52,75819,0.34374987590872746
52,75820,0.2537253236013977
52,75821,0.20682994626032597
52,75822,0.6008006549853304
52,75823,0.11743655178398416
52,75824,0.09352918237558494
52,75825,0.4445088824093606
52,75826,0.036717340988955675
52,75827,0.1374149801727896
52,75828,0.3386496416146899
52,75829,0.08998384508043653
52,75830,0.2797022126316833
52,75831,0.1694504967501974
52,75832,0.13912957167985202
52,75833,0.10824316237447584
52,75834,0.011993923382915966
52,75835,0.01272279914175188
52,75836,0.0
52,75837,0.0
52,75838,0.0
52,75839,0.0
52,75840,0.0
52,75841,0.0
52,75842,0.0
52,75843,0.0
52,75844,0.0
52,75845,0.0
52,75846,0.0
52,75847,0.0
52,75848,0.0
52,75901,0.0
52,75902,0.0
52,75903,0.0
52,75904,0.0
52,75905,0.0
52,75906,0.0
52,75907,0.0
52,75908,0.0
52,75909,0.0
52,75910,0.0
52,75911,0.0
52,75912,0.0
52,75913,0.0
52,75914,0.06566540884816173
52,75915,0.18168039044234965
52,75916,0.38345790657449286
52,75917,0.6545292918056818
52,75918,0.7584944207186664
52,75919,0.45973265605096125
52,75920,0.24957950290650693
52,75921,0.5311219803948707
52,75922,0.509292471815299
52,75923,0.6264110175371975
52,75924,0.6417527027583518
52,75925,0.18690322992001515
52,75926,0.8148390863839172
52,75927,0.6033973336848493
52,75928,0.7986894669173069
52,75929,0.5480644915719034
52,75930,0.20830346359210558
52,75931,0.2903268822449756
52,75932,0.05744702065517805
52,75933,0.008252652155936019
52,75934,0.0
52,75935,0.0
52,75936,0.0
52,75937,0.0
52,75938,0.0
52,75939,0.0
52,75940,0.0
52,75941,0.0
52,75942,0.0
52,75943,0.0
52,75944,0.0
52,75945,0.0
52,75946,0.0
52,75947,0.0
52,75948,0.0
52,76001,0.0
52,76002,0.0
52,76003,0.0
52,76004,0.0
52,76005,0.0
52,76006,0.0
52,76007,0.0
52,76008,0.0
52,76009,0.0
52,76010,0.0
52,76011,0.0
52,76012,0.0
52,76013,0.0
52,76014,0.0
52,76015,0.05419361013470064
52,76016,0.020595618630331484
52,76017,0.20651826799134823
52,76018,0.4087215531774985
52,76019,0.3578575650628388
52,76020,0.42111283274930544
52,76021,0.2502157395962079
52,76022,0.37317243257578897
52,76023,0.6570377368597959
52,76024,0.14915746051717965
52,76025,0.4538115107659654
52,76026,0.47511506485739285
52,76027,0.11380798748660167
52,76028,0.49695831516267636
52,76029,0.4613983776781481
52,76030,0.2229046647429253
52,76031,0.11110034589273524
52,76032,0.13868628081190593
52,76033,0.07970305174345615
52,76034,0.0
52,76035,0.0
52,76036,0.0
52,76037,0.0
52,76038,0.0
52,76039,0.0
52,76040,0.0
52,76041,0.0
52,76042,0.0
52,76043,0.0
52,76044,0.0
52,76045,0.0
52,76046,0.0
52,76047,0.0
52,76048,0.0
52,76101,0.0
52,76102,0.0
52,76103,0.0
52,76104,0.0
52,76105,0.0
52,76106,0.0
52,76107,0.0
52,76108,0.0
52,76109,0.0
52,76110,0.0
52,76111,0.0
52,76112,0.0
52,76113,0.0
52,76114,0.0
52,76115,0.05397582689348065
52,76116,0.17952564509233712
52,76117,0.18395818615341647
52,76118,0.32803708187327224
52,76119,0.3587378792890178
52,76120,0.657238509739253
52,76121,0.22543273788971088
52,76122,0.31393320697749105
52,76123,0.35179091916012917
52,76124,0.37253992028396743
52,76125,0.15584759911025464
52,76126,0.1211736985130702
52,76127,0.3743967636540918
52,76128,0.16091926496882114
52,76129,0.20910992970773754
52,76130,0.06977098328408571
52,76131,0.09493236644747527
52,76132,0.025987995335535957
52,76133,0.01962469821866139
52,76134,0.0
52,76135,0.0
52,76136,0.0
52,76137,0.0
52,76138,0.0
52,76139,0.0
52,76140,0.0
52,76141,0.0
52,76142,0.0
52,76143,0.0
52,76144,0.0
52,76145,0.0
52,76146,0.0
52,76147,0.0
52,76148,0.0
52,76201,0.0
52,76202,0.0
52,76203,0.0
52,76204,0.0
52,76205,0.0
52,76206,0.0
52,76207,0.0
52,76208,0.0
52,76209,0.0
52,76210,0.0
52,76211,0.0
52,76212,0.0
52,76213,0.0
52,76214,0.0
52,76215,0.0
52,76216,0.021864842575292986
52,76217,0.028091770857469892
52,76218,0.015931196771415607
52,76219,0.026565161973525653
52,76220,0.06151599664474743
52,76221,0.050054035189223724
52,76222,0.03147321625885663
52,76223,0.016744935595901102
52,76224,0.06609900031904153
52,76225,0.05070384483057664
52,76226,0.02878664258694438
52,76227,0.04648284562240672
52,76228,0.05699269716299882
52,76229,0.05258395749608366
52,76230,0.05489595564344244
52,76231,0.02426311298109397
52,76232,0.01205164766248419
52,76233,0.0
52,76234,0.0
52,76235,0.0
52,76236,0.0
52,76237,0.0
52,76238,0.0
52,76239,0.0
52,76240,0.0
52,76241,0.0
52,76242,0.0
52,76243,0.0
52,76244,0.0
52,76245,0.0
52,76246,0.0
52,76247,0.0
52,76248,0.0
52,76301,0.0
52,76302,0.0
52,76303,0.0
52,76304,0.0
52,76305,0.0
52,76306,0.0
52,76307,0.0
52,76308,0.0
52,76309,0.0
52,76310,0.0
52,76311,0.0
52,76312,0.0
52,76313,0.0
52,76314,0.0
52,76315,0.15159310238580959
52,76316,0.07214686817292915
52,76317,0.6848625218176635
52,76318,0.2219823484561839
52,76319,0.6430494140390515
52,76320,0.878246179906025
52,76321,0.2728700957469182
52,76322,0.6526100215615293
52,76323,0.1350144962779134
52,76324,0.5640109715472792
52,76325,0.42846475666499506
52,76326,0.5153633123280901
52,76327,0.41381569437115817
52,76328,0.3430698307328765
52,76329,0.37946815503896475
52,76330,0.23955466166440995
52,76331,0.24980443670694438
52,76332,0.028740108283844115
52,76333,0.057163479107320794
52,76334,0.0
52,76335,0.0
52,76336,0.0
52,76337,0.0
52,76338,0.0
52,76339,0.0
52,76340,0.0
52,76341,0.0
52,76342,0.0
52,76343,0.0
52,76344,0.0
52,76345,0.0
52,76346,0.0
52,76347,0.0
52,76348,0.0
52,76401,0.0
52,76402,0.0
52,76403,0.0
52,76404,0.0
52,76405,0.0
52,76406,0.0
52,76407,0.0
52,76408,0.0
52,76409,0.0
52,76410,0.0
52,76411,0.0
52,76412,0.0
52,76413,0.0
52,76414,0.06800211491678225
52,76415,0.24137501333560107
52,76416,0.4663671488073291
52,76417,0.37124686460521683
52,76418,0.2164283467082007
52,76419,0.21795474414623395
52,76420,0.2679664010452306
52,76421,0.671282736559653
52,76422,0.22826503549480998
52,76423,0.9978936936352201
52,76424,1.0449015047919346
52,76425,0.880222726684446
52,76426,0.4045164859458787
52,76427,0.37961946136913216
52,76428,0.6436257533410773
52,76429,0.2229109369067916
52,76430,0.46082958639891736
52,76431,0.3427146058778646
52,76432,0.02926093383124449
52,76433,0.0
52,76434,0.0
52,76435,0.0
52,76436,0.0
52,76437,0.0
52,76438,0.0
52,76439,0.0
52,76440,0.0
52,76441,0.0
52,76442,0.0
52,76443,0.0
52,76444,0.0
52,76445,0.0
52,76446,0.0
52,76447,0.0
52,76448,0.0
52,76501,0.0
52,76502,0.0
52,76503,0.0
52,76504,0.0
52,76505,0.0
52,76506,0.0
52,76507,0.0
52,76508,0.0
52,76509,0.0
52,76510,0.0
52,76511,0.0
52,76512,0.0
52,76513,0.0
52,76514,0.06401133534601201
52,76515,0.2602354380661742
52,76516,0.32656572492839814
52,76517,0.23172575629887557
52,76518,0.5496566550130266
52,76519,0.8709347513354826
52,76520,0.6731133578527566
52,76521,0.18622661395361229
52,76522,0.9512977847343549
52,76523,0.940380124836344
52,76524,0.6116477490453643
52,76525,0.7396689417699805
52,76526,0.5089151654150633
52,76527,0.33490625055545614
52,76528,0.17226003394669562
52,76529,0.44800728096311543
52,76530,0.09004327321111166
52,76531,0.08177808539113321
52,76532,0.020830470752063148
52,76533,0.05925730160436235
52,76534,0.0
52,76535,0.0
52,76536,0.0
52,76537,0.0
52,76538,0.0
52,76539,0.0
52,76540,0.0
52,76541,0.0
52,76542,0.0
52,76543,0.0
52,76544,0.0
52,76545,0.0
52,76546,0.0
52,76547,0.0
52,76548,0.0
52,76601,0.0
52,76602,0.0
52,76603,0.0
52,76604,0.0
52,76605,0.0
52,76606,0.0
52,76607,0.0
52,76608,0.0
52,76609,0.0
52,76610,0.0
52,76611,0.0
52,76612,0.0
52,76613,0.0
52,76614,0.013402233008122441
52,76615,0.027536855289498483
52,76616,0.26590050455711833
52,76617,0.4809580916416174
52,76618,0.37047950876746916
52,76619,0.4420218842404651
52,76620,0.6893057044151588
52,76621,0.2997943405481754
52,76622,0.26290375086184886
52,76623,0.29755601370846085
52,76624,0.26959785856442037
52,76625,0.3258982980064161
52,76626,0.5882563971831799
52,76627,0.18313646319327737
52,76628,0.2838878277758767
52,76629,0.5194402122556347
52,76630,0.1638185657167458
52,76631,0.26179118221408554
52,76632,0.05752462882406976
52,76633,0.0064223613679477085
52,76634,0.0
52,76635,0.0
52,76636,0.0
52,76637,0.0
52,76638,0.0
52,76639,0.0
52,76640,0.0
52,76641,0.0
52,76642,0.0
52,76643,0.0
52,76644,0.0
52,76645,0.0
52,76646,0.0
52,76647,0.0
52,76648,0.0
52,76701,0.0
52,76702,0.0
52,76703,0.0
52,76704,0.0
52,76705,0.0
52,76706,0.0
52,76707,0.0
52,76708,0.0
52,76709,0.0
52,76710,0.0
52,76711,0.0
52,76712,0.0
52,76713,0.0
52,76714,0.0
52,76715,0.02230006445444911
52,76716,0.05014244457076989
52,76717,0.08629394463481288
52,76718,0.09165764757076873
52,76719,0.07704689766162508
52,76720,0.28360200595362234
52,76721,0.2972357759171673
52,76722,0.15205494352416088
52,76723,0.31475369211008564
52,76724,0.17948363793848482
52,76725,0.09537705869206904
52,76726,0.3600500553585445
52,76727,0.16425258655207892
52,76728,0.20854454512749895
52,76729,0.11099191642236335
52,76730,0.0727791218085152
52,76731,0.13275145950551645
52,76732,0.059077760916054406
52,76733,0.01937439742271915
52,76734,0.015820143575797058
52,76735,0.0
52,76736,0.0
52,76737,0.0
52,76738,0.0
52,76739,0.0
52,76740,0.0
52,76741,0.0
52,76742,0.0
52,76743,0.0
52,76744,0.0
52,76745,0.0
52,76746,0.0
52,76747,0.0
52,76748,0.0
52,76801,0.0
52,76802,0.0
52,76803,0.0
52,76804,0.0
52,76805,0.0
52,76806,0.0
52,76807,0.0
52,76808,0.0
52,76809,0.0
52,76810,0.0
52,76811,0.0
52,76812,0.0
52,76813,0.0
52,76814,0.017399679899049506
52,76815,0.21528138945958109
52,76816,0.16432572499175235
52,76817,0.45015015337333114
52,76818,0.7951539703581587
52,76819,0.25741318805051505
52,76820,0.37111428255333845
52,76821,0.8555028527961489
52,76822,0.28073344872704187
52,76823,0.11726692327788327
52,76824,0.0800042289137399
52,76825,0.04178415407747366
52,76826,0.059002212984063336
52,76827,0.09928132192439712
52,76828,0.04384662056612149
52,76829,0.07257357376621175
52,76830,0.08899994443609269
52,76831,0.051011297720677994
52,76832,0.18669003406669152
52,76833,0.022711410922683535
52,76834,0.008285375948631029
52,76835,0.0
52,76836,0.0
52,76837,0.0
52,76838,0.0
52,76839,0.0
52,76840,0.0
52,76841,0.0
52,76842,0.0
52,76843,0.0
52,76844,0.0
52,76845,0.0
52,76846,0.0
52,76847,0.0
52,76848,0.0
52,76901,0.0
52,76902,0.0
52,76903,0.0
52,76904,0.0
52,76905,0.0
52,76906,0.0
52,76907,0.0
52,76908,0.0
52,76909,0.0
52,76910,0.0
52,76911,0.0
52,76912,0.0
52,76913,0.0
52,76914,0.0
52,76915,0.014592512754581174
52,76916,0.12066110560157349
52,76917,0.048960430139576135
52,76918,0.13517264023365744
52,76919,0.3018468700580779
52,76920,0.1751726092553487
52,76921,0.18580144957117853
52,76922,0.44537179627991846
52,76923,0.2219300600869295
52,76924,0.3835034112196892
52,76925,0.08414329842410864
52,76926,0.22930731172534696
52,76927,0.5075437638415419
52,76928,0.40646618278805874
52,76929,0.5337564100370876
52,76930,0.5392410748224666
52,76931,0.0896201565744186
52,76932,0.08492039809826578
52,76933,0.024820789862486307
52,76934,0.0
52,76935,0.0
52,76936,0.0
52,76937,0.0
52,76938,0.0
52,76939,0.0
52,76940,0.0
52,76941,0.0
52,76942,0.0
52,76943,0.0
52,76944,0.0
52,76945,0.0
52,76946,0.0
52,76947,0.0
52,76948,0.0
52,77001,0.0
52,77002,0.0
52,77003,0.0
52,77004,0.0
52,77005,0.0
52,77006,0.0
52,77007,0.0
52,77008,0.0
52,77009,0.0
52,77010,0.0
52,77011,0.0
52,77012,0.0
52,77013,0.0
52,77014,0.020015869042845073
52,77015,0.23405515647128966
52,77016,0.11666593944094886
52,77017,0.5785056995325858
52,77018,0.2448636650567415
52,77019,0.16562764328284996
52,77020,0.633465264434718
52,77021,0.9249255166672922
52,77022,0.509686342686282
52,77023,0.7636257119437175
52,77024,0.6625813118407976
52,77025,0.211992348251116
52,77026,0.9090771949931531
52,77027,0.18006515224511194
52,77028,0.2313965719450253
52,77029,0.4957272050344743
52,77030,0.43082802904807466
52,77031,0.125240987860572
52,77032,0.012402238179541752
52,77033,0.018044446107984488
52,77034,0.0
52,77035,0.0
52,77036,0.0
52,77037,0.0
52,77038,0.0
52,77039,0.0
52,77040,0.0
52,77041,0.0
52,77042,0.0
52,77043,0.0
52,77044,0.0
52,77045,0.0
52,77046,0.0
52,77047,0.0
52,77048,0.0
52,77101,0.0
52,77102,0.0
52,77103,0.0
52,77104,0.0
52,77105,0.0
52,77106,0.0
52,77107,0.0
52,77108,0.0
52,77109,0.0
52,77110,0.0
52,77111,0.0
52,77112,0.0
52,77113,0.0
52,77114,0.0
52,77115,0.28342804433224655
52,77116,0.3804577092594269
52,77117,0.20279708248374906
52,77118,0.3927820267203077
52,77119,0.5802295468121712
52,77120,0.940235000717446
52,77121,0.3429259147442309
52,77122,0.2853266004581675
52,77123,0.7759194041156943
52,77124,0.4716723659113228
52,77125,0.7614435719273318
52,77126,0.3599632393284907
52,77127,0.1699721861078034
52,77128,0.13116173218932764
52,77129,0.6628209950858545
52,77130,0.29790756986056666
52,77131,0.2623052114094215
52,77132,0.014437763762921194
52,77133,0.04692308082517913
52,77134,0.01702516829317043
52,77135,0.0
52,77136,0.0
52,77137,0.0
52,77138,0.0
52,77139,0.0
52,77140,0.0
52,77141,0.0
52,77142,0.0
52,77143,0.0
52,77144,0.0
52,77145,0.0
52,77146,0.0
52,77147,0.0
52,77148,0.0
52,77201,0.0
52,77202,0.0
52,77203,0.0
52,77204,0.0
52,77205,0.0
52,77206,0.0
52,77207,0.0
52,77208,0.0
52,77209,0.0
52,77210,0.0
52,77211,0.0
52,77212,0.0
52,77213,0.0
52,77214,0.0
52,77215,0.0
52,77216,0.0
52,77217,0.0
52,77218,0.02688809629577327
52,77219,0.07751966481972682
52,77220,0.10919541352680039
52,77221,0.10635344844928807
52,77222,0.11022719809831742
52,77223,0.22281377659450977
52,77224,0.5200021165292651
52,77225,0.1605561364640345
52,77226,0.27012312408175476
52,77227,0.2942233510641919
52,77228,0.40444568655646285
52,77229,0.6465767274293815
52,77230,0.19047355141408426
52,77231,0.22769428560092475
52,77232,0.025269465962296064
52,77233,0.008680360675393392
52,77234,0.0
52,77235,0.0
52,77236,0.0
52,77237,0.0
52,77238,0.0
52,77239,0.0
52,77240,0.0
52,77241,0.0
52,77242,0.0
52,77243,0.0
52,77244,0.0
52,77245,0.0
52,77246,0.0
52,77247,0.0
52,77248,0.0
52,77301,0.0
52,77302,0.0
52,77303,0.0
52,77304,0.0
52,77305,0.0
52,77306,0.0
52,77307,0.0
52,77308,0.0
52,77309,0.0
52,77310,0.0
52,77311,0.0
52,77312,0.0
52,77313,0.0
52,77314,0.0
52,77315,0.009436607993148691
52,77316,0.08155357636492845
52,77317,0.22217181223338772
52,77318,0.19568487458382955
52,77319,0.23531886411861824
52,77320,0.26643259333315755
52,77321,0.3305271416624251
52,77322,0.969356980942826
52,77323,0.8506912482747171
52,77324,0.3954412368446029
52,77325,0.8749182512246173
52,77326,0.44641291451079096
52,77327,0.7270767321783947
52,77328,0.31970710187818124
52,77329,0.6392924574173761
52,77330,0.274025351499603
52,77331,0.11464414856750181
52,77332,0.020021911076900125
52,77333,0.014706662484021438
52,77334,0.0
52,77335,0.0
52,77336,0.0
52,77337,0.0
52,77338,0.0
52,77339,0.0
52,77340,0.0
52,77341,0.0
52,77342,0.0
52,77343,0.0
52,77344,0.0
52,77345,0.0
52,77346,0.0
52,77347,0.0
52,77348,0.0
52,77401,0.0
52,77402,0.0
52,77403,0.0
52,77404,0.0
52,77405,0.0
52,77406,0.0
52,77407,0.0
52,77408,0.0
52,77409,0.0
52,77410,0.0
52,77411,0.0
52,77412,0.0
52,77413,0.0
52,77414,0.0
52,77415,0.057378988509143046
52,77416,0.023866051985452386
52,77417,0.06367558632458759
52,77418,0.06714935408873221
52,77419,0.19785606068621964
52,77420,0.048673993119727914
52,77421,0.13051140109338794
52,77422,0.19314030799840964
52,77423,0.27339963431266806
52,77424,0.43638496729398807
52,77425,0.3791064187638931
52,77426,0.9906510675580474
52,77427,0.6398591261315363
52,77428,0.08612367567334067
52,77429,0.42767163969376776
52,77430,0.17938309204183137
52,77431,0.08502874107977987
52,77432,0.08296272583155026
52,77433,0.02283190471139145
52,77434,0.0
52,77435,0.0
52,77436,0.0
52,77437,0.0
52,77438,0.0
52,77439,0.0
52,77440,0.0
52,77441,0.0
52,77442,0.0
52,77443,0.0
52,77444,0.0
52,77445,0.0
52,77446,0.0
52,77447,0.0
52,77448,0.0
52,77501,0.0
52,77502,0.0
52,77503,0.0
52,77504,0.0
52,77505,0.0
52,77506,0.0
52,77507,0.0
52,77508,0.0
52,77509,0.0
52,77510,0.0
52,77511,0.0
52,77512,0.0
52,77513,0.0
52,77514,0.0
52,77515,0.17442632561603194
52,77516,0.09926389985078289
52,77517,0.612809346254223
52,77518,0.7896790266188972
52,77519,0.5144244950202319
52,77520,0.4164990176021892
52,77521,0.3007372483135705
52,77522,0.1814314142914844
52,77523,0.3304507896111364
52,77524,0.8829047949973433
52,77525,0.291568908504179
52,77526,0.25838826173908996
52,77527,0.391507718263762
52,77528,0.7293309654671463
52,77529,0.33607820931630256
52,77530,0.1284990145640512
52,77531,0.2705764249786743
52,77532,0.006022089934534532
52,77533,0.0
52,77534,0.0
52,77535,0.0
52,77536,0.0
52,77537,0.0
52,77538,0.0
52,77539,0.0
52,77540,0.0
52,77541,0.0
52,77542,0.0
52,77543,0.0
52,77544,0.0
52,77545,0.0
52,77546,0.0
52,77547,0.0
52,77548,0.0
52,77601,0.0
52,77602,0.0
52,77603,0.0
52,77604,0.0
52,77605,0.0
52,77606,0.0
52,77607,0.0
52,77608,0.0
52,77609,0.0
52,77610,0.0
52,77611,0.0
52,77612,0.0
52,77613,0.0
52,77614,0.0
52,77615,0.014254277188916965
52,77616,0.0916729732695
52,77617,0.09617063946736742
52,77618,0.12336778833117558
52,77619,0.03943123929542199
52,77620,0.33629384698104675
52,77621,0.2693912002467394
52,77622,0.3171310624503868
52,77623,0.28257529532088105
52,77624,0.13304971415491082
52,77625,0.2873233107314094
52,77626,0.267616817636074
52,77627,0.5919117190997041
52,77628,0.17730561707993772
52,77629,0.34577761695825393
52,77630,0.2059575047788137
52,77631,0.07469238415100421
52,77632,0.06798087496661957
52,77633,0.05376832855158105
52,77634,0.0
52,77635,0.0
52,77636,0.0
52,77637,0.0
52,77638,0.0
52,77639,0.0
52,77640,0.0
52,77641,0.0
52,77642,0.0
52,77643,0.0
52,77644,0.0
52,77645,0.0
52,77646,0.0
52,77647,0.0
52,77648,0.0
52,77701,0.0
52,77702,0.0
52,77703,0.0
52,77704,0.0
52,77705,0.0
52,77706,0.0
52,77707,0.0
52,77708,0.0
52,77709,0.0
52,77710,0.0
52,77711,0.0
52,77712,0.0
52,77713,0.0
52,77714,0.0
52,77715,0.15488956257714212
52,77716,0.18085174598544115
52,77717,0.5299805335048754
52,77718,0.6136672577306053
52,77719,0.47551778810167983
52,77720,0.49942623264806235
52,77721,0.18466934668287915
52,77722,1.0158383652024092
52,77723,0.6418199385326568
52,77724,0.5373596765034225
52,77725,0.5051118126738401
52,77726,0.20925693225143527
52,77727,0.837863939155811
52,77728,0.7371828388236494
52,77729,0.5293168140741347
52,77730,0.14733825138701304
52,77731,0.17124317171002926
52,77732,0.023756900966246226
52,77733,0.009682825840986228
52,77734,0.0
52,77735,0.0
52,77736,0.0
52,77737,0.0
52,77738,0.0
52,77739,0.0
52,77740,0.0
52,77741,0.0
52,77742,0.0
52,77743,0.0
52,77744,0.0
52,77745,0.0
52,77746,0.0
52,77747,0.0
52,77748,0.0
52,77801,0.0
52,77802,0.0
52,77803,0.0
52,77804,0.0
52,77805,0.0
52,77806,0.0
52,77807,0.0
52,77808,0.0
52,77809,0.0
52,77810,0.0
52,77811,0.0
52,77812,0.0
52,77813,0.0
52,77814,0.0
52,77815,0.13324430451764546
52,77816,0.3522640035084906
52,77817,0.4028722852823762
52,77818,0.27205058409252436
52,77819,0.5967571573158281
52,77820,0.34561477126757095
52,77821,0.778213179985053
52,77822,0.7667542184746092
52,77823,0.2945230909420237
52,77824,0.46053953293263367
52,77825,0.5874711862711003
52,77826,0.8921385514284
52,77827,0.21951803796508756
52,77828,0.52651005997704
52,77829,0.5920042223312374
52,77830,0.4737759716554406
52,77831,0.18560396176520427
52,77832,0.029557288600196494
52,77833,0.0
52,77834,0.0
52,77835,0.0
52,77836,0.0
52,77837,0.0
52,77838,0.0
52,77839,0.0
52,77840,0.0
52,77841,0.0
52,77842,0.0
52,77843,0.0
52,77844,0.0
52,77845,0.0
52,77846,0.0
52,77847,0.0
52,77848,0.0
52,77901,0.0
52,77902,0.0
52,77903,0.0
52,77904,0.0
52,77905,0.0
52,77906,0.0
52,77907,0.0
52,77908,0.0
52,77909,0.0
52,77910,0.0
52,77911,0.0
52,77912,0.0
52,77913,0.0
52,77914,0.0
52,77915,0.02052517225150087
52,77916,0.3072456357234206
52,77917,0.41080695447440096
52,77918,0.4108230915746103
52,77919,0.6333278842405117
52,77920,0.3865798293989091
52,77921,0.9210103183603434
52,77922,0.7116162125148356
52,77923,0.4437144133539903
52,77924,0.33033932641024777
52,77925,0.23138436679632896
52,77926,0.8102574456387138
52,77927,0.5054087293614753
52,77928,0.4563927022179067
52,77929,0.5590927160699309
52,77930,0.3013942343061106
52,77931,0.09482108466832025
52,77932,0.017988833438585768
52,77933,0.0
52,77934,0.0
52,77935,0.0
52,77936,0.0
52,77937,0.0
52,77938,0.0
52,77939,0.0
52,77940,0.0
52,77941,0.0
52,77942,0.0
52,77943,0.0
52,77944,0.0
52,77945,0.0
52,77946,0.0
52,77947,0.0
52,77948,0.0
52,78001,0.0
52,78002,0.0
52,78003,0.0
52,78004,0.0
52,78005,0.0
52,78006,0.0
52,78007,0.0
52,78008,0.0
52,78009,0.0
52,78010,0.0
52,78011,0.0
52,78012,0.0
52,78013,0.0
52,78014,0.0
52,78015,0.05151060563996232
52,78016,0.12872656843377692
52,78017,0.20772805934022012
52,78018,0.21983522111731865
52,78019,0.8394524281836601
52,78020,0.30362661290218224
52,78021,0.9157715148260047
52,78022,0.1684904238113631
52,78023,0.5777560258684411
52,78024,0.9746848261832602
52,78025,0.19756525731484376
52,78026,0.16250616816769267
52,78027,0.18845372956362902
52,78028,0.46024616961704173
52,78029,0.20585337051029826
52,78030,0.23151007873963644
52,78031,0.16616489068006943
52,78032,0.05509696449797272
52,78033,0.029483716739526693
52,78034,0.0
52,78035,0.0
52,78036,0.0
52,78037,0.0
52,78038,0.0
52,78039,0.0
52,78040,0.0
52,78041,0.0
52,78042,0.0
52,78043,0.0
52,78044,0.0
52,78045,0.0
52,78046,0.0
52,78047,0.0
52,78048,0.0
52,78101,0.0
52,78102,0.0
52,78103,0.0
52,78104,0.0
52,78105,0.0
52,78106,0.0
52,78107,0.0
52,78108,0.0
52,78109,0.0
52,78110,0.0
52,78111,0.0
52,78112,0.0
52,78113,0.0
52,78114,0.0
52,78115,0.09154369788810748
52,78116,0.2612191428403016
52,78117,0.48545077645359896
52,78118,0.5399345740575096
52,78119,0.781025907070285
52,78120,0.4322414764746209
52,78121,0.36039660468069457
52,78122,0.8362428107840301
52,78123,0.5523089564677944
52,78124,0.4874341182562032
52,78125,0.6005447168900439
52,78126,0.38120116832399537
52,78127,0.5554706989146923
52,78128,0.5211684412165115
52,78129,0.5473864072820404
52,78130,0.2547631512726524
52,78131,0.25846243471897823
52,78132,0.011058147021659253
52,78133,0.01706229602845905
52,78134,0.0
52,78135,0.0
52,78136,0.0
52,78137,0.0
52,78138,0.0
52,78139,0.0
52,78140,0.0
52,78141,0.0
52,78142,0.0
52,78143,0.0
52,78144,0.0
52,78145,0.0
52,78146,0.0
52,78147,0.0
52,78148,0.0
52,78201,0.0
52,78202,0.0
52,78203,0.0
52,78204,0.0
52,78205,0.0
52,78206,0.0
52,78207,0.0
52,78208,0.0
52,78209,0.0
52,78210,0.0
52,78211,0.0
52,78212,0.0
52,78213,0.0
52,78214,0.0
52,78215,0.09241809903074094
52,78216,0.3084192612065179
52,78217,0.6361865176314819
52,78218,0.16533227769399006
52,78219,0.6788717259880536
52,78220,0.4647186197919364
52,78221,0.9642404503693197
52,78222,0.7056086631750753
52,78223,0.38364972321969926
52,78224,0.6918162222682372
52,78225,0.17778949886872272
52,78226,0.2884513018322304
52,78227,0.5374650063393591
52,78228,0.6787633561279016
52,78229,0.5906546154535568
52,78230,0.09242000081289227
52,78231,0.04677149611755968
52,78232,0.009721498914327983
52,78233,0.014625322173586924
52,78234,0.0
52,78235,0.0
52,78236,0.0
52,78237,0.0
52,78238,0.0
52,78239,0.0
52,78240,0.0
52,78241,0.0
52,78242,0.0
52,78243,0.0
52,78244,0.0
52,78245,0.0
52,78246,0.0
52,78247,0.0
52,78248,0.0
52,78301,0.0
52,78302,0.0
52,78303,0.0
52,78304,0.0
52,78305,0.0
52,78306,0.0
52,78307,0.0
52,78308,0.0
52,78309,0.0
52,78310,0.0
52,78311,0.0
52,78312,0.0
52,78313,0.0
52,78314,0.0
52,78315,0.12675024545506747
52,78316,0.10535625205030046
52,78317,0.3701684972518163
52,78318,0.43782647373920297
52,78319,0.7561876289808617
52,78320,0.9591637513580195
52,78321,0.6505971818975965
52,78322,0.33063891848701266
52,78323,0.5272437394556511
52,78324,0.3992479270530593
52,78325,0.7571594614452011
52,78326,0.9154813616824903
52,78327,0.25352406025517243
52,78328,0.568280100247535
52,78329,0.3820067408007447
52,78330,0.1654038019488683
52,78331,0.1658882961412589
52,78332,0.012769703332852227
52,78333,0.0
52,78334,0.0
52,78335,0.0
52,78336,0.0
52,78337,0.0
52,78338,0.0
52,78339,0.0
52,78340,0.0
52,78341,0.0
52,78342,0.0
52,78343,0.0
52,78344,0.0
52,78345,0.0
52,78346,0.0
52,78347,0.0
52,78348,0.0
52,78401,0.0
52,78402,0.0
52,78403,0.0
52,78404,0.0
52,78405,0.0
52,78406,0.0
52,78407,0.0
52,78408,0.0
52,78409,0.0
52,78410,0.0
52,78411,0.0
52,78412,0.0
52,78413,0.0
52,78414,0.0
52,78415,0.078163818335235
52,78416,0.1980678159361639
52,78417,0.6113610399485392
52,78418,0.6132920454348872
52,78419,0.5584885530796151
52,78420,0.156013278376847
52,78421,0.6578698156694635
52,78422,0.5812049725109267
52,78423,0.6880578787091373
52,78424,0.36312417888414245
52,78425,0.9715709453885781
52,78426,0.8447659057857089
52,78427,0.40493913665004294
52,78428,0.13940327173404893
52,78429,0.11749910780123773
52,78430,0.2399209800877715
52,78431,0.2457389078461538
52,78432,0.006864680011569755
52,78433,0.0
52,78434,0.0
52,78435,0.0
52,78436,0.0
52,78437,0.0
52,78438,0.0
52,78439,0.0
52,78440,0.0
52,78441,0.0
52,78442,0.0
52,78443,0.0
52,78444,0.0
52,78445,0.0
52,78446,0.0
52,78447,0.0
52,78448,0.0
52,78501,0.0
52,78502,0.0
52,78503,0.0
52,78504,0.0
52,78505,0.0
52,78506,0.0
52,78507,0.0
52,78508,0.0
52,78509,0.0
52,78510,0.0
52,78511,0.0
52,78512,0.0
52,78513,0.0
52,78514,0.0
52,78515,0.05243332638972396
52,78516,0.0318142301326907
52,78517,0.1301148245048806
52,78518,0.044147837032543345
52,78519,0.2355549677335693
52,78520,0.2561198703949596
52,78521,0.2116052631907054
52,78522,0.34805655945942493
52,78523,0.7690164294627382
52,78524,0.34136804224729067
52,78525,0.615919174003813
52,78526,0.3391653487772067
52,78527,0.07711994300540971
52,78528,0.13328752727280974
52,78529,0.1282213801476642
52,78530,0.25906810729316027
52,78531,0.1880290476750186
52,78532,0.020380557751221284
52,78533,0.006247450696842211
52,78534,0.0
52,78535,0.0
52,78536,0.0
52,78537,0.0
52,78538,0.0
52,78539,0.0
52,78540,0.0
52,78541,0.0
52,78542,0.0
52,78543,0.0
52,78544,0.0
52,78545,0.0
52,78546,0.0
52,78547,0.0
52,78548,0.0
52,78601,0.0
52,78602,0.0
52,78603,0.0
52,78604,0.0
52,78605,0.0
52,78606,0.0
52,78607,0.0
52,78608,0.0
52,78609,0.0
52,78610,0.0
52,78611,0.0
52,78612,0.0
52,78613,0.0
52,78614,0.0
52,78615,0.08694743956316701
52,78616,0.35692937176590855
52,78617,0.5174321640358391
52,78618,0.2577678884180098
52,78619,0.2720327243083576
52,78620,0.7938986955522505
52,78621,0.20795498867327633
52,78622,0.6365889873847442
52,78623,0.9291512912670267
52,78624,0.7845666661662832
52,78625,0.707481939332528
52,78626,0.9120214854380794
52,78627,0.18162252910586316
52,78628,0.16629826077065568
52,78629,0.12476334535942454
52,78630,0.14137039361315978
52,78631,0.03094641588629858
52,78632,0.029042247725269272
52,78633,0.0
52,78634,0.0
52,78635,0.0
52,78636,0.0
52,78637,0.0
52,78638,0.0
52,78639,0.0
52,78640,0.0
52,78641,0.0
52,78642,0.0
52,78643,0.0
52,78644,0.0
52,78645,0.0
52,78646,0.0
52,78647,0.0
52,78648,0.0
52,78701,0.0
52,78702,0.0
52,78703,0.0
52,78704,0.0
52,78705,0.0
52,78706,0.0
52,78707,0.0
52,78708,0.0
52,78709,0.0
52,78710,0.0
52,78711,0.0
52,78712,0.0
52,78713,0.0
52,78714,0.0
52,78715,0.1000544115320397
52,78716,0.31676859812871994
52,78717,0.13025442762777484
52,78718,0.33213656451362233
52,78719,0.22351123017092092
52,78720,0.7818267458342965
52,78721,0.19748440065493925
52,78722,0.4147975244546742
52,78723,0.913216092648872
52,78724,0.20186070083798144
52,78725,0.8428234918639236
52,78726,0.5806247557183573
52,78727,0.190178937111095
52,78728,0.5288311247627819
52,78729,0.5823024463608141
52,78730,0.3419358481922268
52,78731,0.2302301532504562
52,78732,0.02229415990489249
52,78733,0.0
52,78734,0.0
52,78735,0.0
52,78736,0.0
52,78737,0.0
52,78738,0.0
52,78739,0.0
52,78740,0.0
52,78741,0.0
52,78742,0.0
52,78743,0.0
52,78744,0.0
52,78745,0.0
52,78746,0.0
52,78747,0.0
52,78748,0.0
52,78801,0.0
52,78802,0.0
52,78803,0.0
52,78804,0.0
52,78805,0.0
52,78806,0.0
52,78807,0.0
52,78808,0.0
52,78809,0.0
52,78810,0.0
52,78811,0.0
52,78812,0.0
52,78813,0.0
52,78814,0.0
52,78815,0.06372341938936428
52,78816,0.30474913008712834
52,78817,0.4997759436221667
52,78818,0.7106931393153726
52,78819,0.2714656751327308
52,78820,0.7462637875377965
52,78821,0.8879989449884986
52,78822,0.5631202246363678
52,78823,0.46295982520046275
52,78824,0.6292247812799727
52,78825,0.4012115886298798
52,78826,0.6202173680098897
52,78827,0.6881133300122718
52,78828,0.45683168640348876
52,78829,0.149497058389767
52,78830,0.16322452649997402
52,78831,0.19502153500629874
52,78832,0.045952130748287426
52,78833,0.02779511055205181
52,78834,0.019505623574337487
52,78835,0.0
52,78836,0.0
52,78837,0.0
52,78838,0.0
52,78839,0.0
52,78840,0.0
52,78841,0.0
52,78842,0.0
52,78843,0.0
52,78844,0.0
52,78845,0.0
52,78846,0.0
52,78847,0.0
52,78848,0.0
52,78901,0.0
52,78902,0.0
52,78903,0.0
52,78904,0.0
52,78905,0.0
52,78906,0.0
52,78907,0.0
52,78908,0.0
52,78909,0.0
52,78910,0.0
52,78911,0.0
52,78912,0.0
52,78913,0.0
52,78914,0.0
52,78915,0.012182174240248074
52,78916,0.16633475716389934
52,78917,0.26970647253974966
52,78918,0.17733609681539414
52,78919,0.5456206066449276
52,78920,0.5111556063526037
52,78921,0.41802140297533713
52,78922,0.7027827827105729
52,78923,0.8139736299679411
52,78924,0.3750353723824669
52,78925,0.37809159598311004
52,78926,0.18687413767285826
52,78927,0.23157822641024087
52,78928,0.6874737198811929
52,78929,0.2130565031381629
52,78930,0.08411071201492606
52,78931,0.13180513939400043
52,78932,0.055398609681533824
52,78933,0.02929527049567312
52,78934,0.0
52,78935,0.0
52,78936,0.0
52,78937,0.0
52,78938,0.0
52,78939,0.0
52,78940,0.0
52,78941,0.0
52,78942,0.0
52,78943,0.0
52,78944,0.0
52,78945,0.0
52,78946,0.0
52,78947,0.0
52,78948,0.0
52,79001,0.0
52,79002,0.0
52,79003,0.0
52,79004,0.0
52,79005,0.0
52,79006,0.0
52,79007,0.0
52,79008,0.0
52,79009,0.0
52,79010,0.0
52,79011,0.0
52,79012,0.0
52,79013,0.0
52,79014,0.0
52,79015,0.11465523582089934
52,79016,0.316756725774833
52,79017,0.1707963845004598
52,79018,0.13654358057060859
52,79019,0.2409345437779414
52,79020,0.6385438401311754
52,79021,0.060739749153917735
52,79022,0.6032251463352585
52,79023,0.2933977771493742
52,79024,0.9247056558788369
52,79025,0.3224129356357887
52,79026,0.7163237010189827
52,79027,0.6606167237549571
52,79028,0.3677454938653859
52,79029,0.39736449277221864
52,79030,0.19558085719868204
52,79031,0.14622632351228954
52,79032,0.015617702779063198
52,79033,0.0
52,79034,0.0
52,79035,0.0
52,79036,0.0
52,79037,0.0
52,79038,0.0
52,79039,0.0
52,79040,0.0
52,79041,0.0
52,79042,0.0
52,79043,0.0
52,79044,0.0
52,79045,0.0
52,79046,0.0
52,79047,0.0
52,79048,0.0
52,79101,0.0
52,79102,0.0
52,79103,0.0
52,79104,0.0
52,79105,0.0
52,79106,0.0
52,79107,0.0
52,79108,0.0
52,79109,0.0
52,79110,0.0
52,79111,0.0
52,79112,0.0
52,79113,0.0
52,79114,0.0
52,79115,0.021918974795944443
52,79116,0.17605271904548805
52,79117,0.1933181299963818
52,79118,0.7095122029121279
52,79119,0.5559548457479915
52,79120,0.5291502939381987
52,79121,0.9253136459268123
52,79122,0.5857375001147276
52,79123,0.2860375787530559
52,79124,0.22669466967573923
52,79125,0.7950471634212811
52,79126,0.48471850811942613
52,79127,0.23726214010642382
52,79128,0.622746730568992
52,79129,0.24236943116986032
52,79130,0.23413148995319705
52,79131,0.16874837539301654
52,79132,0.00789520782859068
52,79133,0.028311143340726066
52,79134,0.0
52,79135,0.0
52,79136,0.0
52,79137,0.0
52,79138,0.0
52,79139,0.0
52,79140,0.0
52,79141,0.0
52,79142,0.0
52,79143,0.0
52,79144,0.0
52,79145,0.0
52,79146,0.0
52,79147,0.0
52,79148,0.0
52,79201,0.0
52,79202,0.0
52,79203,0.0
52,79204,0.0
52,79205,0.0
52,79206,0.0
52,79207,0.0
52,79208,0.0
52,79209,0.0
52,79210,0.0
52,79211,0.0
52,79212,0.0
52,79213,0.0
52,79214,0.0
52,79215,0.02128871662260628
52,79216,0.2674700130062943
52,79217,0.52906307881364
52,79218,0.5276065263225428
52,79219,0.38789144429638134
52,79220,0.805799492009505
52,79221,0.609601252397381
52,79222,0.23136846005241452
52,79223,0.5354151391620539
52,79224,0.7614308164788796
52,79225,0.1696858308251672
52,79226,0.7983426707045038
52,79227,0.32419637862902295
52,79228,0.509869116741323
52,79229,0.4324689354659097
52,79230,0.3478095091198569
52,79231,0.07739693119537687
52,79232,0.021855770218653904
52,79233,0.006270179472861785
52,79234,0.0
52,79235,0.0
52,79236,0.0
52,79237,0.0
52,79238,0.0
52,79239,0.0
52,79240,0.0
52,79241,0.0
52,79242,0.0
52,79243,0.0
52,79244,0.0
52,79245,0.0
52,79246,0.0
52,79247,0.0
52,79248,0.0
52,79301,0.0
52,79302,0.0
52,79303,0.0
52,79304,0.0
52,79305,0.0
52,79306,0.0
52,79307,0.0
52,79308,0.0
52,79309,0.0
52,79310,0.0
52,79311,0.0
52,79312,0.0
52,79313,0.0
52,79314,0.0
52,79315,0.0
52,79316,0.01553724252095621
52,79317,0.051157683460354646
52,79318,0.11642996612399088
52,79319,0.11863118315110198
52,79320,0.07331819989556988
52,79321,0.17778350178113042
52,79322,0.0746665036843836
52,79323,0.21950687089731105
52,79324,0.037182057766552416
52,79325,0.18930557299140846
52,79326,0.09555902288429227
52,79327,0.038947625780699165
52,79328,0.00907743486640414
52,79329,0.013427207037302385
52,79330,0.027347212559841752
52,79331,0.029470694297752675
52,79332,0.0
52,79333,0.0
52,79334,0.0
52,79335,0.0
52,79336,0.0
52,79337,0.0
52,79338,0.0
52,79339,0.0
52,79340,0.0
52,79341,0.0
52,79342,0.0
52,79343,0.0
52,79344,0.0
52,79345,0.0
52,79346,0.0
52,79347,0.0
52,79348,0.0
52,79401,0.0
52,79402,0.0
52,79403,0.0
52,79404,0.0
52,79405,0.0
52,79406,0.0
52,79407,0.0
52,79408,0.0
52,79409,0.0
52,79410,0.0
52,79411,0.0
52,79412,0.0
52,79413,0.0
52,79414,0.0
52,79415,0.0
52,79416,0.0
52,79417,0.0
52,79418,0.01733352179391537
52,79419,0.017234630972577224
52,79420,0.04876674637905778
52,79421,0.018940412837280915
52,79422,0.006768412222171758
52,79423,0.017922983983392895
52,79424,0.05619629954040083
52,79425,0.1141516580155876
52,79426,0.15523580949852778
52,79427,0.2321479080672585
52,79428,0.40127451484353266
52,79429,0.321964178955629
52,79430,0.12458100316432412
52,79431,0.2016070440771533
52,79432,0.010362371552595243
52,79433,0.005243238554321792
52,79434,0.0
52,79435,0.0
52,79436,0.0
52,79437,0.0
52,79438,0.0
52,79439,0.0
52,79440,0.0
52,79441,0.0
52,79442,0.0
52,79443,0.0
52,79444,0.0
52,79445,0.0
52,79446,0.0
52,79447,0.0
52,79448,0.0
52,79501,0.0
52,79502,0.0
52,79503,0.0
52,79504,0.0
52,79505,0.0
52,79506,0.0
52,79507,0.0
52,79508,0.0
52,79509,0.0
52,79510,0.0
52,79511,0.0
52,79512,0.0
52,79513,0.0
52,79514,0.0
52,79515,0.011176483494283834
52,79516,0.29860178127099485
52,79517,0.2394349544689531
52,79518,0.6547599936458891
52,79519,0.395528448968064
52,79520,0.42720258588180493
52,79521,0.6061460413432753
52,79522,0.382420877932124
52,79523,0.9202909379602444
52,79524,0.7686782823745862
52,79525,0.859339848555169
52,79526,0.18600089125721433
52,79527,0.6752854509046458
52,79528,0.3345531394703013
52,79529,0.3212640464608329
52,79530,0.03632119388935491
52,79531,0.08702586142356858
52,79532,0.023569689782851868
52,79533,0.011656110862725593
52,79534,0.0
52,79535,0.0
52,79536,0.0
52,79537,0.0
52,79538,0.0
52,79539,0.0
52,79540,0.0
52,79541,0.0
52,79542,0.0
52,79543,0.0
52,79544,0.0
52,79545,0.0
52,79546,0.0
52,79547,0.0
52,79548,0.0
52,79601,0.0
52,79602,0.0
52,79603,0.0
52,79604,0.0
52,79605,0.0
52,79606,0.0
52,79607,0.0
52,79608,0.0
52,79609,0.0
52,79610,0.0
52,79611,0.0
52,79612,0.0
52,79613,0.0
52,79614,0.0
52,79615,0.015986187249637185
52,79616,0.07697509832686775
52,79617,0.35094018947617417
52,79618,0.5206975672554596
52,79619,0.14005523562130787
52,79620,0.4743495606426045
52,79621,0.8831204204642678
52,79622,0.3268936507780279
52,79623,0.5699632070189068
52,79624,0.8190324073101262
52,79625,0.10433316905228565
52,79626,0.33850329837952836
52,79627,0.5167878264150748
52,79628,0.24157406738727338
52,79629,0.2801063237861643
52,79630,0.4706931176900909
52,79631,0.02960713536753228
52,79632,0.012496066168451132
52,79633,0.0
52,79634,0.0
52,79635,0.0
52,79636,0.0
52,79637,0.0
52,79638,0.0
52,79639,0.0
52,79640,0.0
52,79641,0.0
52,79642,0.0
52,79643,0.0
52,79644,0.0
52,79645,0.0
52,79646,0.0
52,79647,0.0
52,79648,0.0
52,79701,0.0
52,79702,0.0
52,79703,0.0
52,79704,0.0
52,79705,0.0
52,79706,0.0
52,79707,0.0
52,79708,0.0
52,79709,0.0
52,79710,0.0
52,79711,0.0
52,79712,0.0
52,79713,0.0
52,79714,0.0
52,79715,0.04224337139690747
52,79716,0.16235663030897787
52,79717,0.4266255357692617
52,79718,0.13594794966872137
52,79719,0.5534337184152279
52,79720,0.45666956260891717
52,79721,0.4461509099790174
52,79722,0.782882972092341
52,79723,0.5377909490782844
52,79724,0.46708274079369766
52,79725,0.9057016729373017
52,79726,0.6891833546292461
52,79727,0.1939638991708359
52,79728,0.26661025582462655
52,79729,0.18740370959355823
52,79730,0.24620733904146286
52,79731,0.12982874035324246
52,79732,0.02918467885757588
52,79733,0.0296889722111096
52,79734,0.0
52,79735,0.0
52,79736,0.0
52,79737,0.0
52,79738,0.0
52,79739,0.0
52,79740,0.0
52,79741,0.0
52,79742,0.0
52,79743,0.0
52,79744,0.0
52,79745,0.0
52,79746,0.0
52,79747,0.0
52,79748,0.0
52,79801,0.0
52,79802,0.0
52,79803,0.0
52,79804,0.0
52,79805,0.0
52,79806,0.0
52,79807,0.0
52,79808,0.0
52,79809,0.0
52,79810,0.0
52,79811,0.0
52,79812,0.0
52,79813,0.0
52,79814,0.0
52,79815,0.0
52,79816,0.13934253274208
52,79817,0.20942811103809678
52,79818,0.10605347410819897
52,79819,0.06051427685438469
52,79820,0.14703153334941885
52,79821,0.18929147663997503
52,79822,0.06618695464870332
52,79823,0.10209093746690423
52,79824,0.8670040801012713
52,79825,0.1797625584094166
52,79826,0.17577832884291597
52,79827,0.16576582897424708
52,79828,0.10907453650787173
52,79829,0.15187105576268128
52,79830,0.10585674093398188
52,79831,0.05399605053617489
52,79832,0.06482103431487551
52,79833,0.034768503339402686
52,79834,0.0
52,79835,0.0
52,79836,0.0
52,79837,0.0
52,79838,0.0
52,79839,0.0
52,79840,0.0
52,79841,0.0
52,79842,0.0
52,79843,0.0
52,79844,0.0
52,79845,0.0
52,79846,0.0
52,79847,0.0
52,79848,0.0
52,79901,0.0
52,79902,0.0
52,79903,0.0
52,79904,0.0
52,79905,0.0
52,79906,0.0
52,79907,0.0
52,79908,0.0
52,79909,0.0
52,79910,0.0
52,79911,0.0
52,79912,0.0
52,79913,0.0
52,79914,0.0
52,79915,0.006210471391170237
52,79916,0.18330411226132318
52,79917,0.11676402337075373
52,79918,0.22546327841467864
52,79919,0.2122882250424758
52,79920,0.16052851344062383
52,79921,0.1972855900064893
52,79922,0.2126380375482971
52,79923,0.21502144008922977
52,79924,0.4578978349205792
52,79925,0.8116334190061141
52,79926,0.4777789825313765
52,79927,0.08002206583461606
52,79928,0.04494414739122322
52,79929,0.4687710779875119
52,79930,0.2744562092944529
52,79931,0.12473818390514967
52,79932,0.03469187737779939
52,79933,0.0
52,79934,0.0
52,79935,0.0
52,79936,0.0
52,79937,0.0
52,79938,0.0
52,79939,0.0
52,79940,0.0
52,79941,0.0
52,79942,0.0
52,79943,0.0
52,79944,0.0
52,79945,0.0
52,79946,0.0
52,79947,0.0
52,79948,0.0
52,80001,0.0
52,80002,0.0
52,80003,0.0
52,80004,0.0
52,80005,0.0
52,80006,0.0
52,80007,0.0
52,80008,0.0
52,80009,0.0
52,80010,0.0
52,80011,0.0
52,80012,0.0
52,80013,0.0
52,80014,0.0
52,80015,0.0
52,80016,0.02271196269345423
52,80017,0.07313585997237652
52,80018,0.06274043653718583
52,80019,0.046099092297514
52,80020,0.27544844431786397
52,80021,0.10140477435999327
52,80022,0.48317055619090343
52,80023,0.16098733131049944
52,80024,0.26607168133460546
52,80025,0.28004100721464575
52,80026,0.4121896632443139
52,80027,0.34362240159447166
52,80028,0.6788509117076832
52,80029,0.334048221082079
52,80030,0.1397170147146691
52,80031,0.08490857079442146
52,80032,0.021868241465046293
52,80033,0.0
52,80034,0.0
52,80035,0.0
52,80036,0.0
52,80037,0.0
52,80038,0.0
52,80039,0.0
52,80040,0.0
52,80041,0.0
52,80042,0.0
52,80043,0.0
52,80044,0.0
52,80045,0.0
52,80046,0.0
52,80047,0.0
52,80048,0.0
52,80101,0.0
52,80102,0.0
52,80103,0.0
52,80104,0.0
52,80105,0.0
52,80106,0.0
52,80107,0.0
52,80108,0.0
52,80109,0.0
52,80110,0.0
52,80111,0.0
52,80112,0.0
52,80113,0.0
52,80114,0.0
52,80115,0.0
52,80116,0.02860226474842956
52,80117,0.0340101149470807
52,80118,0.056058850333992154
52,80119,0.0915101801198751
52,80120,0.07359066443153908
52,80121,0.11033246532873349
52,80122,0.10871142309828587
52,80123,0.21910083939077027
52,80124,0.1788542153051627
52,80125,0.06916604945373367
52,80126,0.02464017258361303
52,80127,0.23556233755897196
52,80128,0.111653048073806
52,80129,0.0143786791868951
52,80130,0.05065453852112591
52,80131,0.021700803594662386
52,80132,0.02728197067138781
52,80133,0.0
52,80134,0.0
52,80135,0.0
52,80136,0.0
52,80137,0.0
52,80138,0.0
52,80139,0.0
52,80140,0.0
52,80141,0.0
52,80142,0.0
52,80143,0.0
52,80144,0.0
52,80145,0.0
52,80146,0.0
52,80147,0.0
52,80148,0.0
52,80201,0.0
52,80202,0.0
52,80203,0.0
52,80204,0.0
52,80205,0.0
52,80206,0.0
52,80207,0.0
52,80208,0.0
52,80209,0.0
52,80210,0.0
52,80211,0.0
52,80212,0.0
52,80213,0.0
52,80214,0.0
52,80215,0.007474953347080842
52,80216,0.0518951332028033
52,80217,0.12311582524625067
52,80218,0.04550640206726587
52,80219,0.04912325210741745
52,80220,0.11804359730287982
52,80221,0.21975447434819856
52,80222,0.19109952523171098
52,80223,0.16519189907244475
52,80224,0.08604261375736776
52,80225,0.15438292597578473
52,80226,0.037029509290642276
52,80227,0.0684585014358946
52,80228,0.048522354328798006
52,80229,0.044623376506481474
52,80230,0.05520660493379972
52,80231,0.01535419493928615
52,80232,0.012430478790458728
52,80233,0.0
52,80234,0.0
52,80235,0.0
52,80236,0.0
52,80237,0.0
52,80238,0.0
52,80239,0.0
52,80240,0.0
52,80241,0.0
52,80242,0.0
52,80243,0.0
52,80244,0.0
52,80245,0.0
52,80246,0.0
52,80247,0.0
52,80248,0.0
52,80301,0.0
52,80302,0.0
52,80303,0.0
52,80304,0.0
52,80305,0.0
52,80306,0.0
52,80307,0.0
52,80308,0.0
52,80309,0.0
52,80310,0.0
52,80311,0.0
52,80312,0.0
52,80313,0.0
52,80314,0.0
52,80315,0.0
52,80316,0.0
52,80317,0.02660205100477123
52,80318,0.027771782189503352
52,80319,0.017794370187106005
52,80320,0.012330337830119303
52,80321,0.015801664313701023
52,80322,0.0288978014711453
52,80323,0.035022150219503494
52,80324,0.10277709989767712
52,80325,0.07170851726839234
52,80326,0.01822412446717877
52,80327,0.05301258368029219
52,80328,0.12206292163767019
52,80329,0.08585748817700815
52,80330,0.0268030449071352
52,80331,0.014451710582429871
52,80332,0.047410246560939354
52,80333,0.018739290571881524
52,80334,0.0
52,80335,0.0
52,80336,0.0
52,80337,0.0
52,80338,0.0
52,80339,0.0
52,80340,0.0
52,80341,0.0
52,80342,0.0
52,80343,0.0
52,80344,0.0
52,80345,0.0
52,80346,0.0
52,80347,0.0
52,80348,0.0
52,80401,0.0
52,80402,0.0
52,80403,0.0
52,80404,0.0
52,80405,0.0
52,80406,0.0
52,80407,0.0
52,80408,0.0
52,80409,0.0
52,80410,0.0
52,80411,0.0
52,80412,0.0
52,80413,0.0
52,80414,0.0
52,80415,0.0
52,80416,0.07165375224072741
52,80417,0.06953581336918509
52,80418,0.15547421772881012
52,80419,0.22453555615980395
52,80420,0.19517663063136878
52,80421,0.48601365385127077
52,80422,0.20234896025020133
52,80423,0.16373100827599193
52,80424,0.4758180449194816
52,80425,0.816570171020645
52,80426,0.38066346150218994
52,80427,0.4165420739826144
52,80428,0.15980398526003456
52,80429,0.34160416492340745
52,80430,0.1023291858572005
52,80431,0.02716738190832115
52,80432,0.007941672460138348
52,80433,0.02240561777291899
52,80434,0.0
52,80435,0.0
52,80436,0.0
52,80437,0.0
52,80438,0.0
52,80439,0.0
52,80440,0.0
52,80441,0.0
52,80442,0.0
52,80443,0.0
52,80444,0.0
52,80445,0.0
52,80446,0.0
52,80447,0.0
52,80448,0.0
52,80501,0.0
52,80502,0.0
52,80503,0.0
52,80504,0.0
52,80505,0.0
52,80506,0.0
52,80507,0.0
52,80508,0.0
52,80509,0.0
52,80510,0.0
52,80511,0.0
52,80512,0.0
52,80513,0.0
52,80514,0.0
52,80515,0.0
52,80516,0.07601294525898193
52,80517,0.14899695026766754
52,80518,0.24721591740729948
52,80519,0.638020371308216
52,80520,0.6501364640077281
52,80521,0.4345431615894532
52,80522,0.8362534245456891
52,80523,0.8876455269161555
52,80524,0.40918515125393884
52,80525,0.3591334936123936
52,80526,0.5078981394164788
52,80527,0.3835147753099128
52,80528,0.617256063906909
52,80529,0.18847003747241603
52,80530,0.030385435934546238
52,80531,0.024573483238262802
52,80532,0.017867352047356462
52,80533,0.0
52,80534,0.0
52,80535,0.0
52,80536,0.0
52,80537,0.0
52,80538,0.0
52,80539,0.0
52,80540,0.0
52,80541,0.0
52,80542,0.0
52,80543,0.0
52,80544,0.0
52,80545,0.0
52,80546,0.0
52,80547,0.0
52,80548,0.0
52,80601,0.0
52,80602,0.0
52,80603,0.0
52,80604,0.0
52,80605,0.0
52,80606,0.0
52,80607,0.0
52,80608,0.0
52,80609,0.0
52,80610,0.0
52,80611,0.0
52,80612,0.0
52,80613,0.0
52,80614,0.0
52,80615,0.0
52,80616,0.0
52,80617,0.015320398397551949
52,80618,0.060041563995230786
52,80619,0.041107230865649436
52,80620,0.1093618575328989
52,80621,0.13045799712653772
52,80622,0.3360064512682194
52,80623,0.14627097098813596
52,80624,0.5222489353086449
52,80625,0.8220184998910431
52,80626,0.3351485717842672
52,80627,0.32347938089588985
52,80628,0.20991525920917573
52,80629,0.05020600140141508
52,80630,0.14265583236869062
52,80631,0.07342009904558931
52,80632,0.03772785528101851
52,80633,0.005136320602088911
52,80634,0.0
52,80635,0.0
52,80636,0.0
52,80637,0.0
52,80638,0.0
52,80639,0.0
52,80640,0.0
52,80641,0.0
52,80642,0.0
52,80643,0.0
52,80644,0.0
52,80645,0.0
52,80646,0.0
52,80647,0.0
52,80648,0.0
52,80701,0.0
52,80702,0.0
52,80703,0.0
52,80704,0.0
52,80705,0.0
52,80706,0.0
52,80707,0.0
52,80708,0.0
52,80709,0.0
52,80710,0.0
52,80711,0.0
52,80712,0.0
52,80713,0.0
52,80714,0.0
52,80715,0.0
52,80716,0.0
52,80717,0.03136773266200809
52,80718,0.08547194168545949
52,80719,0.048199913433642494
52,80720,0.03570448441781325
52,80721,0.06916983601738279
52,80722,0.16296559529274987
52,80723,0.29852597001478276
52,80724,0.17663018479325554
52,80725,0.2813485856571568
52,80726,0.35070010118614453
52,80727,0.10235930888783158
52,80728,0.21866370880929495
52,80729,0.1493053538394798
52,80730,0.1518979352681207
52,80731,0.059389500086510165
52,80732,0.015786148805660587
52,80733,0.00732701702527392
52,80734,0.0
52,80735,0.0
52,80736,0.0
52,80737,0.0
52,80738,0.0
52,80739,0.0
52,80740,0.0
52,80741,0.0
52,80742,0.0
52,80743,0.0
52,80744,0.0
52,80745,0.0
52,80746,0.0
52,80747,0.0
52,80748,0.0
52,80801,0.0
52,80802,0.0
52,80803,0.0
52,80804,0.0
52,80805,0.0
52,80806,0.0
52,80807,0.0
52,80808,0.0
52,80809,0.0
52,80810,0.0
52,80811,0.0
52,80812,0.0
52,80813,0.0
52,80814,0.0
52,80815,0.0
52,80816,0.05445021494708754
52,80817,0.4443435398213038
52,80818,0.22319272607478277
52,80819,0.337429534018534
52,80820,0.7608737956428844
52,80821,0.8054973193233934
52,80822,0.5333050720502527
52,80823,0.9323714008723268
52,80824,0.694233337472723
52,80825,0.8908199109671442
52,80826,0.6671648218557885
52,80827,0.8239564391203597
52,80828,0.5521829785348169
52,80829,0.43035216945775645
52,80830,0.19108258159318578
52,80831,0.06900860562818945
52,80832,0.029417327221165412
52,80833,0.0
52,80834,0.0
52,80835,0.0
52,80836,0.0
52,80837,0.0
52,80838,0.0
52,80839,0.0
52,80840,0.0
52,80841,0.0
52,80842,0.0
52,80843,0.0
52,80844,0.0
52,80845,0.0
52,80846,0.0
52,80847,0.0
52,80848,0.0
52,80901,0.0
52,80902,0.0
52,80903,0.0
52,80904,0.0
52,80905,0.0
52,80906,0.0
52,80907,0.0
52,80908,0.0
52,80909,0.0
52,80910,0.0
52,80911,0.0
52,80912,0.0
52,80913,0.0
52,80914,0.0
52,80915,0.0
52,80916,0.04745697307339459
52,80917,0.47395618267075545
52,80918,0.6592906849274333
52,80919,0.6800326322131258
52,80920,0.328297670936698
52,80921,0.16904246320221006
52,80922,0.9549919553203666
52,80923,0.7339338908703934
52,80924,0.6743099215062801
52,80925,0.8207891295688005
52,80926,0.7178136426471927
52,80927,0.4305634238017576
52,80928,0.5114219788263815
52,80929,0.2742533790753764
52,80930,0.11986649943308904
52,80931,0.05611579713859773
52,80932,0.019031017647322585
52,80933,0.0
52,80934,0.0
52,80935,0.0
52,80936,0.0
52,80937,0.0
52,80938,0.0
52,80939,0.0
52,80940,0.0
52,80941,0.0
52,80942,0.0
52,80943,0.0
52,80944,0.0
52,80945,0.0
52,80946,0.0
52,80947,0.0
52,80948,0.0
52,81001,0.0
52,81002,0.0
52,81003,0.0
52,81004,0.0
52,81005,0.0
52,81006,0.0
52,81007,0.0
52,81008,0.0
52,81009,0.0
52,81010,0.0
52,81011,0.0
52,81012,0.0
52,81013,0.0
52,81014,0.0
52,81015,0.0
52,81016,0.01786434352584556
52,81017,0.06165466462640824
52,81018,0.16274141447339993
52,81019,0.2220224666917875
52,81020,0.566355566904315
52,81021,0.10395766154344196
52,81022,0.20695615088442035
52,81023,0.3898241491672336
52,81024,0.3239756452298674
52,81025,0.6930097815206334
52,81026,0.32536082776118375
52,81027,0.3265267597140378
52,81028,0.072507281674844
52,81029,0.20958332145640438
52,81030,0.2804034612411275
52,81031,0.09738337147994369
52,81032,0.11270822465092853
52,81033,0.028537734947278893
52,81034,0.02866964473628946
52,81035,0.0
52,81036,0.0
52,81037,0.0
52,81038,0.0
52,81039,0.0
52,81040,0.0
52,81041,0.0
52,81042,0.0
52,81043,0.0
52,81044,0.0
52,81045,0.0
52,81046,0.0
52,81047,0.0
52,81048,0.0
52,81101,0.0
52,81102,0.0
52,81103,0.0
52,81104,0.0
52,81105,0.0
52,81106,0.0
52,81107,0.0
52,81108,0.0
52,81109,0.0
52,81110,0.0
52,81111,0.0
52,81112,0.0
52,81113,0.0
52,81114,0.0
52,81115,0.0
52,81116,0.02202016106201568
52,81117,0.0
52,81118,0.0
52,81119,0.0
52,81120,0.056135641232067525
52,81121,0.05028740334344714
52,81122,0.01996172532417376
52,81123,0.012570484472604821
52,81124,0.006246866202595004
52,81125,0.01374462555397728
52,81126,0.010025413203526377
52,81127,0.1303913784898252
52,81128,0.0
52,81129,0.0
52,81130,0.0
52,81131,0.02598903330778033
52,81132,0.0
52,81133,0.0
52,81134,0.0
52,81135,0.0
52,81136,0.0
52,81137,0.0
52,81138,0.0
52,81139,0.0
52,81140,0.0
52,81141,0.0
52,81142,0.0
52,81143,0.0
52,81144,0.0
52,81145,0.0
52,81146,0.0
52,81147,0.0
52,81148,0.0
52,81201,0.0
52,81202,0.0
52,81203,0.0
52,81204,0.0
52,81205,0.0
52,81206,0.0
52,81207,0.0
52,81208,0.0
52,81209,0.0
52,81210,0.0
52,81211,0.0
52,81212,0.0
52,81213,0.0
52,81214,0.0
52,81215,0.029975446811548807
52,81216,0.02719022495118586
52,81217,0.08084335301371774
52,81218,0.08954001277702023
52,81219,0.14658687752899727
52,81220,0.16290857052335989
52,81221,0.3188904553592083
52,81222,0.17534548107267267
52,81223,0.5430699574127262
52,81224,0.23440174118707777
52,81225,0.6887539581512955
52,81226,0.3580439306546777
52,81227,0.5170000637722564
52,81228,0.5097806095629216
52,81229,0.04926172363228598
52,81230,0.11618650768917602
52,81231,0.019902342195755353
52,81232,0.04208599076440191
52,81233,0.08920440406914057
52,81234,0.0
52,81235,0.0
52,81236,0.0
52,81237,0.0
52,81238,0.0
52,81239,0.0
52,81240,0.0
52,81241,0.0
52,81242,0.0
52,81243,0.0
52,81244,0.0
52,81245,0.0
52,81246,0.0
52,81247,0.0
52,81248,0.0
52,81301,0.0
52,81302,0.0
52,81303,0.0
52,81304,0.0
52,81305,0.0
52,81306,0.0
52,81307,0.0
52,81308,0.0
52,81309,0.0
52,81310,0.0
52,81311,0.0
52,81312,0.0
52,81313,0.0
52,81314,0.0
52,81315,0.0
52,81316,0.0792352047137999
52,81317,0.10821272112759112
52,81318,0.11361729131431016
52,81319,0.3585563696518967
52,81320,0.2575144578449238
52,81321,0.2256831773845982
52,81322,0.2347188723302833
52,81323,0.4504398024035893
52,81324,0.5848012956697621
52,81325,0.13510751983835803
52,81326,0.19579197631331396
52,81327,0.021239700047078428
52,81328,0.06385709189646006
52,81329,0.12967904413852993
52,81330,0.06942495877771426
52,81331,0.08069817500487617
52,81332,0.04034317268030971
52,81333,0.010238607657064715
52,81334,0.0
52,81335,0.0
52,81336,0.0
52,81337,0.0
52,81338,0.0
52,81339,0.0
52,81340,0.0
52,81341,0.0
52,81342,0.0
52,81343,0.0
52,81344,0.0
52,81345,0.0
52,81346,0.0
52,81347,0.0
52,81348,0.0
52,81401,0.0
52,81402,0.0
52,81403,0.0
52,81404,0.0
52,81405,0.0
52,81406,0.0
52,81407,0.0
52,81408,0.0
52,81409,0.0
52,81410,0.0
52,81411,0.0
52,81412,0.0
52,81413,0.0
52,81414,0.0
52,81415,0.0
52,81416,0.01150681556034457
52,81417,0.022315082640974825
52,81418,0.025676039630755914
52,81419,0.11734632811709829
52,81420,0.21127076628365002
52,81421,0.4362536742384416
52,81422,0.6520688371464659
52,81423,0.16405927439546528
52,81424,0.1142684735948865
52,81425,0.2468104097029095
52,81426,0.31373143392024355
52,81427,0.5846495831029768
52,81428,0.24867090285903343
52,81429,0.18138320074217312
52,81430,0.08286282826787221
52,81431,0.1345763979178999
52,81432,0.1188976276875443
52,81433,0.0
52,81434,0.0
52,81435,0.0
52,81436,0.0
52,81437,0.0
52,81438,0.0
52,81439,0.0
52,81440,0.0
52,81441,0.0
52,81442,0.0
52,81443,0.0
52,81444,0.0
52,81445,0.0
52,81446,0.0
52,81447,0.0
52,81448,0.0
52,81501,0.0
52,81502,0.0
52,81503,0.0
52,81504,0.0
52,81505,0.0
52,81506,0.0
52,81507,0.0
52,81508,0.0
52,81509,0.0
52,81510,0.0
52,81511,0.0
52,81512,0.0
52,81513,0.0
52,81514,0.0
52,81515,0.0
52,81516,0.02242623470787361
52,81517,0.2512608926897716
52,81518,0.0493476345847306
52,81519,0.13317176971764721
52,81520,0.115551930273491
52,81521,0.39488047448770364
52,81522,0.14056702841975
52,81523,0.3549931940451916
52,81524,0.820562213528596
52,81525,0.42703863787971125
52,81526,0.31712727761744436
52,81527,0.1245122537092146
52,81528,0.44814707314545227
52,81529,0.12865279055671386
52,81530,0.09514159503416118
52,81531,0.059849053482322036
52,81532,0.07880773574568714
52,81533,0.0
52,81534,0.0
52,81535,0.0
52,81536,0.0
52,81537,0.0
52,81538,0.0
52,81539,0.0
52,81540,0.0
52,81541,0.0
52,81542,0.0
52,81543,0.0
52,81544,0.0
52,81545,0.0
52,81546,0.0
52,81547,0.0
52,81548,0.0
52,81601,0.0
52,81602,0.0
52,81603,0.0
52,81604,0.0
52,81605,0.0
52,81606,0.0
52,81607,0.0
52,81608,0.0
52,81609,0.0
52,81610,0.0
52,81611,0.0
52,81612,0.0
52,81613,0.0
52,81614,0.0
52,81615,0.0
52,81616,0.0
52,81617,0.04651454597646687
52,81618,0.01970206897703353
52,81619,0.057894638468041104
52,81620,0.045896495962962996
52,81621,0.2361752140847553
52,81622,0.15458435162663461
52,81623,0.07065829092402424
52,81624,0.20790346298275508
52,81625,0.018152320798155597
52,81626,0.01291095500172251
52,81627,0.00884298578882148
52,81628,0.013086271576851652
52,81629,0.10450743086735015
52,81630,0.05221599474054764
52,81631,0.013178953912502091
52,81632,0.021694676889196626
52,81633,0.0
52,81634,0.0
52,81635,0.0
52,81636,0.0
52,81637,0.0
52,81638,0.0
52,81639,0.0
52,81640,0.0
52,81641,0.0
52,81642,0.0
52,81643,0.0
52,81644,0.0
52,81645,0.0
52,81646,0.0
52,81647,0.0
52,81648,0.0
52,81701,0.0
52,81702,0.0
52,81703,0.0
52,81704,0.0
52,81705,0.0
52,81706,0.0
52,81707,0.0
52,81708,0.0
52,81709,0.0
52,81710,0.0
52,81711,0.0
52,81712,0.0
52,81713,0.0
52,81714,0.0
52,81715,0.0
52,81716,0.02643763849877482
52,81717,0.3681583462093832
52,81718,0.5378579723396167
52,81719,0.2841856827444346
52,81720,0.7840169029550844
52,81721,0.3808112696789329
52,81722,0.5748547794938139
52,81723,0.7158803352965984
52,81724,0.8549108501485535
52,81725,0.37877988442692034
52,81726,0.6704261496571428
52,81727,0.6807349579597313
52,81728,0.3628114679719777
52,81729,0.5435293234585415
52,81730,0.3531669804020318
52,81731,0.0864616000074958
52,81732,0.023253953622867023
52,81733,0.0
52,81734,0.0
52,81735,0.0
52,81736,0.0
52,81737,0.0
52,81738,0.0
52,81739,0.0
52,81740,0.0
52,81741,0.0
52,81742,0.0
52,81743,0.0
52,81744,0.0
52,81745,0.0
52,81746,0.0
52,81747,0.0
52,81748,0.0
52,81801,0.0
52,81802,0.0
52,81803,0.0
52,81804,0.0
52,81805,0.0
52,81806,0.0
52,81807,0.0
52,81808,0.0
52,81809,0.0
52,81810,0.0
52,81811,0.0
52,81812,0.0
52,81813,0.0
52,81814,0.0
52,81815,0.0
52,81816,0.022703915704152734
52,81817,0.16480046386996605
52,81818,0.23752584400174395
52,81819,0.3726620439147725
52,81820,0.7630414644404101
52,81821,0.8002751267511401
52,81822,0.5423368172125782
52,81823,0.3632466665286318
52,81824,0.43862614077379636
52,81825,0.5979943428316921
52,81826,0.4196438218984107
52,81827,0.4842279711890046
52,81828,0.6416291921445676
52,81829,0.41666047275677826
52,81830,0.32104165766667164
52,81831,0.06356857174240776
52,81832,0.0
52,81833,0.0
52,81834,0.0
52,81835,0.0
52,81836,0.0
52,81837,0.0
52,81838,0.0
52,81839,0.0
52,81840,0.0
52,81841,0.0
52,81842,0.0
52,81843,0.0
52,81844,0.0
52,81845,0.0
52,81846,0.0
52,81847,0.0
52,81848,0.0
52,81901,0.0
52,81902,0.0
52,81903,0.0
52,81904,0.0
52,81905,0.0
52,81906,0.0
52,81907,0.0
52,81908,0.0
52,81909,0.0
52,81910,0.0
52,81911,0.0
52,81912,0.0
52,81913,0.0
52,81914,0.0
52,81915,0.0
52,81916,0.029985780256404297
52,81917,0.4358983023299497
52,81918,0.2926580676387355
52,81919,0.29093700709424675
52,81920,0.2459056670258332
52,81921,0.5685549964929726
52,81922,0.4341592006572703
52,81923,0.975322991965952
52,81924,0.3541378221488407
52,81925,0.711012366992247
52,81926,0.42720465777623773
52,81927,0.3763075302650738
52,81928,0.38428873289268217
52,81929,0.49393501608442825
52,81930,0.19892719616915241
52,81931,0.049868342022572135
52,81932,0.0333184828048798
52,81933,0.007770396487890958
52,81934,0.0
52,81935,0.0
52,81936,0.0
52,81937,0.0
52,81938,0.0
52,81939,0.0
52,81940,0.0
52,81941,0.0
52,81942,0.0
52,81943,0.0
52,81944,0.0
52,81945,0.0
52,81946,0.0
52,81947,0.0
52,81948,0.0
52,82001,0.0
52,82002,0.0
52,82003,0.0
52,82004,0.0
52,82005,0.0
52,82006,0.0
52,82007,0.0
52,82008,0.0
52,82009,0.0
52,82010,0.0
52,82011,0.0
52,82012,0.0
52,82013,0.0
52,82014,0.0
52,82015,0.0
52,82016,0.02008356115441295
52,82017,0.12384963390658289
52,82018,0.11722835224242341
52,82019,0.14067495098507127
52,82020,0.3554749694053929
52,82021,0.3004726027367434
52,82022,0.8056354888101347
52,82023,0.6203510572721831
52,82024,0.895070731158194
52,82025,0.3895507361370019
52,82026,0.5450854842312702
52,82027,0.1614358281213576
52,82028,0.3671439271153605
52,82029,0.3208114554349267
52,82030,0.2297593169873123
52,82031,0.08487824705548697
52,82032,0.00725310575810192
52,82033,0.0
52,82034,0.0
52,82035,0.0
52,82036,0.0
52,82037,0.0
52,82038,0.0
52,82039,0.0
52,82040,0.0
52,82041,0.0
52,82042,0.0
52,82043,0.0
52,82044,0.0
52,82045,0.0
52,82046,0.0
52,82047,0.0
52,82048,0.0
52,82101,0.0
52,82102,0.0
52,82103,0.0
52,82104,0.0
52,82105,0.0
52,82106,0.0
52,82107,0.0
52,82108,0.0
52,82109,0.0
52,82110,0.0
52,82111,0.0
52,82112,0.0
52,82113,0.0
52,82114,0.0
52,82115,0.0
52,82116,0.01103657306057832
52,82117,0.2139042650132907
52,82118,0.5620017087948956
52,82119,0.7829197097091858
52,82120,0.5039086315977
52,82121,0.7409128341425227
52,82122,0.8302623706503562
52,82123,0.6319117331908578
52,82124,0.6406994280154589
52,82125,0.4008398081331779
52,82126,0.8921164803324186
52,82127,0.2825241192431911
52,82128,0.24522572128894546
52,82129,0.1451071480272207
52,82130,0.10841175712131527
52,82131,0.05904108121264869
52,82132,0.025008259986052536
52,82133,0.01887817473424372
52,82134,0.0
52,82135,0.0
52,82136,0.0
52,82137,0.0
52,82138,0.0
52,82139,0.0
52,82140,0.0
52,82141,0.0
52,82142,0.0
52,82143,0.0
52,82144,0.0
52,82145,0.0
52,82146,0.0
52,82147,0.0
52,82148,0.0
52,82201,0.0
52,82202,0.0
52,82203,0.0
52,82204,0.0
52,82205,0.0
52,82206,0.0
52,82207,0.0
52,82208,0.0
52,82209,0.0
52,82210,0.0
52,82211,0.0
52,82212,0.0
52,82213,0.0
52,82214,0.0
52,82215,0.0
52,82216,0.0
52,82217,0.15398425135895336
52,82218,0.09823612029736496
52,82219,0.3589026297209213
52,82220,0.15194193540775758
52,82221,0.3331332335374463
52,82222,0.3177318587929217
52,82223,0.13461535763480995
52,82224,0.2242940495958
52,82225,0.09511460660661196
52,82226,0.22494815167590299
52,82227,0.10580918215220195
52,82228,0.05429834170826366
52,82229,0.04238701578685992
52,82230,0.018473021035955044
52,82231,0.04344324422875663
52,82232,0.005083249810057415
52,82233,0.008589209744582986
52,82234,0.0
52,82235,0.0
52,82236,0.0
52,82237,0.0
52,82238,0.0
52,82239,0.0
52,82240,0.0
52,82241,0.0
52,82242,0.0
52,82243,0.0
52,82244,0.0
52,82245,0.0
52,82246,0.0
52,82247,0.0
52,82248,0.0
52,82301,0.0
52,82302,0.0
52,82303,0.0
52,82304,0.0
52,82305,0.0
52,82306,0.0
52,82307,0.0
52,82308,0.0
52,82309,0.0
52,82310,0.0
52,82311,0.0
52,82312,0.0
52,82313,0.0
52,82314,0.0
52,82315,0.0
52,82316,0.017214429486808736
52,82317,0.40588913798542675
52,82318,0.559454956923469
52,82319,0.7766520862180107
52,82320,0.28358648191051394
52,82321,0.5776293041210139
52,82322,0.9878908257709121
52,82323,0.9690539730292769
52,82324,0.21767256409319666
52,82325,0.6840835730874153
52,82326,0.8103038537742625
52,82327,0.5566947086544184
52,82328,0.5586201619551427
52,82329,0.6151032255761628
52,82330,0.08444966299693732
52,82331,0.024978913809639278
52,82332,0.022028199102708253
52,82333,0.0
52,82334,0.0
52,82335,0.0
52,82336,0.0
52,82337,0.0
52,82338,0.0
52,82339,0.0
52,82340,0.0
52,82341,0.0
52,82342,0.0
52,82343,0.0
52,82344,0.0
52,82345,0.0
52,82346,0.0
52,82347,0.0
52,82348,0.0
52,82401,0.0
52,82402,0.0
52,82403,0.0
52,82404,0.0
52,82405,0.0
52,82406,0.0
52,82407,0.0
52,82408,0.0
52,82409,0.0
52,82410,0.0
52,82411,0.0
52,82412,0.0
52,82413,0.0
52,82414,0.0
52,82415,0.0
52,82416,0.020495390656551257
52,82417,0.3732596651517919
52,82418,0.11680363601792032
52,82419,0.22969482651668324
52,82420,0.5857877189347629
52,82421,0.47976704624761907
52,82422,0.7348797220562654
52,82423,0.5662907218912914
52,82424,0.7801955538379872
52,82425,0.8747130002661266
52,82426,0.8520840628707508
52,82427,0.403812502370918
52,82428,0.4329871192633934
52,82429,0.4507125903044844
52,82430,0.36666502431444464
52,82431,0.04294237584588192
52,82432,0.010643537935872265
52,82433,0.0
52,82434,0.0
52,82435,0.0
52,82436,0.0
52,82437,0.0
52,82438,0.0
52,82439,0.0
52,82440,0.0
52,82441,0.0
52,82442,0.0
52,82443,0.0
52,82444,0.0
52,82445,0.0
52,82446,0.0
52,82447,0.0
52,82448,0.0
