ID,DT,Usage
92,46801,0.0
92,46802,0.0
92,46803,0.0
92,46804,0.0
92,46805,0.0
92,46806,0.0
92,46807,0.0
92,46808,0.0
92,46809,0.0
92,46810,0.0
92,46811,0.0
92,46812,0.0
92,46813,0.0
92,46814,0.0
92,46815,0.0
92,46816,0.0
92,46817,0.01
92,46818,0.01
92,46819,0.02
92,46820,0.06
92,46821,0.11
92,46822,0.15
92,46823,0.16
92,46824,0.19
92,46825,0.15
92,46826,0.19
92,46827,0.03
92,46828,0.07
92,46829,0.04
92,46830,0.04
92,46831,0.09
92,46832,0.17
92,46833,0.07
92,46834,0.03
92,46835,0.0
92,46836,0.0
92,46837,0.0
92,46838,0.0
92,46839,0.0
92,46840,0.0
92,46841,0.0
92,46842,0.0
92,46843,0.0
92,46844,0.0
92,46845,0.0
92,46846,0.0
92,46847,0.0
92,46848,0.0
92,46901,0.0
92,46902,0.0
92,46903,0.0
92,46904,0.0
92,46905,0.0
92,46906,0.0
92,46907,0.0
92,46908,0.0
92,46909,0.0
92,46910,0.0
92,46911,0.0
92,46912,0.0
92,46913,0.0
92,46914,0.0
92,46915,0.0
92,46916,0.01
92,46917,0.01
92,46918,0.01
92,46919,0.01
92,46920,0.05
92,46921,0.11
92,46922,0.17
92,46923,0.2
92,46924,0.24
92,46925,0.27
92,46926,0.28
92,46927,0.29
92,46928,0.29
92,46929,0.28
92,46930,0.26
92,46931,0.22
92,46932,0.17
92,46933,0.11
92,46934,0.03
92,46935,0.0
92,46936,0.0
92,46937,0.0
92,46938,0.0
92,46939,0.0
92,46940,0.0
92,46941,0.0
92,46942,0.0
92,46943,0.0
92,46944,0.0
92,46945,0.0
92,46946,0.0
92,46947,0.0
92,46948,0.0
92,47001,0.0
92,47002,0.0
92,47003,0.0
92,47004,0.0
92,47005,0.0
92,47006,0.0
92,47007,0.0
92,47008,0.0
92,47009,0.0
92,47010,0.0
92,47011,0.0
92,47012,0.0
92,47013,0.0
92,47014,0.0
92,47015,0.0
92,47016,0.01
92,47017,0.01
92,47018,0.01
92,47019,0.02
92,47020,0.06
92,47021,0.09
92,47022,0.14
92,47023,0.21
92,47024,0.24
92,47025,0.26
92,47026,0.26
92,47027,0.28
92,47028,0.33
92,47029,0.26
92,47030,0.26
92,47031,0.19
92,47032,0.11
92,47033,0.04
92,47034,0.02
92,47035,0.0
92,47036,0.0
92,47037,0.0
92,47038,0.0
92,47039,0.0
92,47040,0.0
92,47041,0.0
92,47042,0.0
92,47043,0.0
92,47044,0.0
92,47045,0.0
92,47046,0.0
92,47047,0.0
92,47048,0.0
92,47101,0.0
92,47102,0.0
92,47103,0.0
92,47104,0.0
92,47105,0.0
92,47106,0.0
92,47107,0.0
92,47108,0.0
92,47109,0.0
92,47110,0.0
92,47111,0.0
92,47112,0.0
92,47113,0.0
92,47114,0.0
92,47115,0.0
92,47116,0.0
92,47117,0.01
92,47118,0.01
92,47119,0.01
92,47120,0.06
92,47121,0.11
92,47122,0.16
92,47123,0.21
92,47124,0.24
92,47125,0.26
92,47126,0.28
92,47127,0.29
92,47128,0.28
92,47129,0.28
92,47130,0.24
92,47131,0.22
92,47132,0.15
92,47133,0.12
92,47134,0.03
92,47135,0.0
92,47136,0.0
92,47137,0.0
92,47138,0.0
92,47139,0.0
92,47140,0.0
92,47141,0.0
92,47142,0.0
92,47143,0.0
92,47144,0.0
92,47145,0.0
92,47146,0.0
92,47147,0.0
92,47148,0.0
92,47201,0.0
92,47202,0.0
92,47203,0.0
92,47204,0.0
92,47205,0.0
92,47206,0.0
92,47207,0.0
92,47208,0.0
92,47209,0.0
92,47210,0.0
92,47211,0.0
92,47212,0.0
92,47213,0.0
92,47214,0.0
92,47215,0.0
92,47216,0.01
92,47217,0.01
92,47218,0.01
92,47219,0.01
92,47220,0.05
92,47221,0.12
92,47222,0.16
92,47223,0.22
92,47224,0.24
92,47225,0.27
92,47226,0.28
92,47227,0.29
92,47228,0.29
92,47229,0.28
92,47230,0.26
92,47231,0.23
92,47232,0.18
92,47233,0.12
92,47234,0.04
92,47235,0.0
92,47236,0.0
92,47237,0.0
92,47238,0.0
92,47239,0.0
92,47240,0.0
92,47241,0.0
92,47242,0.0
92,47243,0.0
92,47244,0.0
92,47245,0.0
92,47246,0.0
92,47247,0.0
92,47248,0.0
92,47301,0.0
92,47302,0.0
92,47303,0.0
92,47304,0.0
92,47305,0.0
92,47306,0.0
92,47307,0.0
92,47308,0.0
92,47309,0.0
92,47310,0.0
92,47311,0.0
92,47312,0.0
92,47313,0.0
92,47314,0.0
92,47315,0.0
92,47316,0.01
92,47317,0.01
92,47318,0.01
92,47319,0.01
92,47320,0.05
92,47321,0.11
92,47322,0.17
92,47323,0.21
92,47324,0.24
92,47325,0.27
92,47326,0.29
92,47327,0.29
92,47328,0.29
92,47329,0.28
92,47330,0.26
92,47331,0.23
92,47332,0.19
92,47333,0.13
92,47334,0.04
92,47335,0.0
92,47336,0.0
92,47337,0.0
92,47338,0.0
92,47339,0.0
92,47340,0.0
92,47341,0.0
92,47342,0.0
92,47343,0.0
92,47344,0.0
92,47345,0.0
92,47346,0.0
92,47347,0.0
92,47348,0.0
92,47401,0.0
92,47402,0.0
92,47403,0.0
92,47404,0.0
92,47405,0.0
92,47406,0.0
92,47407,0.0
92,47408,0.0
92,47409,0.0
92,47410,0.0
92,47411,0.0
92,47412,0.0
92,47413,0.0
92,47414,0.0
92,47415,0.0
92,47416,0.01
92,47417,0.01
92,47418,0.01
92,47419,0.02
92,47420,0.05
92,47421,0.12
92,47422,0.17
92,47423,0.21
92,47424,0.24
92,47425,0.27
92,47426,0.29
92,47427,0.29
92,47428,0.29
92,47429,0.28
92,47430,0.26
92,47431,0.23
92,47432,0.19
92,47433,0.12
92,47434,0.04
92,47435,0.0
92,47436,0.0
92,47437,0.0
92,47438,0.0
92,47439,0.0
92,47440,0.0
92,47441,0.0
92,47442,0.0
92,47443,0.0
92,47444,0.0
92,47445,0.0
92,47446,0.0
92,47447,0.0
92,47448,0.0
92,47501,0.0
92,47502,0.0
92,47503,0.0
92,47504,0.0
92,47505,0.0
92,47506,0.0
92,47507,0.0
92,47508,0.0
92,47509,0.0
92,47510,0.0
92,47511,0.0
92,47512,0.0
92,47513,0.0
92,47514,0.0
92,47515,0.0
92,47516,0.01
92,47517,0.01
92,47518,0.01
92,47519,0.01
92,47520,0.05
92,47521,0.11
92,47522,0.17
92,47523,0.22
92,47524,0.24
92,47525,0.27
92,47526,0.28
92,47527,0.28
92,47528,0.28
92,47529,0.28
92,47530,0.24
92,47531,0.23
92,47532,0.17
92,47533,0.12
92,47534,0.04
92,47535,0.0
92,47536,0.0
92,47537,0.0
92,47538,0.0
92,47539,0.0
92,47540,0.0
92,47541,0.0
92,47542,0.0
92,47543,0.0
92,47544,0.0
92,47545,0.0
92,47546,0.0
92,47547,0.0
92,47548,0.0
92,47601,0.0
92,47602,0.0
92,47603,0.0
92,47604,0.0
92,47605,0.0
92,47606,0.0
92,47607,0.0
92,47608,0.0
92,47609,0.0
92,47610,0.0
92,47611,0.0
92,47612,0.0
92,47613,0.0
92,47614,0.0
92,47615,0.0
92,47616,0.0
92,47617,0.01
92,47618,0.01
92,47619,0.02
92,47620,0.06
92,47621,0.11
92,47622,0.17
92,47623,0.21
92,47624,0.24
92,47625,0.26
92,47626,0.28
92,47627,0.28
92,47628,0.28
92,47629,0.28
92,47630,0.25
92,47631,0.23
92,47632,0.17
92,47633,0.09
92,47634,0.02
92,47635,0.0
92,47636,0.0
92,47637,0.0
92,47638,0.0
92,47639,0.0
92,47640,0.0
92,47641,0.0
92,47642,0.0
92,47643,0.0
92,47644,0.0
92,47645,0.0
92,47646,0.0
92,47647,0.0
92,47648,0.0
92,47701,0.0
92,47702,0.0
92,47703,0.0
92,47704,0.0
92,47705,0.0
92,47706,0.0
92,47707,0.0
92,47708,0.0
92,47709,0.0
92,47710,0.0
92,47711,0.0
92,47712,0.0
92,47713,0.0
92,47714,0.0
92,47715,0.0
92,47716,0.0
92,47717,0.0
92,47718,0.01
92,47719,0.0
92,47720,0.01
92,47721,0.0
92,47722,0.01
92,47723,0.03
92,47724,0.02
92,47725,0.03
92,47726,0.04
92,47727,0.04
92,47728,0.04
92,47729,0.06
92,47730,0.05
92,47731,0.02
92,47732,0.03
92,47733,0.01
92,47734,0.0
92,47735,0.0
92,47736,0.0
92,47737,0.0
92,47738,0.0
92,47739,0.0
92,47740,0.0
92,47741,0.0
92,47742,0.0
92,47743,0.0
92,47744,0.0
92,47745,0.0
92,47746,0.0
92,47747,0.0
92,47748,0.0
92,47801,0.0
92,47802,0.0
92,47803,0.0
92,47804,0.0
92,47805,0.0
92,47806,0.0
92,47807,0.0
92,47808,0.0
92,47809,0.0
92,47810,0.0
92,47811,0.0
92,47812,0.0
92,47813,0.0
92,47814,0.0
92,47815,0.0
92,47816,0.0
92,47817,0.01
92,47818,0.01
92,47819,0.01
92,47820,0.05
92,47821,0.12
92,47822,0.16
92,47823,0.22
92,47824,0.21
92,47825,0.23
92,47826,0.21
92,47827,0.17
92,47828,0.2
92,47829,0.28
92,47830,0.28
92,47831,0.14
92,47832,0.19
92,47833,0.13
92,47834,0.04
92,47835,0.0
92,47836,0.0
92,47837,0.0
92,47838,0.0
92,47839,0.0
92,47840,0.0
92,47841,0.0
92,47842,0.0
92,47843,0.0
92,47844,0.0
92,47845,0.0
92,47846,0.0
92,47847,0.0
92,47848,0.0
92,47901,0.0
92,47902,0.0
92,47903,0.0
92,47904,0.0
92,47905,0.0
92,47906,0.0
92,47907,0.0
92,47908,0.0
92,47909,0.0
92,47910,0.0
92,47911,0.0
92,47912,0.0
92,47913,0.0
92,47914,0.0
92,47915,0.0
92,47916,0.01
92,47917,0.01
92,47918,0.04
92,47919,0.06
92,47920,0.05
92,47921,0.11
92,47922,0.18
92,47923,0.2
92,47924,0.17
92,47925,0.09
92,47926,0.19
92,47927,0.16
92,47928,0.11
92,47929,0.11
92,47930,0.11
92,47931,0.04
92,47932,0.02
92,47933,0.01
92,47934,0.0
92,47935,0.0
92,47936,0.0
92,47937,0.0
92,47938,0.0
92,47939,0.0
92,47940,0.0
92,47941,0.0
92,47942,0.0
92,47943,0.0
92,47944,0.0
92,47945,0.0
92,47946,0.0
92,47947,0.0
92,47948,0.0
92,48001,0.0
92,48002,0.0
92,48003,0.0
92,48004,0.0
92,48005,0.0
92,48006,0.0
92,48007,0.0
92,48008,0.0
92,48009,0.0
92,48010,0.0
92,48011,0.0
92,48012,0.0
92,48013,0.0
92,48014,0.0
92,48015,0.0
92,48016,0.01
92,48017,0.04
92,48018,0.06
92,48019,0.09
92,48020,0.11
92,48021,0.12
92,48022,0.17
92,48023,0.17
92,48024,0.16
92,48025,0.18
92,48026,0.12
92,48027,0.11
92,48028,0.14
92,48029,0.08
92,48030,0.08
92,48031,0.15
92,48032,0.08
92,48033,0.03
92,48034,0.01
92,48035,0.0
92,48036,0.0
92,48037,0.0
92,48038,0.0
92,48039,0.0
92,48040,0.0
92,48041,0.0
92,48042,0.0
92,48043,0.0
92,48044,0.0
92,48045,0.0
92,48046,0.0
92,48047,0.0
92,48048,0.0
92,48101,0.0
92,48102,0.0
92,48103,0.0
92,48104,0.0
92,48105,0.0
92,48106,0.0
92,48107,0.0
92,48108,0.0
92,48109,0.0
92,48110,0.0
92,48111,0.0
92,48112,0.0
92,48113,0.0
92,48114,0.0
92,48115,0.0
92,48116,0.01
92,48117,0.02
92,48118,0.04
92,48119,0.06
92,48120,0.1
92,48121,0.11
92,48122,0.12
92,48123,0.14
92,48124,0.16
92,48125,0.12
92,48126,0.14
92,48127,0.11
92,48128,0.04
92,48129,0.04
92,48130,0.04
92,48131,0.07
92,48132,0.01
92,48133,0.03
92,48134,0.02
92,48135,0.0
92,48136,0.0
92,48137,0.0
92,48138,0.0
92,48139,0.0
92,48140,0.0
92,48141,0.0
92,48142,0.0
92,48143,0.0
92,48144,0.0
92,48145,0.0
92,48146,0.0
92,48147,0.0
92,48148,0.0
92,48201,0.0
92,48202,0.0
92,48203,0.0
92,48204,0.0
92,48205,0.0
92,48206,0.0
92,48207,0.0
92,48208,0.0
92,48209,0.0
92,48210,0.0
92,48211,0.0
92,48212,0.0
92,48213,0.0
92,48214,0.0
92,48215,0.0
92,48216,0.01
92,48217,0.03
92,48218,0.04
92,48219,0.06
92,48220,0.06
92,48221,0.13
92,48222,0.17
92,48223,0.21
92,48224,0.24
92,48225,0.26
92,48226,0.28
92,48227,0.28
92,48228,0.28
92,48229,0.19
92,48230,0.06
92,48231,0.03
92,48232,0.08
92,48233,0.01
92,48234,0.0
92,48235,0.0
92,48236,0.0
92,48237,0.0
92,48238,0.0
92,48239,0.0
92,48240,0.0
92,48241,0.0
92,48242,0.0
92,48243,0.0
92,48244,0.0
92,48245,0.0
92,48246,0.0
92,48247,0.0
92,48248,0.0
92,48301,0.0
92,48302,0.0
92,48303,0.0
92,48304,0.0
92,48305,0.0
92,48306,0.0
92,48307,0.0
92,48308,0.0
92,48309,0.0
92,48310,0.0
92,48311,0.0
92,48312,0.0
92,48313,0.0
92,48314,0.0
92,48315,0.0
92,48316,0.01
92,48317,0.03
92,48318,0.04
92,48319,0.04
92,48320,0.06
92,48321,0.11
92,48322,0.17
92,48323,0.23
92,48324,0.25
92,48325,0.27
92,48326,0.23
92,48327,0.16
92,48328,0.07
92,48329,0.05
92,48330,0.02
92,48331,0.01
92,48332,0.01
92,48333,0.0
92,48334,0.0
92,48335,0.0
92,48336,0.0
92,48337,0.0
92,48338,0.0
92,48339,0.0
92,48340,0.0
92,48341,0.0
92,48342,0.0
92,48343,0.0
92,48344,0.0
92,48345,0.0
92,48346,0.0
92,48347,0.0
92,48348,0.0
92,48401,0.0
92,48402,0.0
92,48403,0.0
92,48404,0.0
92,48405,0.0
92,48406,0.0
92,48407,0.0
92,48408,0.0
92,48409,0.0
92,48410,0.0
92,48411,0.0
92,48412,0.0
92,48413,0.0
92,48414,0.0
92,48415,0.0
92,48416,0.0
92,48417,0.01
92,48418,0.01
92,48419,0.06
92,48420,0.08
92,48421,0.09
92,48422,0.16
92,48423,0.1
92,48424,0.07
92,48425,0.11
92,48426,0.11
92,48427,0.17
92,48428,0.09
92,48429,0.14
92,48430,0.14
92,48431,0.07
92,48432,0.08
92,48433,0.06
92,48434,0.01
92,48435,0.0
92,48436,0.0
92,48437,0.0
92,48438,0.0
92,48439,0.0
92,48440,0.0
92,48441,0.0
92,48442,0.0
92,48443,0.0
92,48444,0.0
92,48445,0.0
92,48446,0.0
92,48447,0.0
92,48448,0.0
92,48501,0.0
92,48502,0.0
92,48503,0.0
92,48504,0.0
92,48505,0.0
92,48506,0.0
92,48507,0.0
92,48508,0.0
92,48509,0.0
92,48510,0.0
92,48511,0.0
92,48512,0.0
92,48513,0.0
92,48514,0.0
92,48515,0.0
92,48516,0.0
92,48517,0.0
92,48518,0.0
92,48519,0.01
92,48520,0.02
92,48521,0.06
92,48522,0.04
92,48523,0.02
92,48524,0.01
92,48525,0.03
92,48526,0.02
92,48527,0.02
92,48528,0.02
92,48529,0.02
92,48530,0.03
92,48531,0.04
92,48532,0.01
92,48533,0.0
92,48534,0.0
92,48535,0.0
92,48536,0.0
92,48537,0.0
92,48538,0.0
92,48539,0.0
92,48540,0.0
92,48541,0.0
92,48542,0.0
92,48543,0.0
92,48544,0.0
92,48545,0.0
92,48546,0.0
92,48547,0.0
92,48548,0.0
92,48601,0.0
92,48602,0.0
92,48603,0.0
92,48604,0.0
92,48605,0.0
92,48606,0.0
92,48607,0.0
92,48608,0.0
92,48609,0.0
92,48610,0.0
92,48611,0.0
92,48612,0.0
92,48613,0.0
92,48614,0.0
92,48615,0.0
92,48616,0.0
92,48617,0.0
92,48618,0.01
92,48619,0.01
92,48620,0.05
92,48621,0.09
92,48622,0.1
92,48623,0.09
92,48624,0.03
92,48625,0.01
92,48626,0.01
92,48627,0.01
92,48628,0.01
92,48629,0.01
92,48630,0.01
92,48631,0.01
92,48632,0.02
92,48633,0.01
92,48634,0.0
92,48635,0.0
92,48636,0.0
92,48637,0.0
92,48638,0.0
92,48639,0.0
92,48640,0.0
92,48641,0.0
92,48642,0.0
92,48643,0.0
92,48644,0.0
92,48645,0.0
92,48646,0.0
92,48647,0.0
92,48648,0.0
92,48701,0.0
92,48702,0.0
92,48703,0.0
92,48704,0.0
92,48705,0.0
92,48706,0.0
92,48707,0.0
92,48708,0.0
92,48709,0.0
92,48710,0.0
92,48711,0.0
92,48712,0.0
92,48713,0.0
92,48714,0.0
92,48715,0.0
92,48716,0.0
92,48717,0.01
92,48718,0.03
92,48719,0.06
92,48720,0.11
92,48721,0.1
92,48722,0.14
92,48723,0.1
92,48724,0.23
92,48725,0.26
92,48726,0.15
92,48727,0.1
92,48728,0.23
92,48729,0.12
92,48730,0.24
92,48731,0.07
92,48732,0.11
92,48733,0.04
92,48734,0.01
92,48735,0.0
92,48736,0.0
92,48737,0.0
92,48738,0.0
92,48739,0.0
92,48740,0.0
92,48741,0.0
92,48742,0.0
92,48743,0.0
92,48744,0.0
92,48745,0.0
92,48746,0.0
92,48747,0.0
92,48748,0.0
92,48801,0.0
92,48802,0.0
92,48803,0.0
92,48804,0.0
92,48805,0.0
92,48806,0.0
92,48807,0.0
92,48808,0.0
92,48809,0.0
92,48810,0.0
92,48811,0.0
92,48812,0.0
92,48813,0.0
92,48814,0.0
92,48815,0.0
92,48816,0.01
92,48817,0.01
92,48818,0.03
92,48819,0.04
92,48820,0.07
92,48821,0.12
92,48822,0.17
92,48823,0.22
92,48824,0.17
92,48825,0.23
92,48826,0.29
92,48827,0.14
92,48828,0.1
92,48829,0.07
92,48830,0.04
92,48831,0.05
92,48832,0.03
92,48833,0.01
92,48834,0.0
92,48835,0.0
92,48836,0.0
92,48837,0.0
92,48838,0.0
92,48839,0.0
92,48840,0.0
92,48841,0.0
92,48842,0.0
92,48843,0.0
92,48844,0.0
92,48845,0.0
92,48846,0.0
92,48847,0.0
92,48848,0.0
92,48901,0.0
92,48902,0.0
92,48903,0.0
92,48904,0.0
92,48905,0.0
92,48906,0.0
92,48907,0.0
92,48908,0.0
92,48909,0.0
92,48910,0.0
92,48911,0.0
92,48912,0.0
92,48913,0.0
92,48914,0.0
92,48915,0.01
92,48916,0.01
92,48917,0.02
92,48918,0.04
92,48919,0.06
92,48920,0.07
92,48921,0.14
92,48922,0.17
92,48923,0.28
92,48924,0.21
92,48925,0.22
92,48926,0.14
92,48927,0.21
92,48928,0.16
92,48929,0.21
92,48930,0.13
92,48931,0.21
92,48932,0.12
92,48933,0.05
92,48934,0.02
92,48935,0.0
92,48936,0.0
92,48937,0.0
92,48938,0.0
92,48939,0.0
92,48940,0.0
92,48941,0.0
92,48942,0.0
92,48943,0.0
92,48944,0.0
92,48945,0.0
92,48946,0.0
92,48947,0.0
92,48948,0.0
92,49001,0.0
92,49002,0.0
92,49003,0.0
92,49004,0.0
92,49005,0.0
92,49006,0.0
92,49007,0.0
92,49008,0.0
92,49009,0.0
92,49010,0.0
92,49011,0.0
92,49012,0.0
92,49013,0.0
92,49014,0.0
92,49015,0.0
92,49016,0.01
92,49017,0.01
92,49018,0.01
92,49019,0.02
92,49020,0.06
92,49021,0.12
92,49022,0.17
92,49023,0.23
92,49024,0.26
92,49025,0.27
92,49026,0.26
92,49027,0.07
92,49028,0.23
92,49029,0.3
92,49030,0.23
92,49031,0.11
92,49032,0.17
92,49033,0.09
92,49034,0.02
92,49035,0.01
92,49036,0.0
92,49037,0.0
92,49038,0.0
92,49039,0.0
92,49040,0.0
92,49041,0.0
92,49042,0.0
92,49043,0.0
92,49044,0.0
92,49045,0.0
92,49046,0.0
92,49047,0.0
92,49048,0.0
92,49101,0.0
92,49102,0.0
92,49103,0.0
92,49104,0.0
92,49105,0.0
92,49106,0.0
92,49107,0.0
92,49108,0.0
92,49109,0.0
92,49110,0.0
92,49111,0.0
92,49112,0.0
92,49113,0.0
92,49114,0.0
92,49115,0.01
92,49116,0.03
92,49117,0.03
92,49118,0.01
92,49119,0.02
92,49120,0.06
92,49121,0.12
92,49122,0.19
92,49123,0.22
92,49124,0.22
92,49125,0.28
92,49126,0.26
92,49127,0.3
92,49128,0.33
92,49129,0.29
92,49130,0.18
92,49131,0.25
92,49132,0.07
92,49133,0.02
92,49134,0.01
92,49135,0.0
92,49136,0.0
92,49137,0.0
92,49138,0.0
92,49139,0.0
92,49140,0.0
92,49141,0.0
92,49142,0.0
92,49143,0.0
92,49144,0.0
92,49145,0.0
92,49146,0.0
92,49147,0.0
92,49148,0.0
92,49201,0.0
92,49202,0.0
92,49203,0.0
92,49204,0.0
92,49205,0.0
92,49206,0.0
92,49207,0.0
92,49208,0.0
92,49209,0.0
92,49210,0.0
92,49211,0.0
92,49212,0.0
92,49213,0.0
92,49214,0.0
92,49215,0.0
92,49216,0.01
92,49217,0.01
92,49218,0.01
92,49219,0.02
92,49220,0.07
92,49221,0.12
92,49222,0.18
92,49223,0.23
92,49224,0.26
92,49225,0.29
92,49226,0.29
92,49227,0.31
92,49228,0.3
92,49229,0.29
92,49230,0.28
92,49231,0.24
92,49232,0.2
92,49233,0.14
92,49234,0.07
92,49235,0.0
92,49236,0.0
92,49237,0.0
92,49238,0.0
92,49239,0.0
92,49240,0.0
92,49241,0.0
92,49242,0.0
92,49243,0.0
92,49244,0.0
92,49245,0.0
92,49246,0.0
92,49247,0.0
92,49248,0.0
92,49301,0.0
92,49302,0.0
92,49303,0.0
92,49304,0.0
92,49305,0.0
92,49306,0.0
92,49307,0.0
92,49308,0.0
92,49309,0.0
92,49310,0.0
92,49311,0.0
92,49312,0.0
92,49313,0.0
92,49314,0.0
92,49315,0.0
92,49316,0.01
92,49317,0.01
92,49318,0.01
92,49319,0.01
92,49320,0.07
92,49321,0.14
92,49322,0.18
92,49323,0.24
92,49324,0.27
92,49325,0.28
92,49326,0.31
92,49327,0.3
92,49328,0.31
92,49329,0.29
92,49330,0.27
92,49331,0.25
92,49332,0.21
92,49333,0.16
92,49334,0.08
92,49335,0.0
92,49336,0.0
92,49337,0.0
92,49338,0.0
92,49339,0.0
92,49340,0.0
92,49341,0.0
92,49342,0.0
92,49343,0.0
92,49344,0.0
92,49345,0.0
92,49346,0.0
92,49347,0.0
92,49348,0.0
92,49401,0.0
92,49402,0.0
92,49403,0.0
92,49404,0.0
92,49405,0.0
92,49406,0.0
92,49407,0.0
92,49408,0.0
92,49409,0.0
92,49410,0.0
92,49411,0.0
92,49412,0.0
92,49413,0.0
92,49414,0.0
92,49415,0.01
92,49416,0.0
92,49417,0.01
92,49418,0.01
92,49419,0.02
92,49420,0.07
92,49421,0.13
92,49422,0.19
92,49423,0.24
92,49424,0.26
92,49425,0.29
92,49426,0.3
92,49427,0.31
92,49428,0.31
92,49429,0.3
92,49430,0.28
92,49431,0.25
92,49432,0.21
92,49433,0.12
92,49434,0.03
92,49435,0.0
92,49436,0.0
92,49437,0.0
92,49438,0.0
92,49439,0.0
92,49440,0.0
92,49441,0.0
92,49442,0.0
92,49443,0.0
92,49444,0.0
92,49445,0.0
92,49446,0.0
92,49447,0.0
92,49448,0.0
92,49501,0.0
92,49502,0.0
92,49503,0.0
92,49504,0.0
92,49505,0.0
92,49506,0.0
92,49507,0.0
92,49508,0.0
92,49509,0.0
92,49510,0.0
92,49511,0.0
92,49512,0.0
92,49513,0.0
92,49514,0.0
92,49515,0.0
92,49516,0.01
92,49517,0.03
92,49518,0.05
92,49519,0.04
92,49520,0.06
92,49521,0.09
92,49522,0.18
92,49523,0.13
92,49524,0.26
92,49525,0.28
92,49526,0.29
92,49527,0.25
92,49528,0.29
92,49529,0.24
92,49530,0.19
92,49531,0.15
92,49532,0.07
92,49533,0.04
92,49534,0.01
92,49535,0.0
92,49536,0.0
92,49537,0.0
92,49538,0.0
92,49539,0.0
92,49540,0.0
92,49541,0.0
92,49542,0.0
92,49543,0.0
92,49544,0.0
92,49545,0.0
92,49546,0.0
92,49547,0.0
92,49548,0.0
92,49601,0.0
92,49602,0.0
92,49603,0.0
92,49604,0.0
92,49605,0.0
92,49606,0.0
92,49607,0.0
92,49608,0.0
92,49609,0.0
92,49610,0.0
92,49611,0.0
92,49612,0.0
92,49613,0.0
92,49614,0.0
92,49615,0.0
92,49616,0.01
92,49617,0.01
92,49618,0.01
92,49619,0.03
92,49620,0.08
92,49621,0.12
92,49622,0.18
92,49623,0.23
92,49624,0.25
92,49625,0.28
92,49626,0.28
92,49627,0.29
92,49628,0.28
92,49629,0.28
92,49630,0.26
92,49631,0.2
92,49632,0.18
92,49633,0.14
92,49634,0.07
92,49635,0.0
92,49636,0.0
92,49637,0.0
92,49638,0.0
92,49639,0.0
92,49640,0.0
92,49641,0.0
92,49642,0.0
92,49643,0.0
92,49644,0.0
92,49645,0.0
92,49646,0.0
92,49647,0.0
92,49648,0.0
92,49701,0.0
92,49702,0.0
92,49703,0.0
92,49704,0.0
92,49705,0.0
92,49706,0.0
92,49707,0.0
92,49708,0.0
92,49709,0.0
92,49710,0.0
92,49711,0.0
92,49712,0.0
92,49713,0.0
92,49714,0.0
92,49715,0.01
92,49716,0.01
92,49717,0.01
92,49718,0.01
92,49719,0.02
92,49720,0.07
92,49721,0.14
92,49722,0.17
92,49723,0.23
92,49724,0.23
92,49725,0.27
92,49726,0.23
92,49727,0.22
92,49728,0.17
92,49729,0.14
92,49730,0.2
92,49731,0.23
92,49732,0.19
92,49733,0.15
92,49734,0.07
92,49735,0.01
92,49736,0.0
92,49737,0.0
92,49738,0.0
92,49739,0.0
92,49740,0.0
92,49741,0.0
92,49742,0.0
92,49743,0.0
92,49744,0.0
92,49745,0.0
92,49746,0.0
92,49747,0.0
92,49748,0.0
92,49801,0.0
92,49802,0.0
92,49803,0.0
92,49804,0.0
92,49805,0.0
92,49806,0.0
92,49807,0.0
92,49808,0.0
92,49809,0.0
92,49810,0.0
92,49811,0.0
92,49812,0.0
92,49813,0.0
92,49814,0.0
92,49815,0.0
92,49816,0.01
92,49817,0.03
92,49818,0.03
92,49819,0.06
92,49820,0.08
92,49821,0.09
92,49822,0.11
92,49823,0.13
92,49824,0.17
92,49825,0.24
92,49826,0.3
92,49827,0.3
92,49828,0.31
92,49829,0.28
92,49830,0.26
92,49831,0.23
92,49832,0.2
92,49833,0.14
92,49834,0.07
92,49835,0.0
92,49836,0.0
92,49837,0.0
92,49838,0.0
92,49839,0.0
92,49840,0.0
92,49841,0.0
92,49842,0.0
92,49843,0.0
92,49844,0.0
92,49845,0.0
92,49846,0.0
92,49847,0.0
92,49848,0.0
92,49901,0.0
92,49902,0.0
92,49903,0.0
92,49904,0.0
92,49905,0.0
92,49906,0.0
92,49907,0.0
92,49908,0.0
92,49909,0.0
92,49910,0.0
92,49911,0.0
92,49912,0.0
92,49913,0.0
92,49914,0.0
92,49915,0.01
92,49916,0.0
92,49917,0.01
92,49918,0.01
92,49919,0.01
92,49920,0.08
92,49921,0.13
92,49922,0.19
92,49923,0.23
92,49924,0.26
92,49925,0.27
92,49926,0.29
92,49927,0.29
92,49928,0.29
92,49929,0.28
92,49930,0.28
92,49931,0.24
92,49932,0.21
92,49933,0.16
92,49934,0.09
92,49935,0.01
92,49936,0.0
92,49937,0.0
92,49938,0.0
92,49939,0.0
92,49940,0.0
92,49941,0.0
92,49942,0.0
92,49943,0.0
92,49944,0.0
92,49945,0.0
92,49946,0.0
92,49947,0.0
92,49948,0.0
92,50001,0.0
92,50002,0.0
92,50003,0.0
92,50004,0.0
92,50005,0.0
92,50006,0.0
92,50007,0.0
92,50008,0.0
92,50009,0.0
92,50010,0.0
92,50011,0.0
92,50012,0.0
92,50013,0.0
92,50014,0.0
92,50015,0.0
92,50016,0.01
92,50017,0.01
92,50018,0.01
92,50019,0.01
92,50020,0.08
92,50021,0.13
92,50022,0.19
92,50023,0.23
92,50024,0.26
92,50025,0.29
92,50026,0.29
92,50027,0.31
92,50028,0.31
92,50029,0.3
92,50030,0.28
92,50031,0.25
92,50032,0.21
92,50033,0.16
92,50034,0.07
92,50035,0.0
92,50036,0.0
92,50037,0.0
92,50038,0.0
92,50039,0.0
92,50040,0.0
92,50041,0.0
92,50042,0.0
92,50043,0.0
92,50044,0.0
92,50045,0.0
92,50046,0.0
92,50047,0.0
92,50048,0.0
92,50101,0.0
92,50102,0.0
92,50103,0.0
92,50104,0.0
92,50105,0.0
92,50106,0.0
92,50107,0.0
92,50108,0.0
92,50109,0.0
92,50110,0.0
92,50111,0.0
92,50112,0.0
92,50113,0.0
92,50114,0.0
92,50115,0.01
92,50116,0.01
92,50117,0.01
92,50118,0.01
92,50119,0.03
92,50120,0.07
92,50121,0.14
92,50122,0.11
92,50123,0.14
92,50124,0.2
92,50125,0.3
92,50126,0.31
92,50127,0.31
92,50128,0.2
92,50129,0.07
92,50130,0.06
92,50131,0.06
92,50132,0.04
92,50133,0.02
92,50134,0.04
92,50135,0.0
92,50136,0.0
92,50137,0.0
92,50138,0.0
92,50139,0.0
92,50140,0.0
92,50141,0.0
92,50142,0.0
92,50143,0.0
92,50144,0.0
92,50145,0.0
92,50146,0.0
92,50147,0.0
92,50148,0.0
92,50201,0.0
92,50202,0.0
92,50203,0.0
92,50204,0.0
92,50205,0.0
92,50206,0.0
92,50207,0.0
92,50208,0.0
92,50209,0.0
92,50210,0.0
92,50211,0.0
92,50212,0.0
92,50213,0.0
92,50214,0.0
92,50215,0.0
92,50216,0.01
92,50217,0.02
92,50218,0.05
92,50219,0.07
92,50220,0.07
92,50221,0.1
92,50222,0.16
92,50223,0.21
92,50224,0.11
92,50225,0.22
92,50226,0.12
92,50227,0.21
92,50228,0.07
92,50229,0.09
92,50230,0.13
92,50231,0.1
92,50232,0.01
92,50233,0.01
92,50234,0.01
92,50235,0.01
92,50236,0.0
92,50237,0.0
92,50238,0.0
92,50239,0.0
92,50240,0.0
92,50241,0.0
92,50242,0.0
92,50243,0.0
92,50244,0.0
92,50245,0.0
92,50246,0.0
92,50247,0.0
92,50248,0.0
92,50301,0.0
92,50302,0.0
92,50303,0.0
92,50304,0.0
92,50305,0.0
92,50306,0.0
92,50307,0.0
92,50308,0.0
92,50309,0.0
92,50310,0.0
92,50311,0.0
92,50312,0.0
92,50313,0.0
92,50314,0.0
92,50315,0.0
92,50316,0.01
92,50317,0.01
92,50318,0.01
92,50319,0.02
92,50320,0.08
92,50321,0.15
92,50322,0.21
92,50323,0.21
92,50324,0.29
92,50325,0.17
92,50326,0.22
92,50327,0.16
92,50328,0.06
92,50329,0.07
92,50330,0.12
92,50331,0.12
92,50332,0.23
92,50333,0.17
92,50334,0.02
92,50335,0.0
92,50336,0.0
92,50337,0.0
92,50338,0.0
92,50339,0.0
92,50340,0.0
92,50341,0.0
92,50342,0.0
92,50343,0.0
92,50344,0.0
92,50345,0.0
92,50346,0.0
92,50347,0.0
92,50348,0.0
92,50401,0.0
92,50402,0.0
92,50403,0.0
92,50404,0.0
92,50405,0.0
92,50406,0.0
92,50407,0.0
92,50408,0.0
92,50409,0.0
92,50410,0.0
92,50411,0.0
92,50412,0.0
92,50413,0.0
92,50414,0.0
92,50415,0.01
92,50416,0.04
92,50417,0.07
92,50418,0.06
92,50419,0.07
92,50420,0.1
92,50421,0.11
92,50422,0.12
92,50423,0.15
92,50424,0.14
92,50425,0.24
92,50426,0.23
92,50427,0.19
92,50428,0.23
92,50429,0.33
92,50430,0.28
92,50431,0.13
92,50432,0.06
92,50433,0.02
92,50434,0.03
92,50435,0.0
92,50436,0.0
92,50437,0.0
92,50438,0.0
92,50439,0.0
92,50440,0.0
92,50441,0.0
92,50442,0.0
92,50443,0.0
92,50444,0.0
92,50445,0.0
92,50446,0.0
92,50447,0.0
92,50448,0.0
92,50501,0.0
92,50502,0.0
92,50503,0.0
92,50504,0.0
92,50505,0.0
92,50506,0.0
92,50507,0.0
92,50508,0.0
92,50509,0.0
92,50510,0.0
92,50511,0.0
92,50512,0.0
92,50513,0.0
92,50514,0.0
92,50515,0.01
92,50516,0.01
92,50517,0.01
92,50518,0.01
92,50519,0.02
92,50520,0.08
92,50521,0.15
92,50522,0.21
92,50523,0.25
92,50524,0.29
92,50525,0.31
92,50526,0.32
92,50527,0.34
92,50528,0.22
92,50529,0.31
92,50530,0.28
92,50531,0.07
92,50532,0.25
92,50533,0.19
92,50534,0.09
92,50535,0.01
92,50536,0.0
92,50537,0.0
92,50538,0.0
92,50539,0.0
92,50540,0.0
92,50541,0.0
92,50542,0.0
92,50543,0.0
92,50544,0.0
92,50545,0.0
92,50546,0.0
92,50547,0.0
92,50548,0.0
92,50601,0.0
92,50602,0.0
92,50603,0.0
92,50604,0.0
92,50605,0.0
92,50606,0.0
92,50607,0.0
92,50608,0.0
92,50609,0.0
92,50610,0.0
92,50611,0.0
92,50612,0.0
92,50613,0.0
92,50614,0.0
92,50615,0.01
92,50616,0.04
92,50617,0.06
92,50618,0.07
92,50619,0.07
92,50620,0.12
92,50621,0.16
92,50622,0.19
92,50623,0.14
92,50624,0.14
92,50625,0.09
92,50626,0.28
92,50627,0.33
92,50628,0.34
92,50629,0.28
92,50630,0.31
92,50631,0.11
92,50632,0.04
92,50633,0.03
92,50634,0.01
92,50635,0.01
92,50636,0.0
92,50637,0.0
92,50638,0.0
92,50639,0.0
92,50640,0.0
92,50641,0.0
92,50642,0.0
92,50643,0.0
92,50644,0.0
92,50645,0.0
92,50646,0.0
92,50647,0.0
92,50648,0.0
92,50701,0.0
92,50702,0.0
92,50703,0.0
92,50704,0.0
92,50705,0.0
92,50706,0.0
92,50707,0.0
92,50708,0.0
92,50709,0.0
92,50710,0.0
92,50711,0.0
92,50712,0.0
92,50713,0.0
92,50714,0.0
92,50715,0.0
92,50716,0.02
92,50717,0.03
92,50718,0.06
92,50719,0.06
92,50720,0.12
92,50721,0.14
92,50722,0.14
92,50723,0.22
92,50724,0.16
92,50725,0.14
92,50726,0.14
92,50727,0.12
92,50728,0.17
92,50729,0.08
92,50730,0.04
92,50731,0.04
92,50732,0.06
92,50733,0.05
92,50734,0.03
92,50735,0.01
92,50736,0.0
92,50737,0.0
92,50738,0.0
92,50739,0.0
92,50740,0.0
92,50741,0.0
92,50742,0.0
92,50743,0.0
92,50744,0.0
92,50745,0.0
92,50746,0.0
92,50747,0.0
92,50748,0.0
92,50801,0.0
92,50802,0.0
92,50803,0.0
92,50804,0.0
92,50805,0.0
92,50806,0.0
92,50807,0.0
92,50808,0.0
92,50809,0.0
92,50810,0.0
92,50811,0.0
92,50812,0.0
92,50813,0.0
92,50814,0.0
92,50815,0.01
92,50816,0.01
92,50817,0.01
92,50818,0.01
92,50819,0.02
92,50820,0.08
92,50821,0.16
92,50822,0.21
92,50823,0.24
92,50824,0.26
92,50825,0.26
92,50826,0.31
92,50827,0.22
92,50828,0.2
92,50829,0.23
92,50830,0.16
92,50831,0.12
92,50832,0.07
92,50833,0.06
92,50834,0.03
92,50835,0.01
92,50836,0.0
92,50837,0.0
92,50838,0.0
92,50839,0.0
92,50840,0.0
92,50841,0.0
92,50842,0.0
92,50843,0.0
92,50844,0.0
92,50845,0.0
92,50846,0.0
92,50847,0.0
92,50848,0.0
92,50901,0.0
92,50902,0.0
92,50903,0.0
92,50904,0.0
92,50905,0.0
92,50906,0.0
92,50907,0.0
92,50908,0.0
92,50909,0.0
92,50910,0.0
92,50911,0.0
92,50912,0.0
92,50913,0.0
92,50914,0.0
92,50915,0.0
92,50916,0.01
92,50917,0.04
92,50918,0.06
92,50919,0.11
92,50920,0.14
92,50921,0.12
92,50922,0.14
92,50923,0.14
92,50924,0.16
92,50925,0.22
92,50926,0.26
92,50927,0.12
92,50928,0.2
92,50929,0.16
92,50930,0.24
92,50931,0.18
92,50932,0.09
92,50933,0.12
92,50934,0.06
92,50935,0.02
92,50936,0.0
92,50937,0.0
92,50938,0.0
92,50939,0.0
92,50940,0.0
92,50941,0.0
92,50942,0.0
92,50943,0.0
92,50944,0.0
92,50945,0.0
92,50946,0.0
92,50947,0.0
92,50948,0.0
92,51001,0.0
92,51002,0.0
92,51003,0.0
92,51004,0.0
92,51005,0.0
92,51006,0.0
92,51007,0.0
92,51008,0.0
92,51009,0.0
92,51010,0.0
92,51011,0.0
92,51012,0.0
92,51013,0.0
92,51014,0.0
92,51015,0.01
92,51016,0.03
92,51017,0.04
92,51018,0.03
92,51019,0.06
92,51020,0.09
92,51021,0.16
92,51022,0.21
92,51023,0.28
92,51024,0.26
92,51025,0.06
92,51026,0.13
92,51027,0.31
92,51028,0.28
92,51029,0.18
92,51030,0.08
92,51031,0.04
92,51032,0.03
92,51033,0.02
92,51034,0.01
92,51035,0.0
92,51036,0.0
92,51037,0.0
92,51038,0.0
92,51039,0.0
92,51040,0.0
92,51041,0.0
92,51042,0.0
92,51043,0.0
92,51044,0.0
92,51045,0.0
92,51046,0.0
92,51047,0.0
92,51048,0.0
92,51101,0.0
92,51102,0.0
92,51103,0.0
92,51104,0.0
92,51105,0.0
92,51106,0.0
92,51107,0.0
92,51108,0.0
92,51109,0.0
92,51110,0.0
92,51111,0.0
92,51112,0.0
92,51113,0.0
92,51114,0.0
92,51115,0.01
92,51116,0.01
92,51117,0.03
92,51118,0.04
92,51119,0.05
92,51120,0.11
92,51121,0.14
92,51122,0.17
92,51123,0.21
92,51124,0.22
92,51125,0.27
92,51126,0.08
92,51127,0.06
92,51128,0.25
92,51129,0.31
92,51130,0.26
92,51131,0.17
92,51132,0.13
92,51133,0.18
92,51134,0.1
92,51135,0.0
92,51136,0.0
92,51137,0.0
92,51138,0.0
92,51139,0.0
92,51140,0.0
92,51141,0.0
92,51142,0.0
92,51143,0.0
92,51144,0.0
92,51145,0.0
92,51146,0.0
92,51147,0.0
92,51148,0.0
92,51201,0.0
92,51202,0.0
92,51203,0.0
92,51204,0.0
92,51205,0.0
92,51206,0.0
92,51207,0.0
92,51208,0.0
92,51209,0.0
92,51210,0.0
92,51211,0.0
92,51212,0.0
92,51213,0.0
92,51214,0.0
92,51215,0.03
92,51216,0.03
92,51217,0.04
92,51218,0.09
92,51219,0.11
92,51220,0.11
92,51221,0.07
92,51222,0.07
92,51223,0.07
92,51224,0.1
92,51225,0.04
92,51226,0.06
92,51227,0.05
92,51228,0.06
92,51229,0.07
92,51230,0.05
92,51231,0.02
92,51232,0.02
92,51233,0.01
92,51234,0.0
92,51235,0.0
92,51236,0.0
92,51237,0.0
92,51238,0.0
92,51239,0.0
92,51240,0.0
92,51241,0.0
92,51242,0.0
92,51243,0.0
92,51244,0.0
92,51245,0.0
92,51246,0.0
92,51247,0.0
92,51248,0.0
92,51301,0.0
92,51302,0.0
92,51303,0.0
92,51304,0.0
92,51305,0.0
92,51306,0.0
92,51307,0.0
92,51308,0.0
92,51309,0.0
92,51310,0.0
92,51311,0.0
92,51312,0.0
92,51313,0.0
92,51314,0.0
92,51315,0.0
92,51316,0.01
92,51317,0.01
92,51318,0.03
92,51319,0.04
92,51320,0.08
92,51321,0.15
92,51322,0.18
92,51323,0.24
92,51324,0.26
92,51325,0.28
92,51326,0.31
92,51327,0.33
92,51328,0.35
92,51329,0.34
92,51330,0.33
92,51331,0.28
92,51332,0.25
92,51333,0.21
92,51334,0.06
92,51335,0.03
92,51336,0.0
92,51337,0.0
92,51338,0.0
92,51339,0.0
92,51340,0.0
92,51341,0.0
92,51342,0.0
92,51343,0.0
92,51344,0.0
92,51345,0.0
92,51346,0.0
92,51347,0.0
92,51348,0.0
92,51401,0.0
92,51402,0.0
92,51403,0.0
92,51404,0.0
92,51405,0.0
92,51406,0.0
92,51407,0.0
92,51408,0.0
92,51409,0.0
92,51410,0.0
92,51411,0.0
92,51412,0.0
92,51413,0.0
92,51414,0.0
92,51415,0.0
92,51416,0.01
92,51417,0.01
92,51418,0.04
92,51419,0.11
92,51420,0.08
92,51421,0.09
92,51422,0.12
92,51423,0.14
92,51424,0.11
92,51425,0.06
92,51426,0.09
92,51427,0.06
92,51428,0.06
92,51429,0.04
92,51430,0.07
92,51431,0.07
92,51432,0.04
92,51433,0.03
92,51434,0.01
92,51435,0.0
92,51436,0.0
92,51437,0.0
92,51438,0.0
92,51439,0.0
92,51440,0.0
92,51441,0.0
92,51442,0.0
92,51443,0.0
92,51444,0.0
92,51445,0.0
92,51446,0.0
92,51447,0.0
92,51448,0.0
92,51501,0.0
92,51502,0.0
92,51503,0.0
92,51504,0.0
92,51505,0.0
92,51506,0.0
92,51507,0.0
92,51508,0.0
92,51509,0.0
92,51510,0.0
92,51511,0.0
92,51512,0.0
92,51513,0.0
92,51514,0.0
92,51515,0.01
92,51516,0.02
92,51517,0.01
92,51518,0.02
92,51519,0.03
92,51520,0.1
92,51521,0.16
92,51522,0.21
92,51523,0.14
92,51524,0.18
92,51525,0.21
92,51526,0.28
92,51527,0.26
92,51528,0.17
92,51529,0.2
92,51530,0.24
92,51531,0.23
92,51532,0.14
92,51533,0.19
92,51534,0.11
92,51535,0.01
92,51536,0.0
92,51537,0.0
92,51538,0.0
92,51539,0.0
92,51540,0.0
92,51541,0.0
92,51542,0.0
92,51543,0.0
92,51544,0.0
92,51545,0.0
92,51546,0.0
92,51547,0.0
92,51548,0.0
92,51601,0.0
92,51602,0.0
92,51603,0.0
92,51604,0.0
92,51605,0.0
92,51606,0.0
92,51607,0.0
92,51608,0.0
92,51609,0.0
92,51610,0.0
92,51611,0.0
92,51612,0.0
92,51613,0.0
92,51614,0.01
92,51615,0.01
92,51616,0.03
92,51617,0.03
92,51618,0.06
92,51619,0.06
92,51620,0.13
92,51621,0.19
92,51622,0.2
92,51623,0.16
92,51624,0.11
92,51625,0.14
92,51626,0.14
92,51627,0.14
92,51628,0.39
92,51629,0.11
92,51630,0.19
92,51631,0.12
92,51632,0.21
92,51633,0.08
92,51634,0.07
92,51635,0.03
92,51636,0.0
92,51637,0.0
92,51638,0.0
92,51639,0.0
92,51640,0.0
92,51641,0.0
92,51642,0.0
92,51643,0.0
92,51644,0.0
92,51645,0.0
92,51646,0.0
92,51647,0.0
92,51648,0.0
92,51701,0.0
92,51702,0.0
92,51703,0.0
92,51704,0.0
92,51705,0.0
92,51706,0.0
92,51707,0.0
92,51708,0.0
92,51709,0.0
92,51710,0.0
92,51711,0.0
92,51712,0.0
92,51713,0.0
92,51714,0.0
92,51715,0.01
92,51716,0.01
92,51717,0.01
92,51718,0.03
92,51719,0.04
92,51720,0.1
92,51721,0.17
92,51722,0.16
92,51723,0.27
92,51724,0.16
92,51725,0.17
92,51726,0.16
92,51727,0.17
92,51728,0.1
92,51729,0.19
92,51730,0.33
92,51731,0.26
92,51732,0.07
92,51733,0.04
92,51734,0.02
92,51735,0.0
92,51736,0.0
92,51737,0.0
92,51738,0.0
92,51739,0.0
92,51740,0.0
92,51741,0.0
92,51742,0.0
92,51743,0.0
92,51744,0.0
92,51745,0.0
92,51746,0.0
92,51747,0.0
92,51748,0.0
92,51801,0.0
92,51802,0.0
92,51803,0.0
92,51804,0.0
92,51805,0.0
92,51806,0.0
92,51807,0.0
92,51808,0.0
92,51809,0.0
92,51810,0.0
92,51811,0.0
92,51812,0.0
92,51813,0.0
92,51814,0.01
92,51815,0.01
92,51816,0.02
92,51817,0.06
92,51818,0.07
92,51819,0.1
92,51820,0.11
92,51821,0.12
92,51822,0.09
92,51823,0.2
92,51824,0.19
92,51825,0.16
92,51826,0.18
92,51827,0.23
92,51828,0.21
92,51829,0.08
92,51830,0.11
92,51831,0.08
92,51832,0.01
92,51833,0.0
92,51834,0.0
92,51835,0.0
92,51836,0.0
92,51837,0.0
92,51838,0.0
92,51839,0.0
92,51840,0.0
92,51841,0.0
92,51842,0.0
92,51843,0.0
92,51844,0.0
92,51845,0.0
92,51846,0.0
92,51847,0.0
92,51848,0.0
92,51901,0.0
92,51902,0.0
92,51903,0.0
92,51904,0.0
92,51905,0.0
92,51906,0.0
92,51907,0.0
92,51908,0.0
92,51909,0.0
92,51910,0.0
92,51911,0.0
92,51912,0.0
92,51913,0.0
92,51914,0.0
92,51915,0.0
92,51916,0.0
92,51917,0.0
92,51918,0.0
92,51919,0.0
92,51920,0.0
92,51921,0.0
92,51922,0.0
92,51923,0.0
92,51924,0.0
92,51925,0.0
92,51926,0.0
92,51927,0.0
92,51928,0.0
92,51929,0.0
92,51930,0.0
92,51931,0.0
92,51932,0.0
92,51933,0.0
92,51934,0.0
92,51935,0.0
92,51936,0.0
92,51937,0.0
92,51938,0.0
92,51939,0.0
92,51940,0.0
92,51941,0.0
92,51942,0.0
92,51943,0.0
92,51944,0.0
92,51945,0.0
92,51946,0.0
92,51947,0.0
92,51948,0.0
92,52001,0.0
92,52002,0.0
92,52003,0.0
92,52004,0.0
92,52005,0.0
92,52006,0.0
92,52007,0.0
92,52008,0.0
92,52009,0.0
92,52010,0.0
92,52011,0.0
92,52012,0.0
92,52013,0.0
92,52014,0.0
92,52015,0.0
92,52016,0.0
92,52017,0.0
92,52018,0.0
92,52019,0.0
92,52020,0.0
92,52021,0.0
92,52022,0.0
92,52023,0.0
92,52024,0.0
92,52025,0.0
92,52026,0.0
92,52027,0.0
92,52028,0.0
92,52029,0.0
92,52030,0.0
92,52031,0.0
92,52032,0.0
92,52033,0.0
92,52034,0.0
92,52035,0.0
92,52036,0.0
92,52037,0.0
92,52038,0.0
92,52039,0.0
92,52040,0.0
92,52041,0.0
92,52042,0.0
92,52043,0.0
92,52044,0.0
92,52045,0.0
92,52046,0.0
92,52047,0.0
92,52048,0.0
92,52101,0.0
92,52102,0.0
92,52103,0.0
92,52104,0.0
92,52105,0.0
92,52106,0.0
92,52107,0.0
92,52108,0.0
92,52109,0.0
92,52110,0.0
92,52111,0.0
92,52112,0.0
92,52113,0.0
92,52114,0.0
92,52115,0.0
92,52116,0.0
92,52117,0.0
92,52118,0.0
92,52119,0.0
92,52120,0.0
92,52121,0.0
92,52122,0.0
92,52123,0.0
92,52124,0.0
92,52125,0.0
92,52126,0.0
92,52127,0.0
92,52128,0.0
92,52129,0.0
92,52130,0.0
92,52131,0.0
92,52132,0.0
92,52133,0.0
92,52134,0.0
92,52135,0.0
92,52136,0.0
92,52137,0.0
92,52138,0.0
92,52139,0.0
92,52140,0.0
92,52141,0.0
92,52142,0.0
92,52143,0.0
92,52144,0.0
92,52145,0.0
92,52146,0.0
92,52147,0.0
92,52148,0.0
92,52201,0.0
92,52202,0.0
92,52203,0.0
92,52204,0.0
92,52205,0.0
92,52206,0.0
92,52207,0.0
92,52208,0.0
92,52209,0.0
92,52210,0.0
92,52211,0.0
92,52212,0.0
92,52213,0.0
92,52214,0.0
92,52215,0.0
92,52216,0.0
92,52217,0.0
92,52218,0.0
92,52219,0.0
92,52220,0.0
92,52221,0.0
92,52222,0.0
92,52223,0.0
92,52224,0.0
92,52225,0.0
92,52226,0.0
92,52227,0.0
92,52228,0.0
92,52229,0.0
92,52230,0.0
92,52231,0.0
92,52232,0.0
92,52233,0.0
92,52234,0.0
92,52235,0.0
92,52236,0.0
92,52237,0.0
92,52238,0.0
92,52239,0.0
92,52240,0.0
92,52241,0.0
92,52242,0.0
92,52243,0.0
92,52244,0.0
92,52245,0.0
92,52246,0.0
92,52247,0.0
92,52248,0.0
92,52301,0.0
92,52302,0.0
92,52303,0.0
92,52304,0.0
92,52305,0.0
92,52306,0.0
92,52307,0.0
92,52308,0.0
92,52309,0.0
92,52310,0.0
92,52311,0.0
92,52312,0.0
92,52313,0.0
92,52314,0.0
92,52315,0.0
92,52316,0.0
92,52317,0.0
92,52318,0.0
92,52319,0.0
92,52320,0.0
92,52321,0.0
92,52322,0.0
92,52323,0.0
92,52324,0.0
92,52325,0.0
92,52326,0.0
92,52327,0.0
92,52328,0.0
92,52329,0.0
92,52330,0.0
92,52331,0.0
92,52332,0.0
92,52333,0.0
92,52334,0.0
92,52335,0.0
92,52336,0.0
92,52337,0.0
92,52338,0.0
92,52339,0.0
92,52340,0.0
92,52341,0.0
92,52342,0.0
92,52343,0.0
92,52344,0.0
92,52345,0.0
92,52346,0.0
92,52347,0.0
92,52348,0.0
92,52401,0.0
92,52402,0.0
92,52403,0.0
92,52404,0.0
92,52405,0.0
92,52406,0.0
92,52407,0.0
92,52408,0.0
92,52409,0.0
92,52410,0.0
92,52411,0.0
92,52412,0.0
92,52413,0.0
92,52414,0.0
92,52415,0.0
92,52416,0.0
92,52417,0.0
92,52418,0.0
92,52419,0.0
92,52420,0.0
92,52421,0.0
92,52422,0.0
92,52423,0.0
92,52424,0.0
92,52425,0.0
92,52426,0.0
92,52427,0.0
92,52428,0.0
92,52429,0.0
92,52430,0.0
92,52431,0.0
92,52432,0.0
92,52433,0.0
92,52434,0.0
92,52435,0.0
92,52436,0.0
92,52437,0.0
92,52438,0.0
92,52439,0.0
92,52440,0.0
92,52441,0.0
92,52442,0.0
92,52443,0.0
92,52444,0.0
92,52445,0.0
92,52446,0.0
92,52447,0.0
92,52448,0.0
92,52501,0.0
92,52502,0.0
92,52503,0.0
92,52504,0.0
92,52505,0.0
92,52506,0.0
92,52507,0.0
92,52508,0.0
92,52509,0.0
92,52510,0.0
92,52511,0.0
92,52512,0.0
92,52513,0.0
92,52514,0.0
92,52515,0.0
92,52516,0.0
92,52517,0.0
92,52518,0.0
92,52519,0.0
92,52520,0.0
92,52521,0.0
92,52522,0.0
92,52523,0.0
92,52524,0.0
92,52525,0.0
92,52526,0.0
92,52527,0.0
92,52528,0.0
92,52529,0.0
92,52530,0.0
92,52531,0.0
92,52532,0.0
92,52533,0.0
92,52534,0.0
92,52535,0.0
92,52536,0.0
92,52537,0.0
92,52538,0.0
92,52539,0.0
92,52540,0.0
92,52541,0.0
92,52542,0.0
92,52543,0.0
92,52544,0.0
92,52545,0.0
92,52546,0.0
92,52547,0.0
92,52548,0.0
92,52601,0.0
92,52602,0.0
92,52603,0.0
92,52604,0.0
92,52605,0.0
92,52606,0.0
92,52607,0.0
92,52608,0.0
92,52609,0.0
92,52610,0.0
92,52611,0.0
92,52612,0.0
92,52613,0.0
92,52614,0.0
92,52615,0.0
92,52616,0.0
92,52617,0.0
92,52618,0.0
92,52619,0.0
92,52620,0.0
92,52621,0.0
92,52622,0.0
92,52623,0.0
92,52624,0.0
92,52625,0.0
92,52626,0.0
92,52627,0.0
92,52628,0.0
92,52629,0.0
92,52630,0.0
92,52631,0.0
92,52632,0.0
92,52633,0.0
92,52634,0.0
92,52635,0.0
92,52636,0.0
92,52637,0.0
92,52638,0.0
92,52639,0.0
92,52640,0.0
92,52641,0.0
92,52642,0.0
92,52643,0.0
92,52644,0.0
92,52645,0.0
92,52646,0.0
92,52647,0.0
92,52648,0.0
92,52701,0.0
92,52702,0.0
92,52703,0.0
92,52704,0.0
92,52705,0.0
92,52706,0.0
92,52707,0.0
92,52708,0.0
92,52709,0.0
92,52710,0.0
92,52711,0.0
92,52712,0.0
92,52713,0.0
92,52714,0.0
92,52715,0.0
92,52716,0.0
92,52717,0.0
92,52718,0.0
92,52719,0.0
92,52720,0.0
92,52721,0.0
92,52722,0.0
92,52723,0.0
92,52724,0.0
92,52725,0.0
92,52726,0.0
92,52727,0.0
92,52728,0.0
92,52729,0.0
92,52730,0.0
92,52731,0.0
92,52732,0.0
92,52733,0.0
92,52734,0.0
92,52735,0.0
92,52736,0.0
92,52737,0.0
92,52738,0.0
92,52739,0.0
92,52740,0.0
92,52741,0.0
92,52742,0.0
92,52743,0.0
92,52744,0.0
92,52745,0.0
92,52746,0.0
92,52747,0.0
92,52748,0.0
92,52801,0.0
92,52802,0.0
92,52803,0.0
92,52804,0.0
92,52805,0.0
92,52806,0.0
92,52807,0.0
92,52808,0.0
92,52809,0.0
92,52810,0.0
92,52811,0.0
92,52812,0.0
92,52813,0.0
92,52814,0.0
92,52815,0.0
92,52816,0.0
92,52817,0.0
92,52818,0.0
92,52819,0.0
92,52820,0.0
92,52821,0.0
92,52822,0.0
92,52823,0.0
92,52824,0.0
92,52825,0.0
92,52826,0.0
92,52827,0.0
92,52828,0.0
92,52829,0.0
92,52830,0.0
92,52831,0.0
92,52832,0.0
92,52833,0.0
92,52834,0.0
92,52835,0.0
92,52836,0.0
92,52837,0.0
92,52838,0.0
92,52839,0.0
92,52840,0.0
92,52841,0.0
92,52842,0.0
92,52843,0.0
92,52844,0.0
92,52845,0.0
92,52846,0.0
92,52847,0.0
92,52848,0.0
92,52901,0.0
92,52902,0.0
92,52903,0.0
92,52904,0.0
92,52905,0.0
92,52906,0.0
92,52907,0.0
92,52908,0.0
92,52909,0.0
92,52910,0.0
92,52911,0.0
92,52912,0.0
92,52913,0.0
92,52914,0.0
92,52915,0.0
92,52916,0.0
92,52917,0.0
92,52918,0.0
92,52919,0.0
92,52920,0.0
92,52921,0.0
92,52922,0.0
92,52923,0.0
92,52924,0.0
92,52925,0.0
92,52926,0.0
92,52927,0.0
92,52928,0.0
92,52929,0.0
92,52930,0.0
92,52931,0.0
92,52932,0.0
92,52933,0.0
92,52934,0.0
92,52935,0.0
92,52936,0.0
92,52937,0.0
92,52938,0.0
92,52939,0.0
92,52940,0.0
92,52941,0.0
92,52942,0.0
92,52943,0.0
92,52944,0.0
92,52945,0.0
92,52946,0.0
92,52947,0.0
92,52948,0.0
92,53001,0.0
92,53002,0.0
92,53003,0.0
92,53004,0.0
92,53005,0.0
92,53006,0.0
92,53007,0.0
92,53008,0.0
92,53009,0.0
92,53010,0.0
92,53011,0.0
92,53012,0.0
92,53013,0.0
92,53014,0.0
92,53015,0.0
92,53016,0.0
92,53017,0.0
92,53018,0.0
92,53019,0.0
92,53020,0.0
92,53021,0.0
92,53022,0.0
92,53023,0.0
92,53024,0.0
92,53025,0.0
92,53026,0.0
92,53027,0.0
92,53028,0.0
92,53029,0.0
92,53030,0.0
92,53031,0.0
92,53032,0.0
92,53033,0.0
92,53034,0.0
92,53035,0.0
92,53036,0.0
92,53037,0.0
92,53038,0.0
92,53039,0.0
92,53040,0.0
92,53041,0.0
92,53042,0.0
92,53043,0.0
92,53044,0.0
92,53045,0.0
92,53046,0.0
92,53047,0.0
92,53048,0.0
92,53101,0.0
92,53102,0.0
92,53103,0.0
92,53104,0.0
92,53105,0.0
92,53106,0.0
92,53107,0.0
92,53108,0.0
92,53109,0.0
92,53110,0.0
92,53111,0.0
92,53112,0.0
92,53113,0.0
92,53114,0.0
92,53115,0.0
92,53116,0.0
92,53117,0.0
92,53118,0.0
92,53119,0.0
92,53120,0.0
92,53121,0.0
92,53122,0.0
92,53123,0.0
92,53124,0.0
92,53125,0.0
92,53126,0.0
92,53127,0.0
92,53128,0.0
92,53129,0.0
92,53130,0.0
92,53131,0.0
92,53132,0.0
92,53133,0.0
92,53134,0.0
92,53135,0.0
92,53136,0.0
92,53137,0.0
92,53138,0.0
92,53139,0.0
92,53140,0.0
92,53141,0.0
92,53142,0.0
92,53143,0.0
92,53144,0.0
92,53145,0.0
92,53146,0.0
92,53147,0.0
92,53148,0.0
92,53201,0.0
92,53202,0.0
92,53203,0.0
92,53204,0.0
92,53205,0.0
92,53206,0.0
92,53207,0.0
92,53208,0.0
92,53209,0.0
92,53210,0.0
92,53211,0.0
92,53212,0.0
92,53213,0.0
92,53214,0.0
92,53215,0.0
92,53216,0.0
92,53217,0.0
92,53218,0.0
92,53219,0.0
92,53220,0.0
92,53221,0.0
92,53222,0.0
92,53223,0.0
92,53224,0.0
92,53225,0.0
92,53226,0.0
92,53227,0.0
92,53228,0.0
92,53229,0.0
92,53230,0.0
92,53231,0.0
92,53232,0.0
92,53233,0.0
92,53234,0.0
92,53235,0.0
92,53236,0.0
92,53237,0.0
92,53238,0.0
92,53239,0.0
92,53240,0.0
92,53241,0.0
92,53242,0.0
92,53243,0.0
92,53244,0.0
92,53245,0.0
92,53246,0.0
92,53247,0.0
92,53248,0.0
92,53301,0.0
92,53302,0.0
92,53303,0.0
92,53304,0.0
92,53305,0.0
92,53306,0.0
92,53307,0.0
92,53308,0.0
92,53309,0.0
92,53310,0.0
92,53311,0.0
92,53312,0.0
92,53313,0.0
92,53314,0.0
92,53315,0.0
92,53316,0.0
92,53317,0.0
92,53318,0.0
92,53319,0.0
92,53320,0.0
92,53321,0.0
92,53322,0.0
92,53323,0.0
92,53324,0.0
92,53325,0.0
92,53326,0.0
92,53327,0.0
92,53328,0.0
92,53329,0.0
92,53330,0.0
92,53331,0.0
92,53332,0.0
92,53333,0.0
92,53334,0.0
92,53335,0.0
92,53336,0.0
92,53337,0.0
92,53338,0.0
92,53339,0.0
92,53340,0.0
92,53341,0.0
92,53342,0.0
92,53343,0.0
92,53344,0.0
92,53345,0.0
92,53346,0.0
92,53347,0.0
92,53348,0.0
92,53401,0.0
92,53402,0.0
92,53403,0.0
92,53404,0.0
92,53405,0.0
92,53406,0.0
92,53407,0.0
92,53408,0.0
92,53409,0.0
92,53410,0.0
92,53411,0.0
92,53412,0.0
92,53413,0.0
92,53414,0.0
92,53415,0.0
92,53416,0.0
92,53417,0.0
92,53418,0.0
92,53419,0.0
92,53420,0.0
92,53421,0.0
92,53422,0.0
92,53423,0.0
92,53424,0.0
92,53425,0.0
92,53426,0.0
92,53427,0.0
92,53428,0.0
92,53429,0.0
92,53430,0.0
92,53431,0.0
92,53432,0.0
92,53433,0.0
92,53434,0.0
92,53435,0.0
92,53436,0.0
92,53437,0.0
92,53438,0.0
92,53439,0.0
92,53440,0.0
92,53441,0.0
92,53442,0.0
92,53443,0.0
92,53444,0.0
92,53445,0.0
92,53446,0.0
92,53447,0.0
92,53448,0.0
92,53501,0.0
92,53502,0.0
92,53503,0.0
92,53504,0.0
92,53505,0.0
92,53506,0.0
92,53507,0.0
92,53508,0.0
92,53509,0.0
92,53510,0.0
92,53511,0.0
92,53512,0.0
92,53513,0.0
92,53514,0.0
92,53515,0.0
92,53516,0.0
92,53517,0.0
92,53518,0.0
92,53519,0.0
92,53520,0.0
92,53521,0.0
92,53522,0.0
92,53523,0.0
92,53524,0.0
92,53525,0.0
92,53526,0.0
92,53527,0.0
92,53528,0.0
92,53529,0.0
92,53530,0.0
92,53531,0.0
92,53532,0.0
92,53533,0.0
92,53534,0.0
92,53535,0.0
92,53536,0.0
92,53537,0.0
92,53538,0.0
92,53539,0.0
92,53540,0.0
92,53541,0.0
92,53542,0.0
92,53543,0.0
92,53544,0.0
92,53545,0.0
92,53546,0.0
92,53547,0.0
92,53548,0.0
92,53601,0.0
92,53602,0.0
92,53603,0.0
92,53604,0.0
92,53605,0.0
92,53606,0.0
92,53607,0.0
92,53608,0.0
92,53609,0.0
92,53610,0.0
92,53611,0.0
92,53612,0.0
92,53613,0.0
92,53614,0.0
92,53615,0.0
92,53616,0.0
92,53617,0.0
92,53618,0.0
92,53619,0.0
92,53620,0.0
92,53621,0.0
92,53622,0.0
92,53623,0.0
92,53624,0.0
92,53625,0.0
92,53626,0.0
92,53627,0.0
92,53628,0.0
92,53629,0.0
92,53630,0.0
92,53631,0.0
92,53632,0.0
92,53633,0.0
92,53634,0.0
92,53635,0.0
92,53636,0.0
92,53637,0.0
92,53638,0.0
92,53639,0.0
92,53640,0.0
92,53641,0.0
92,53642,0.0
92,53643,0.0
92,53644,0.0
92,53645,0.0
92,53646,0.0
92,53647,0.0
92,53648,0.0
92,53701,0.0
92,53702,0.0
92,53703,0.0
92,53704,0.0
92,53705,0.0
92,53706,0.0
92,53707,0.0
92,53708,0.0
92,53709,0.0
92,53710,0.0
92,53711,0.0
92,53712,0.0
92,53713,0.0
92,53714,0.0
92,53715,0.0
92,53716,0.0
92,53717,0.0
92,53718,0.0
92,53719,0.0
92,53720,0.0
92,53721,0.0
92,53722,0.0
92,53723,0.0
92,53724,0.0
92,53725,0.0
92,53726,0.0
92,53727,0.0
92,53728,0.0
92,53729,0.0
92,53730,0.0
92,53731,0.0
92,53732,0.0
92,53733,0.0
92,53734,0.0
92,53735,0.0
92,53736,0.0
92,53737,0.0
92,53738,0.0
92,53739,0.0
92,53740,0.0
92,53741,0.0
92,53742,0.0
92,53743,0.0
92,53744,0.0
92,53745,0.0
92,53746,0.0
92,53747,0.0
92,53748,0.0
92,53801,0.0
92,53802,0.0
92,53803,0.0
92,53804,0.0
92,53805,0.0
92,53806,0.0
92,53807,0.0
92,53808,0.0
92,53809,0.0
92,53810,0.0
92,53811,0.0
92,53812,0.0
92,53813,0.0
92,53814,0.0
92,53815,0.0
92,53816,0.0
92,53817,0.0
92,53818,0.0
92,53819,0.0
92,53820,0.0
92,53821,0.0
92,53822,0.0
92,53823,0.0
92,53824,0.0
92,53825,0.0
92,53826,0.0
92,53827,0.0
92,53828,0.0
92,53829,0.0
92,53830,0.0
92,53831,0.0
92,53832,0.0
92,53833,0.0
92,53834,0.0
92,53835,0.0
92,53836,0.0
92,53837,0.0
92,53838,0.0
92,53839,0.0
92,53840,0.0
92,53841,0.0
92,53842,0.0
92,53843,0.0
92,53844,0.0
92,53845,0.0
92,53846,0.0
92,53847,0.0
92,53848,0.0
92,53901,0.0
92,53902,0.0
92,53903,0.0
92,53904,0.0
92,53905,0.0
92,53906,0.0
92,53907,0.0
92,53908,0.0
92,53909,0.0
92,53910,0.0
92,53911,0.0
92,53912,0.0
92,53913,0.0
92,53914,0.0
92,53915,0.0
92,53916,0.0
92,53917,0.0
92,53918,0.0
92,53919,0.0
92,53920,0.0
92,53921,0.0
92,53922,0.0
92,53923,0.0
92,53924,0.0
92,53925,0.0
92,53926,0.0
92,53927,0.0
92,53928,0.0
92,53929,0.0
92,53930,0.0
92,53931,0.0
92,53932,0.0
92,53933,0.0
92,53934,0.0
92,53935,0.0
92,53936,0.0
92,53937,0.0
92,53938,0.0
92,53939,0.0
92,53940,0.0
92,53941,0.0
92,53942,0.0
92,53943,0.0
92,53944,0.0
92,53945,0.0
92,53946,0.0
92,53947,0.0
92,53948,0.0
92,54001,0.0
92,54002,0.0
92,54003,0.0
92,54004,0.0
92,54005,0.0
92,54006,0.0
92,54007,0.0
92,54008,0.0
92,54009,0.0
92,54010,0.0
92,54011,0.0
92,54012,0.0
92,54013,0.0
92,54014,0.0
92,54015,0.0
92,54016,0.0
92,54017,0.0
92,54018,0.0
92,54019,0.0
92,54020,0.0
92,54021,0.0
92,54022,0.0
92,54023,0.0
92,54024,0.0
92,54025,0.0
92,54026,0.0
92,54027,0.0
92,54028,0.0
92,54029,0.0
92,54030,0.0
92,54031,0.0
92,54032,0.0
92,54033,0.0
92,54034,0.0
92,54035,0.0
92,54036,0.0
92,54037,0.0
92,54038,0.0
92,54039,0.0
92,54040,0.0
92,54041,0.0
92,54042,0.0
92,54043,0.0
92,54044,0.0
92,54045,0.0
92,54046,0.0
92,54047,0.0
92,54048,0.0
92,54101,0.0
92,54102,0.0
92,54103,0.0
92,54104,0.0
92,54105,0.0
92,54106,0.0
92,54107,0.0
92,54108,0.0
92,54109,0.0
92,54110,0.0
92,54111,0.0
92,54112,0.0
92,54113,0.0
92,54114,0.0
92,54115,0.0
92,54116,0.0
92,54117,0.0
92,54118,0.0
92,54119,0.0
92,54120,0.0
92,54121,0.0
92,54122,0.0
92,54123,0.0
92,54124,0.0
92,54125,0.0
92,54126,0.0
92,54127,0.0
92,54128,0.0
92,54129,0.0
92,54130,0.0
92,54131,0.0
92,54132,0.0
92,54133,0.0
92,54134,0.0
92,54135,0.0
92,54136,0.0
92,54137,0.0
92,54138,0.0
92,54139,0.0
92,54140,0.0
92,54141,0.0
92,54142,0.0
92,54143,0.0
92,54144,0.0
92,54145,0.0
92,54146,0.0
92,54147,0.0
92,54148,0.0
92,54201,0.0
92,54202,0.0
92,54203,0.0
92,54204,0.0
92,54205,0.0
92,54206,0.0
92,54207,0.0
92,54208,0.0
92,54209,0.0
92,54210,0.0
92,54211,0.0
92,54212,0.0
92,54213,0.0
92,54214,0.0
92,54215,0.0
92,54216,0.0
92,54217,0.0
92,54218,0.0
92,54219,0.0
92,54220,0.0
92,54221,0.0
92,54222,0.0
92,54223,0.0
92,54224,0.0
92,54225,0.0
92,54226,0.0
92,54227,0.0
92,54228,0.0
92,54229,0.0
92,54230,0.0
92,54231,0.0
92,54232,0.0
92,54233,0.0
92,54234,0.0
92,54235,0.0
92,54236,0.0
92,54237,0.0
92,54238,0.0
92,54239,0.0
92,54240,0.0
92,54241,0.0
92,54242,0.0
92,54243,0.0
92,54244,0.0
92,54245,0.0
92,54246,0.0
92,54247,0.0
92,54248,0.0
92,54301,0.0
92,54302,0.0
92,54303,0.0
92,54304,0.0
92,54305,0.0
92,54306,0.0
92,54307,0.0
92,54308,0.0
92,54309,0.0
92,54310,0.0
92,54311,0.0
92,54312,0.0
92,54313,0.0
92,54314,0.0
92,54315,0.0
92,54316,0.0
92,54317,0.0
92,54318,0.0
92,54319,0.0
92,54320,0.0
92,54321,0.0
92,54322,0.0
92,54323,0.0
92,54324,0.0
92,54325,0.0
92,54326,0.0
92,54327,0.0
92,54328,0.0
92,54329,0.0
92,54330,0.0
92,54331,0.0
92,54332,0.0
92,54333,0.0
92,54334,0.0
92,54335,0.0
92,54336,0.0
92,54337,0.0
92,54338,0.0
92,54339,0.0
92,54340,0.0
92,54341,0.0
92,54342,0.0
92,54343,0.0
92,54344,0.0
92,54345,0.0
92,54346,0.0
92,54347,0.0
92,54348,0.0
92,54401,0.0
92,54402,0.0
92,54403,0.0
92,54404,0.0
92,54405,0.0
92,54406,0.0
92,54407,0.0
92,54408,0.0
92,54409,0.0
92,54410,0.0
92,54411,0.0
92,54412,0.0
92,54413,0.0
92,54414,0.0
92,54415,0.0
92,54416,0.0
92,54417,0.0
92,54418,0.0
92,54419,0.0
92,54420,0.0
92,54421,0.0
92,54422,0.0
92,54423,0.0
92,54424,0.0
92,54425,0.0
92,54426,0.0
92,54427,0.0
92,54428,0.0
92,54429,0.0
92,54430,0.0
92,54431,0.0
92,54432,0.0
92,54433,0.0
92,54434,0.0
92,54435,0.0
92,54436,0.0
92,54437,0.0
92,54438,0.0
92,54439,0.0
92,54440,0.0
92,54441,0.0
92,54442,0.0
92,54443,0.0
92,54444,0.0
92,54445,0.0
92,54446,0.0
92,54447,0.0
92,54448,0.0
92,54501,0.0
92,54502,0.0
92,54503,0.0
92,54504,0.0
92,54505,0.0
92,54506,0.0
92,54507,0.0
92,54508,0.0
92,54509,0.0
92,54510,0.0
92,54511,0.0
92,54512,0.0
92,54513,0.0
92,54514,0.0
92,54515,0.0
92,54516,0.0
92,54517,0.0
92,54518,0.0
92,54519,0.0
92,54520,0.0
92,54521,0.0
92,54522,0.0
92,54523,0.0
92,54524,0.0
92,54525,0.0
92,54526,0.0
92,54527,0.0
92,54528,0.0
92,54529,0.0
92,54530,0.0
92,54531,0.0
92,54532,0.0
92,54533,0.0
92,54534,0.0
92,54535,0.0
92,54536,0.0
92,54537,0.0
92,54538,0.0
92,54539,0.0
92,54540,0.0
92,54541,0.0
92,54542,0.0
92,54543,0.0
92,54544,0.0
92,54545,0.0
92,54546,0.0
92,54547,0.0
92,54548,0.0
92,54601,0.0
92,54602,0.0
92,54603,0.0
92,54604,0.0
92,54605,0.0
92,54606,0.0
92,54607,0.0
92,54608,0.0
92,54609,0.0
92,54610,0.0
92,54611,0.0
92,54612,0.0
92,54613,0.0
92,54614,0.0
92,54615,0.0
92,54616,0.0
92,54617,0.0
92,54618,0.0
92,54619,0.0
92,54620,0.0
92,54621,0.0
92,54622,0.0
92,54623,0.0
92,54624,0.0
92,54625,0.0
92,54626,0.0
92,54627,0.0
92,54628,0.0
92,54629,0.0
92,54630,0.0
92,54631,0.0
92,54632,0.0
92,54633,0.0
92,54634,0.0
92,54635,0.0
92,54636,0.0
92,54637,0.0
92,54638,0.0
92,54639,0.0
92,54640,0.0
92,54641,0.0
92,54642,0.0
92,54643,0.0
92,54644,0.0
92,54645,0.0
92,54646,0.0
92,54647,0.0
92,54648,0.0
92,54701,0.0
92,54702,0.0
92,54703,0.0
92,54704,0.0
92,54705,0.0
92,54706,0.0
92,54707,0.0
92,54708,0.0
92,54709,0.0
92,54710,0.0
92,54711,0.0
92,54712,0.0
92,54713,0.0
92,54714,0.0
92,54715,0.0
92,54716,0.0
92,54717,0.0
92,54718,0.0
92,54719,0.0
92,54720,0.0
92,54721,0.0
92,54722,0.0
92,54723,0.0
92,54724,0.0
92,54725,0.0
92,54726,0.0
92,54727,0.0
92,54728,0.0
92,54729,0.0
92,54730,0.0
92,54731,0.0
92,54732,0.0
92,54733,0.0
92,54734,0.0
92,54735,0.0
92,54736,0.0
92,54737,0.0
92,54738,0.0
92,54739,0.0
92,54740,0.0
92,54741,0.0
92,54742,0.0
92,54743,0.0
92,54744,0.0
92,54745,0.0
92,54746,0.0
92,54747,0.0
92,54748,0.0
92,54801,0.0
92,54802,0.0
92,54803,0.0
92,54804,0.0
92,54805,0.0
92,54806,0.0
92,54807,0.0
92,54808,0.0
92,54809,0.0
92,54810,0.0
92,54811,0.0
92,54812,0.0
92,54813,0.0
92,54814,0.0
92,54815,0.0
92,54816,0.0
92,54817,0.0
92,54818,0.0
92,54819,0.0
92,54820,0.0
92,54821,0.0
92,54822,0.0
92,54823,0.0
92,54824,0.0
92,54825,0.0
92,54826,0.0
92,54827,0.0
92,54828,0.0
92,54829,0.0
92,54830,0.0
92,54831,0.0
92,54832,0.0
92,54833,0.0
92,54834,0.0
92,54835,0.0
92,54836,0.0
92,54837,0.0
92,54838,0.0
92,54839,0.0
92,54840,0.0
92,54841,0.0
92,54842,0.0
92,54843,0.0
92,54844,0.0
92,54845,0.0
92,54846,0.0
92,54847,0.0
92,54848,0.0
92,54901,0.0
92,54902,0.0
92,54903,0.0
92,54904,0.0
92,54905,0.0
92,54906,0.0
92,54907,0.0
92,54908,0.0
92,54909,0.0
92,54910,0.0
92,54911,0.0
92,54912,0.0
92,54913,0.0
92,54914,0.0
92,54915,0.0
92,54916,0.0
92,54917,0.0
92,54918,0.0
92,54919,0.0
92,54920,0.0
92,54921,0.0
92,54922,0.0
92,54923,0.0
92,54924,0.0
92,54925,0.0
92,54926,0.0
92,54927,0.0
92,54928,0.0
92,54929,0.0
92,54930,0.0
92,54931,0.0
92,54932,0.0
92,54933,0.0
92,54934,0.0
92,54935,0.0
92,54936,0.0
92,54937,0.0
92,54938,0.0
92,54939,0.0
92,54940,0.0
92,54941,0.0
92,54942,0.0
92,54943,0.0
92,54944,0.0
92,54945,0.0
92,54946,0.0
92,54947,0.0
92,54948,0.0
92,55001,0.0
92,55002,0.0
92,55003,0.0
92,55004,0.0
92,55005,0.0
92,55006,0.0
92,55007,0.0
92,55008,0.0
92,55009,0.0
92,55010,0.0
92,55011,0.0
92,55012,0.0
92,55013,0.0
92,55014,0.0
92,55015,0.0
92,55016,0.0
92,55017,0.0
92,55018,0.0
92,55019,0.0
92,55020,0.0
92,55021,0.0
92,55022,0.0
92,55023,0.0
92,55024,0.0
92,55025,0.0
92,55026,0.0
92,55027,0.0
92,55028,0.0
92,55029,0.0
92,55030,0.0
92,55031,0.0
92,55032,0.0
92,55033,0.0
92,55034,0.0
92,55035,0.0
92,55036,0.0
92,55037,0.0
92,55038,0.0
92,55039,0.0
92,55040,0.0
92,55041,0.0
92,55042,0.0
92,55043,0.0
92,55044,0.0
92,55045,0.0
92,55046,0.0
92,55047,0.0
92,55048,0.0
92,55101,0.0
92,55102,0.0
92,55103,0.0
92,55104,0.0
92,55105,0.0
92,55106,0.0
92,55107,0.0
92,55108,0.0
92,55109,0.0
92,55110,0.0
92,55111,0.0
92,55112,0.0
92,55113,0.0
92,55114,0.0
92,55115,0.0
92,55116,0.0
92,55117,0.0
92,55118,0.0
92,55119,0.0
92,55120,0.0
92,55121,0.0
92,55122,0.0
92,55123,0.0
92,55124,0.0
92,55125,0.0
92,55126,0.0
92,55127,0.0
92,55128,0.0
92,55129,0.0
92,55130,0.0
92,55131,0.0
92,55132,0.0
92,55133,0.0
92,55134,0.0
92,55135,0.0
92,55136,0.0
92,55137,0.0
92,55138,0.0
92,55139,0.0
92,55140,0.0
92,55141,0.0
92,55142,0.0
92,55143,0.0
92,55144,0.0
92,55145,0.0
92,55146,0.0
92,55147,0.0
92,55148,0.0
92,55201,0.0
92,55202,0.0
92,55203,0.0
92,55204,0.0
92,55205,0.0
92,55206,0.0
92,55207,0.0
92,55208,0.0
92,55209,0.0
92,55210,0.0
92,55211,0.0
92,55212,0.0
92,55213,0.0
92,55214,0.0
92,55215,0.0
92,55216,0.0
92,55217,0.0
92,55218,0.0
92,55219,0.0
92,55220,0.0
92,55221,0.0
92,55222,0.0
92,55223,0.0
92,55224,0.0
92,55225,0.0
92,55226,0.0
92,55227,0.0
92,55228,0.0
92,55229,0.0
92,55230,0.0
92,55231,0.0
92,55232,0.0
92,55233,0.0
92,55234,0.0
92,55235,0.0
92,55236,0.0
92,55237,0.0
92,55238,0.0
92,55239,0.0
92,55240,0.0
92,55241,0.0
92,55242,0.0
92,55243,0.0
92,55244,0.0
92,55245,0.0
92,55246,0.0
92,55247,0.0
92,55248,0.0
92,55301,0.0
92,55302,0.0
92,55303,0.0
92,55304,0.0
92,55305,0.0
92,55306,0.0
92,55307,0.0
92,55308,0.0
92,55309,0.0
92,55310,0.0
92,55311,0.0
92,55312,0.0
92,55313,0.0
92,55314,0.0
92,55315,0.0
92,55316,0.0
92,55317,0.0
92,55318,0.0
92,55319,0.0
92,55320,0.0
92,55321,0.0
92,55322,0.0
92,55323,0.0
92,55324,0.0
92,55325,0.0
92,55326,0.0
92,55327,0.0
92,55328,0.0
92,55329,0.0
92,55330,0.0
92,55331,0.0
92,55332,0.0
92,55333,0.0
92,55334,0.0
92,55335,0.0
92,55336,0.0
92,55337,0.0
92,55338,0.0
92,55339,0.0
92,55340,0.0
92,55341,0.0
92,55342,0.0
92,55343,0.0
92,55344,0.0
92,55345,0.0
92,55346,0.0
92,55347,0.0
92,55348,0.0
92,55401,0.0
92,55402,0.0
92,55403,0.0
92,55404,0.0
92,55405,0.0
92,55406,0.0
92,55407,0.0
92,55408,0.0
92,55409,0.0
92,55410,0.0
92,55411,0.0
92,55412,0.0
92,55413,0.0
92,55414,0.0
92,55415,0.0
92,55416,0.0
92,55417,0.0
92,55418,0.0
92,55419,0.0
92,55420,0.0
92,55421,0.0
92,55422,0.0
92,55423,0.0
92,55424,0.0
92,55425,0.0
92,55426,0.0
92,55427,0.0
92,55428,0.0
92,55429,0.0
92,55430,0.0
92,55431,0.0
92,55432,0.0
92,55433,0.0
92,55434,0.0
92,55435,0.0
92,55436,0.0
92,55437,0.0
92,55438,0.0
92,55439,0.0
92,55440,0.0
92,55441,0.0
92,55442,0.0
92,55443,0.0
92,55444,0.0
92,55445,0.0
92,55446,0.0
92,55447,0.0
92,55448,0.0
92,55501,0.0
92,55502,0.0
92,55503,0.0
92,55504,0.0
92,55505,0.0
92,55506,0.0
92,55507,0.0
92,55508,0.0
92,55509,0.0
92,55510,0.0
92,55511,0.0
92,55512,0.0
92,55513,0.0
92,55514,0.0
92,55515,0.0
92,55516,0.0
92,55517,0.0
92,55518,0.0
92,55519,0.0
92,55520,0.0
92,55521,0.0
92,55522,0.0
92,55523,0.0
92,55524,0.0
92,55525,0.0
92,55526,0.0
92,55527,0.0
92,55528,0.0
92,55529,0.0
92,55530,0.0
92,55531,0.0
92,55532,0.0
92,55533,0.0
92,55534,0.0
92,55535,0.0
92,55536,0.0
92,55537,0.0
92,55538,0.0
92,55539,0.0
92,55540,0.0
92,55541,0.0
92,55542,0.0
92,55543,0.0
92,55544,0.0
92,55545,0.0
92,55546,0.0
92,55547,0.0
92,55548,0.0
92,55601,0.0
92,55602,0.0
92,55603,0.0
92,55604,0.0
92,55605,0.0
92,55606,0.0
92,55607,0.0
92,55608,0.0
92,55609,0.0
92,55610,0.0
92,55611,0.0
92,55612,0.0
92,55613,0.0
92,55614,0.0
92,55615,0.0
92,55616,0.0
92,55617,0.0
92,55618,0.0
92,55619,0.0
92,55620,0.0
92,55621,0.0
92,55622,0.0
92,55623,0.0
92,55624,0.0
92,55625,0.0
92,55626,0.0
92,55627,0.0
92,55628,0.0
92,55629,0.0
92,55630,0.0
92,55631,0.0
92,55632,0.0
92,55633,0.0
92,55634,0.0
92,55635,0.0
92,55636,0.0
92,55637,0.0
92,55638,0.0
92,55639,0.0
92,55640,0.0
92,55641,0.0
92,55642,0.0
92,55643,0.0
92,55644,0.0
92,55645,0.0
92,55646,0.0
92,55647,0.0
92,55648,0.0
92,55701,0.0
92,55702,0.0
92,55703,0.0
92,55704,0.0
92,55705,0.0
92,55706,0.0
92,55707,0.0
92,55708,0.0
92,55709,0.0
92,55710,0.0
92,55711,0.0
92,55712,0.0
92,55713,0.0
92,55714,0.0
92,55715,0.0
92,55716,0.0
92,55717,0.0
92,55718,0.0
92,55719,0.0
92,55720,0.0
92,55721,0.0
92,55722,0.0
92,55723,0.0
92,55724,0.0
92,55725,0.0
92,55726,0.0
92,55727,0.0
92,55728,0.0
92,55729,0.0
92,55730,0.0
92,55731,0.0
92,55732,0.0
92,55733,0.0
92,55734,0.0
92,55735,0.0
92,55736,0.0
92,55737,0.0
92,55738,0.0
92,55739,0.0
92,55740,0.0
92,55741,0.0
92,55742,0.0
92,55743,0.0
92,55744,0.0
92,55745,0.0
92,55746,0.0
92,55747,0.0
92,55748,0.0
92,55801,0.0
92,55802,0.0
92,55803,0.0
92,55804,0.0
92,55805,0.0
92,55806,0.0
92,55807,0.0
92,55808,0.0
92,55809,0.0
92,55810,0.0
92,55811,0.0
92,55812,0.0
92,55813,0.0
92,55814,0.0
92,55815,0.0
92,55816,0.0
92,55817,0.0
92,55818,0.0
92,55819,0.0
92,55820,0.0
92,55821,0.0
92,55822,0.0
92,55823,0.0
92,55824,0.0
92,55825,0.0
92,55826,0.0
92,55827,0.0
92,55828,0.0
92,55829,0.0
92,55830,0.0
92,55831,0.0
92,55832,0.0
92,55833,0.0
92,55834,0.0
92,55835,0.0
92,55836,0.0
92,55837,0.0
92,55838,0.0
92,55839,0.0
92,55840,0.0
92,55841,0.0
92,55842,0.0
92,55843,0.0
92,55844,0.0
92,55845,0.0
92,55846,0.0
92,55847,0.0
92,55848,0.0
92,55901,0.0
92,55902,0.0
92,55903,0.0
92,55904,0.0
92,55905,0.0
92,55906,0.0
92,55907,0.0
92,55908,0.0
92,55909,0.0
92,55910,0.0
92,55911,0.0
92,55912,0.0
92,55913,0.0
92,55914,0.0
92,55915,0.0
92,55916,0.0
92,55917,0.0
92,55918,0.0
92,55919,0.0
92,55920,0.0
92,55921,0.0
92,55922,0.0
92,55923,0.0
92,55924,0.0
92,55925,0.0
92,55926,0.0
92,55927,0.0
92,55928,0.0
92,55929,0.0
92,55930,0.0
92,55931,0.0
92,55932,0.0
92,55933,0.0
92,55934,0.0
92,55935,0.0
92,55936,0.0
92,55937,0.0
92,55938,0.0
92,55939,0.0
92,55940,0.0
92,55941,0.0
92,55942,0.0
92,55943,0.0
92,55944,0.0
92,55945,0.0
92,55946,0.0
92,55947,0.0
92,55948,0.0
92,56001,0.0
92,56002,0.0
92,56003,0.0
92,56004,0.0
92,56005,0.0
92,56006,0.0
92,56007,0.0
92,56008,0.0
92,56009,0.0
92,56010,0.0
92,56011,0.0
92,56012,0.0
92,56013,0.0
92,56014,0.0
92,56015,0.0
92,56016,0.0
92,56017,0.0
92,56018,0.0
92,56019,0.0
92,56020,0.0
92,56021,0.0
92,56022,0.0
92,56023,0.0
92,56024,0.0
92,56025,0.0
92,56026,0.0
92,56027,0.0
92,56028,0.0
92,56029,0.0
92,56030,0.0
92,56031,0.0
92,56032,0.0
92,56033,0.0
92,56034,0.0
92,56035,0.0
92,56036,0.0
92,56037,0.0
92,56038,0.0
92,56039,0.0
92,56040,0.0
92,56041,0.0
92,56042,0.0
92,56043,0.0
92,56044,0.0
92,56045,0.0
92,56046,0.0
92,56047,0.0
92,56048,0.0
92,56101,0.0
92,56102,0.0
92,56103,0.0
92,56104,0.0
92,56105,0.0
92,56106,0.0
92,56107,0.0
92,56108,0.0
92,56109,0.0
92,56110,0.0
92,56111,0.0
92,56112,0.0
92,56113,0.0
92,56114,0.0
92,56115,0.0
92,56116,0.0
92,56117,0.0
92,56118,0.0
92,56119,0.0
92,56120,0.0
92,56121,0.0
92,56122,0.0
92,56123,0.0
92,56124,0.0
92,56125,0.0
92,56126,0.0
92,56127,0.0
92,56128,0.0
92,56129,0.0
92,56130,0.0
92,56131,0.0
92,56132,0.0
92,56133,0.0
92,56134,0.0
92,56135,0.0
92,56136,0.0
92,56137,0.0
92,56138,0.0
92,56139,0.0
92,56140,0.0
92,56141,0.0
92,56142,0.0
92,56143,0.0
92,56144,0.0
92,56145,0.0
92,56146,0.0
92,56147,0.0
92,56148,0.0
92,56201,0.0
92,56202,0.0
92,56203,0.0
92,56204,0.0
92,56205,0.0
92,56206,0.0
92,56207,0.0
92,56208,0.0
92,56209,0.0
92,56210,0.0
92,56211,0.0
92,56212,0.0
92,56213,0.0
92,56214,0.0
92,56215,0.0
92,56216,0.0
92,56217,0.0
92,56218,0.0
92,56219,0.0
92,56220,0.0
92,56221,0.0
92,56222,0.0
92,56223,0.0
92,56224,0.0
92,56225,0.0
92,56226,0.0
92,56227,0.0
92,56228,0.0
92,56229,0.0
92,56230,0.0
92,56231,0.0
92,56232,0.0
92,56233,0.0
92,56234,0.0
92,56235,0.0
92,56236,0.0
92,56237,0.0
92,56238,0.0
92,56239,0.0
92,56240,0.0
92,56241,0.0
92,56242,0.0
92,56243,0.0
92,56244,0.0
92,56245,0.0
92,56246,0.0
92,56247,0.0
92,56248,0.0
92,56301,0.0
92,56302,0.0
92,56303,0.0
92,56304,0.0
92,56305,0.0
92,56306,0.0
92,56307,0.0
92,56308,0.0
92,56309,0.0
92,56310,0.0
92,56311,0.0
92,56312,0.0
92,56313,0.0
92,56314,0.0
92,56315,0.0
92,56316,0.0
92,56317,0.0
92,56318,0.0
92,56319,0.0
92,56320,0.0
92,56321,0.0
92,56322,0.0
92,56323,0.0
92,56324,0.0
92,56325,0.0
92,56326,0.0
92,56327,0.0
92,56328,0.0
92,56329,0.0
92,56330,0.0
92,56331,0.0
92,56332,0.0
92,56333,0.0
92,56334,0.0
92,56335,0.0
92,56336,0.0
92,56337,0.0
92,56338,0.0
92,56339,0.0
92,56340,0.0
92,56341,0.0
92,56342,0.0
92,56343,0.0
92,56344,0.0
92,56345,0.0
92,56346,0.0
92,56347,0.0
92,56348,0.0
92,56401,0.0
92,56402,0.0
92,56403,0.0
92,56404,0.0
92,56405,0.0
92,56406,0.0
92,56407,0.0
92,56408,0.0
92,56409,0.0
92,56410,0.0
92,56411,0.0
92,56412,0.0
92,56413,0.0
92,56414,0.0
92,56415,0.0
92,56416,0.0
92,56417,0.0
92,56418,0.0
92,56419,0.0
92,56420,0.0
92,56421,0.0
92,56422,0.0
92,56423,0.0
92,56424,0.0
92,56425,0.0
92,56426,0.0
92,56427,0.0
92,56428,0.0
92,56429,0.0
92,56430,0.0
92,56431,0.0
92,56432,0.0
92,56433,0.0
92,56434,0.0
92,56435,0.0
92,56436,0.0
92,56437,0.0
92,56438,0.0
92,56439,0.0
92,56440,0.0
92,56441,0.0
92,56442,0.0
92,56443,0.0
92,56444,0.0
92,56445,0.0
92,56446,0.0
92,56447,0.0
92,56448,0.0
92,56501,0.0
92,56502,0.0
92,56503,0.0
92,56504,0.0
92,56505,0.0
92,56506,0.0
92,56507,0.0
92,56508,0.0
92,56509,0.0
92,56510,0.0
92,56511,0.0
92,56512,0.0
92,56513,0.0
92,56514,0.0
92,56515,0.0
92,56516,0.0
92,56517,0.0
92,56518,0.0
92,56519,0.0
92,56520,0.0
92,56521,0.0
92,56522,0.0
92,56523,0.0
92,56524,0.0
92,56525,0.0
92,56526,0.0
92,56527,0.0
92,56528,0.0
92,56529,0.0
92,56530,0.0
92,56531,0.0
92,56532,0.0
92,56533,0.0
92,56534,0.0
92,56535,0.0
92,56536,0.0
92,56537,0.0
92,56538,0.0
92,56539,0.0
92,56540,0.0
92,56541,0.0
92,56542,0.0
92,56543,0.0
92,56544,0.0
92,56545,0.0
92,56546,0.0
92,56547,0.0
92,56548,0.0
92,56601,0.0
92,56602,0.0
92,56603,0.0
92,56604,0.0
92,56605,0.0
92,56606,0.0
92,56607,0.0
92,56608,0.0
92,56609,0.0
92,56610,0.0
92,56611,0.0
92,56612,0.0
92,56613,0.0
92,56614,0.0
92,56615,0.0
92,56616,0.0
92,56617,0.0
92,56618,0.0
92,56619,0.0
92,56620,0.0
92,56621,0.0
92,56622,0.0
92,56623,0.0
92,56624,0.0
92,56625,0.0
92,56626,0.0
92,56627,0.0
92,56628,0.0
92,56629,0.0
92,56630,0.0
92,56631,0.0
92,56632,0.0
92,56633,0.0
92,56634,0.0
92,56635,0.0
92,56636,0.0
92,56637,0.0
92,56638,0.0
92,56639,0.0
92,56640,0.0
92,56641,0.0
92,56642,0.0
92,56643,0.0
92,56644,0.0
92,56645,0.0
92,56646,0.0
92,56647,0.0
92,56648,0.0
92,56701,0.0
92,56702,0.0
92,56703,0.0
92,56704,0.0
92,56705,0.0
92,56706,0.0
92,56707,0.0
92,56708,0.0
92,56709,0.0
92,56710,0.0
92,56711,0.0
92,56712,0.0
92,56713,0.0
92,56714,0.0
92,56715,0.0
92,56716,0.0
92,56717,0.0
92,56718,0.0
92,56719,0.0
92,56720,0.0
92,56721,0.0
92,56722,0.0
92,56723,0.0
92,56724,0.0
92,56725,0.0
92,56726,0.0
92,56727,0.0
92,56728,0.0
92,56729,0.0
92,56730,0.0
92,56731,0.0
92,56732,0.0
92,56733,0.0
92,56734,0.0
92,56735,0.0
92,56736,0.0
92,56737,0.0
92,56738,0.0
92,56739,0.0
92,56740,0.0
92,56741,0.0
92,56742,0.0
92,56743,0.0
92,56744,0.0
92,56745,0.0
92,56746,0.0
92,56747,0.0
92,56748,0.0
92,56801,0.0
92,56802,0.0
92,56803,0.0
92,56804,0.0
92,56805,0.0
92,56806,0.0
92,56807,0.0
92,56808,0.0
92,56809,0.0
92,56810,0.0
92,56811,0.0
92,56812,0.0
92,56813,0.0
92,56814,0.0
92,56815,0.0
92,56816,0.0
92,56817,0.0
92,56818,0.0
92,56819,0.0
92,56820,0.0
92,56821,0.0
92,56822,0.0
92,56823,0.0
92,56824,0.0
92,56825,0.0
92,56826,0.0
92,56827,0.0
92,56828,0.0
92,56829,0.0
92,56830,0.0
92,56831,0.0
92,56832,0.0
92,56833,0.0
92,56834,0.0
92,56835,0.0
92,56836,0.0
92,56837,0.0
92,56838,0.0
92,56839,0.0
92,56840,0.0
92,56841,0.0
92,56842,0.0
92,56843,0.0
92,56844,0.0
92,56845,0.0
92,56846,0.0
92,56847,0.0
92,56848,0.0
92,56901,0.0
92,56902,0.0
92,56903,0.0
92,56904,0.0
92,56905,0.0
92,56906,0.0
92,56907,0.0
92,56908,0.0
92,56909,0.0
92,56910,0.0
92,56911,0.0
92,56912,0.0
92,56913,0.0
92,56914,0.0
92,56915,0.0
92,56916,0.0
92,56917,0.0
92,56918,0.0
92,56919,0.0
92,56920,0.0
92,56921,0.0
92,56922,0.0
92,56923,0.0
92,56924,0.0
92,56925,0.0
92,56926,0.0
92,56927,0.0
92,56928,0.0
92,56929,0.0
92,56930,0.0
92,56931,0.0
92,56932,0.0
92,56933,0.0
92,56934,0.0
92,56935,0.0
92,56936,0.0
92,56937,0.0
92,56938,0.0
92,56939,0.0
92,56940,0.0
92,56941,0.0
92,56942,0.0
92,56943,0.0
92,56944,0.0
92,56945,0.0
92,56946,0.0
92,56947,0.0
92,56948,0.0
92,57001,0.0
92,57002,0.0
92,57003,0.0
92,57004,0.0
92,57005,0.0
92,57006,0.0
92,57007,0.0
92,57008,0.0
92,57009,0.0
92,57010,0.0
92,57011,0.0
92,57012,0.0
92,57013,0.0
92,57014,0.0
92,57015,0.0
92,57016,0.0
92,57017,0.0
92,57018,0.0
92,57019,0.0
92,57020,0.0
92,57021,0.0
92,57022,0.0
92,57023,0.0
92,57024,0.0
92,57025,0.0
92,57026,0.0
92,57027,0.0
92,57028,0.0
92,57029,0.0
92,57030,0.0
92,57031,0.0
92,57032,0.0
92,57033,0.0
92,57034,0.0
92,57035,0.0
92,57036,0.0
92,57037,0.0
92,57038,0.0
92,57039,0.0
92,57040,0.0
92,57041,0.0
92,57042,0.0
92,57043,0.0
92,57044,0.0
92,57045,0.0
92,57046,0.0
92,57047,0.0
92,57048,0.0
92,57101,0.0
92,57102,0.0
92,57103,0.0
92,57104,0.0
92,57105,0.0
92,57106,0.0
92,57107,0.0
92,57108,0.0
92,57109,0.0
92,57110,0.0
92,57111,0.0
92,57112,0.0
92,57113,0.0
92,57114,0.0
92,57115,0.0
92,57116,0.0
92,57117,0.0
92,57118,0.0
92,57119,0.0
92,57120,0.0
92,57121,0.0
92,57122,0.0
92,57123,0.0
92,57124,0.0
92,57125,0.0
92,57126,0.0
92,57127,0.0
92,57128,0.0
92,57129,0.0
92,57130,0.0
92,57131,0.0
92,57132,0.0
92,57133,0.0
92,57134,0.0
92,57135,0.0
92,57136,0.0
92,57137,0.0
92,57138,0.0
92,57139,0.0
92,57140,0.0
92,57141,0.0
92,57142,0.0
92,57143,0.0
92,57144,0.0
92,57145,0.0
92,57146,0.0
92,57147,0.0
92,57148,0.0
92,57201,0.0
92,57202,0.0
92,57203,0.0
92,57204,0.0
92,57205,0.0
92,57206,0.0
92,57207,0.0
92,57208,0.0
92,57209,0.0
92,57210,0.0
92,57211,0.0
92,57212,0.0
92,57213,0.0
92,57214,0.0
92,57215,0.0
92,57216,0.0
92,57217,0.0
92,57218,0.0
92,57219,0.0
92,57220,0.0
92,57221,0.0
92,57222,0.0
92,57223,0.0
92,57224,0.0
92,57225,0.0
92,57226,0.0
92,57227,0.0
92,57228,0.0
92,57229,0.0
92,57230,0.0
92,57231,0.0
92,57232,0.0
92,57233,0.0
92,57234,0.0
92,57235,0.0
92,57236,0.0
92,57237,0.0
92,57238,0.0
92,57239,0.0
92,57240,0.0
92,57241,0.0
92,57242,0.0
92,57243,0.0
92,57244,0.0
92,57245,0.0
92,57246,0.0
92,57247,0.0
92,57248,0.0
92,57301,0.0
92,57302,0.0
92,57303,0.0
92,57304,0.0
92,57305,0.0
92,57306,0.0
92,57307,0.0
92,57308,0.0
92,57309,0.0
92,57310,0.0
92,57311,0.0
92,57312,0.0
92,57313,0.0
92,57314,0.0
92,57315,0.0
92,57316,0.0
92,57317,0.0
92,57318,0.0
92,57319,0.0
92,57320,0.0
92,57321,0.0
92,57322,0.0
92,57323,0.0
92,57324,0.0
92,57325,0.0
92,57326,0.0
92,57327,0.0
92,57328,0.0
92,57329,0.0
92,57330,0.0
92,57331,0.0
92,57332,0.0
92,57333,0.0
92,57334,0.0
92,57335,0.0
92,57336,0.0
92,57337,0.0
92,57338,0.0
92,57339,0.0
92,57340,0.0
92,57341,0.0
92,57342,0.0
92,57343,0.0
92,57344,0.0
92,57345,0.0
92,57346,0.0
92,57347,0.0
92,57348,0.0
92,57401,0.0
92,57402,0.0
92,57403,0.0
92,57404,0.0
92,57405,0.0
92,57406,0.0
92,57407,0.0
92,57408,0.0
92,57409,0.0
92,57410,0.0
92,57411,0.0
92,57412,0.0
92,57413,0.0
92,57414,0.0
92,57415,0.0
92,57416,0.0
92,57417,0.0
92,57418,0.0
92,57419,0.0
92,57420,0.0
92,57421,0.0
92,57422,0.0
92,57423,0.0
92,57424,0.0
92,57425,0.0
92,57426,0.0
92,57427,0.0
92,57428,0.0
92,57429,0.0
92,57430,0.0
92,57431,0.0
92,57432,0.0
92,57433,0.0
92,57434,0.0
92,57435,0.0
92,57436,0.0
92,57437,0.0
92,57438,0.0
92,57439,0.0
92,57440,0.0
92,57441,0.0
92,57442,0.0
92,57443,0.0
92,57444,0.0
92,57445,0.0
92,57446,0.0
92,57447,0.0
92,57448,0.0
92,57501,0.0
92,57502,0.0
92,57503,0.0
92,57504,0.0
92,57505,0.0
92,57506,0.0
92,57507,0.0
92,57508,0.0
92,57509,0.0
92,57510,0.0
92,57511,0.0
92,57512,0.0
92,57513,0.0
92,57514,0.0
92,57515,0.0
92,57516,0.0
92,57517,0.0
92,57518,0.0
92,57519,0.0
92,57520,0.0
92,57521,0.0
92,57522,0.0
92,57523,0.0
92,57524,0.0
92,57525,0.0
92,57526,0.0
92,57527,0.0
92,57528,0.0
92,57529,0.0
92,57530,0.0
92,57531,0.0
92,57532,0.0
92,57533,0.0
92,57534,0.0
92,57535,0.0
92,57536,0.0
92,57537,0.0
92,57538,0.0
92,57539,0.0
92,57540,0.0
92,57541,0.0
92,57542,0.0
92,57543,0.0
92,57544,0.0
92,57545,0.0
92,57546,0.0
92,57547,0.0
92,57548,0.0
92,57601,0.0
92,57602,0.0
92,57603,0.0
92,57604,0.0
92,57605,0.0
92,57606,0.0
92,57607,0.0
92,57608,0.0
92,57609,0.0
92,57610,0.0
92,57611,0.0
92,57612,0.0
92,57613,0.0
92,57614,0.0
92,57615,0.0
92,57616,0.0
92,57617,0.0
92,57618,0.0
92,57619,0.0
92,57620,0.0
92,57621,0.0
92,57622,0.0
92,57623,0.0
92,57624,0.0
92,57625,0.0
92,57626,0.0
92,57627,0.0
92,57628,0.0
92,57629,0.0
92,57630,0.0
92,57631,0.0
92,57632,0.0
92,57633,0.0
92,57634,0.0
92,57635,0.0
92,57636,0.0
92,57637,0.0
92,57638,0.0
92,57639,0.0
92,57640,0.0
92,57641,0.0
92,57642,0.0
92,57643,0.0
92,57644,0.0
92,57645,0.0
92,57646,0.0
92,57647,0.0
92,57648,0.0
92,57701,0.0
92,57702,0.0
92,57703,0.0
92,57704,0.0
92,57705,0.0
92,57706,0.0
92,57707,0.0
92,57708,0.0
92,57709,0.0
92,57710,0.0
92,57711,0.0
92,57712,0.0
92,57713,0.0
92,57714,0.0
92,57715,0.0
92,57716,0.0
92,57717,0.0
92,57718,0.0
92,57719,0.0
92,57720,0.0
92,57721,0.0
92,57722,0.0
92,57723,0.0
92,57724,0.0
92,57725,0.0
92,57726,0.0
92,57727,0.0
92,57728,0.0
92,57729,0.0
92,57730,0.0
92,57731,0.0
92,57732,0.0
92,57733,0.0
92,57734,0.0
92,57735,0.0
92,57736,0.0
92,57737,0.0
92,57738,0.0
92,57739,0.0
92,57740,0.0
92,57741,0.0
92,57742,0.0
92,57743,0.0
92,57744,0.0
92,57745,0.0
92,57746,0.0
92,57747,0.0
92,57748,0.0
92,57801,0.0
92,57802,0.0
92,57803,0.0
92,57804,0.0
92,57805,0.0
92,57806,0.0
92,57807,0.0
92,57808,0.0
92,57809,0.0
92,57810,0.0
92,57811,0.0
92,57812,0.0
92,57813,0.0
92,57814,0.0
92,57815,0.0
92,57816,0.0
92,57817,0.0
92,57818,0.0
92,57819,0.0
92,57820,0.0
92,57821,0.0
92,57822,0.0
92,57823,0.0
92,57824,0.0
92,57825,0.0
92,57826,0.0
92,57827,0.0
92,57828,0.0
92,57829,0.0
92,57830,0.0
92,57831,0.0
92,57832,0.0
92,57833,0.0
92,57834,0.0
92,57835,0.0
92,57836,0.0
92,57837,0.0
92,57838,0.0
92,57839,0.0
92,57840,0.0
92,57841,0.0
92,57842,0.0
92,57843,0.0
92,57844,0.0
92,57845,0.0
92,57846,0.0
92,57847,0.0
92,57848,0.0
92,57901,0.0
92,57902,0.0
92,57903,0.0
92,57904,0.0
92,57905,0.0
92,57906,0.0
92,57907,0.0
92,57908,0.0
92,57909,0.0
92,57910,0.0
92,57911,0.0
92,57912,0.0
92,57913,0.0
92,57914,0.0
92,57915,0.0
92,57916,0.0
92,57917,0.0
92,57918,0.0
92,57919,0.0
92,57920,0.0
92,57921,0.0
92,57922,0.0
92,57923,0.0
92,57924,0.0
92,57925,0.0
92,57926,0.0
92,57927,0.0
92,57928,0.0
92,57929,0.0
92,57930,0.0
92,57931,0.0
92,57932,0.0
92,57933,0.0
92,57934,0.0
92,57935,0.0
92,57936,0.0
92,57937,0.0
92,57938,0.0
92,57939,0.0
92,57940,0.0
92,57941,0.0
92,57942,0.0
92,57943,0.0
92,57944,0.0
92,57945,0.0
92,57946,0.0
92,57947,0.0
92,57948,0.0
92,58001,0.0
92,58002,0.0
92,58003,0.0
92,58004,0.0
92,58005,0.0
92,58006,0.0
92,58007,0.0
92,58008,0.0
92,58009,0.0
92,58010,0.0
92,58011,0.0
92,58012,0.0
92,58013,0.0
92,58014,0.0
92,58015,0.0
92,58016,0.0
92,58017,0.0
92,58018,0.0
92,58019,0.0
92,58020,0.0
92,58021,0.0
92,58022,0.0
92,58023,0.0
92,58024,0.0
92,58025,0.0
92,58026,0.0
92,58027,0.0
92,58028,0.0
92,58029,0.0
92,58030,0.0
92,58031,0.0
92,58032,0.0
92,58033,0.0
92,58034,0.0
92,58035,0.0
92,58036,0.0
92,58037,0.0
92,58038,0.0
92,58039,0.0
92,58040,0.0
92,58041,0.0
92,58042,0.0
92,58043,0.0
92,58044,0.0
92,58045,0.0
92,58046,0.0
92,58047,0.0
92,58048,0.0
92,58101,0.0
92,58102,0.0
92,58103,0.0
92,58104,0.0
92,58105,0.0
92,58106,0.0
92,58107,0.0
92,58108,0.0
92,58109,0.0
92,58110,0.0
92,58111,0.0
92,58112,0.0
92,58113,0.0
92,58114,0.0
92,58115,0.0
92,58116,0.0
92,58117,0.0
92,58118,0.0
92,58119,0.0
92,58120,0.0
92,58121,0.0
92,58122,0.0
92,58123,0.0
92,58124,0.0
92,58125,0.0
92,58126,0.0
92,58127,0.0
92,58128,0.0
92,58129,0.0
92,58130,0.0
92,58131,0.0
92,58132,0.0
92,58133,0.0
92,58134,0.0
92,58135,0.0
92,58136,0.0
92,58137,0.0
92,58138,0.0
92,58139,0.0
92,58140,0.0
92,58141,0.0
92,58142,0.0
92,58143,0.0
92,58144,0.0
92,58145,0.0
92,58146,0.0
92,58147,0.0
92,58148,0.0
92,58201,0.0
92,58202,0.0
92,58203,0.0
92,58204,0.0
92,58205,0.0
92,58206,0.0
92,58207,0.0
92,58208,0.0
92,58209,0.0
92,58210,0.0
92,58211,0.0
92,58212,0.0
92,58213,0.0
92,58214,0.0
92,58215,0.0
92,58216,0.0
92,58217,0.0
92,58218,0.0
92,58219,0.0
92,58220,0.0
92,58221,0.0
92,58222,0.0
92,58223,0.0
92,58224,0.0
92,58225,0.0
92,58226,0.0
92,58227,0.0
92,58228,0.0
92,58229,0.0
92,58230,0.0
92,58231,0.0
92,58232,0.0
92,58233,0.0
92,58234,0.0
92,58235,0.0
92,58236,0.0
92,58237,0.0
92,58238,0.0
92,58239,0.0
92,58240,0.0
92,58241,0.0
92,58242,0.0
92,58243,0.0
92,58244,0.0
92,58245,0.0
92,58246,0.0
92,58247,0.0
92,58248,0.0
92,58301,0.0
92,58302,0.0
92,58303,0.0
92,58304,0.0
92,58305,0.0
92,58306,0.0
92,58307,0.0
92,58308,0.0
92,58309,0.0
92,58310,0.0
92,58311,0.0
92,58312,0.0
92,58313,0.0
92,58314,0.0
92,58315,0.0
92,58316,0.0
92,58317,0.0
92,58318,0.0
92,58319,0.0
92,58320,0.0
92,58321,0.0
92,58322,0.0
92,58323,0.0
92,58324,0.0
92,58325,0.0
92,58326,0.0
92,58327,0.0
92,58328,0.0
92,58329,0.0
92,58330,0.0
92,58331,0.0
92,58332,0.0
92,58333,0.0
92,58334,0.0
92,58335,0.0
92,58336,0.0
92,58337,0.0
92,58338,0.0
92,58339,0.0
92,58340,0.0
92,58341,0.0
92,58342,0.0
92,58343,0.0
92,58344,0.0
92,58345,0.0
92,58346,0.0
92,58347,0.0
92,58348,0.0
92,58401,0.0
92,58402,0.0
92,58403,0.0
92,58404,0.0
92,58405,0.0
92,58406,0.0
92,58407,0.0
92,58408,0.0
92,58409,0.0
92,58410,0.0
92,58411,0.0
92,58412,0.0
92,58413,0.0
92,58414,0.0
92,58415,0.0
92,58416,0.0
92,58417,0.0
92,58418,0.0
92,58419,0.0
92,58420,0.0
92,58421,0.0
92,58422,0.0
92,58423,0.0
92,58424,0.0
92,58425,0.0
92,58426,0.0
92,58427,0.0
92,58428,0.0
92,58429,0.0
92,58430,0.0
92,58431,0.0
92,58432,0.0
92,58433,0.0
92,58434,0.0
92,58435,0.0
92,58436,0.0
92,58437,0.0
92,58438,0.0
92,58439,0.0
92,58440,0.0
92,58441,0.0
92,58442,0.0
92,58443,0.0
92,58444,0.0
92,58445,0.0
92,58446,0.0
92,58447,0.0
92,58448,0.0
92,58501,0.0
92,58502,0.0
92,58503,0.0
92,58504,0.0
92,58505,0.0
92,58506,0.0
92,58507,0.0
92,58508,0.0
92,58509,0.0
92,58510,0.0
92,58511,0.0
92,58512,0.0
92,58513,0.0
92,58514,0.0
92,58515,0.0
92,58516,0.0
92,58517,0.0
92,58518,0.0
92,58519,0.0
92,58520,0.0
92,58521,0.0
92,58522,0.0
92,58523,0.0
92,58524,0.0
92,58525,0.0
92,58526,0.0
92,58527,0.0
92,58528,0.0
92,58529,0.0
92,58530,0.0
92,58531,0.0
92,58532,0.0
92,58533,0.0
92,58534,0.0
92,58535,0.0
92,58536,0.0
92,58537,0.0
92,58538,0.0
92,58539,0.0
92,58540,0.0
92,58541,0.0
92,58542,0.0
92,58543,0.0
92,58544,0.0
92,58545,0.0
92,58546,0.0
92,58547,0.0
92,58548,0.0
92,58601,0.0
92,58602,0.0
92,58603,0.0
92,58604,0.0
92,58605,0.0
92,58606,0.0
92,58607,0.0
92,58608,0.0
92,58609,0.0
92,58610,0.0
92,58611,0.0
92,58612,0.0
92,58613,0.0
92,58614,0.0
92,58615,0.0
92,58616,0.0
92,58617,0.0
92,58618,0.0
92,58619,0.0
92,58620,0.0
92,58621,0.0
92,58622,0.0
92,58623,0.0
92,58624,0.0
92,58625,0.0
92,58626,0.0
92,58627,0.0
92,58628,0.0
92,58629,0.0
92,58630,0.0
92,58631,0.0
92,58632,0.0
92,58633,0.0
92,58634,0.0
92,58635,0.0
92,58636,0.0
92,58637,0.0
92,58638,0.0
92,58639,0.0
92,58640,0.0
92,58641,0.0
92,58642,0.0
92,58643,0.0
92,58644,0.0
92,58645,0.0
92,58646,0.0
92,58647,0.0
92,58648,0.0
92,58701,0.0
92,58702,0.0
92,58703,0.0
92,58704,0.0
92,58705,0.0
92,58706,0.0
92,58707,0.0
92,58708,0.0
92,58709,0.0
92,58710,0.0
92,58711,0.0
92,58712,0.0
92,58713,0.0
92,58714,0.0
92,58715,0.0
92,58716,0.0
92,58717,0.0
92,58718,0.0
92,58719,0.0
92,58720,0.0
92,58721,0.0
92,58722,0.0
92,58723,0.0
92,58724,0.0
92,58725,0.0
92,58726,0.0
92,58727,0.0
92,58728,0.0
92,58729,0.0
92,58730,0.0
92,58731,0.0
92,58732,0.0
92,58733,0.0
92,58734,0.0
92,58735,0.0
92,58736,0.0
92,58737,0.0
92,58738,0.0
92,58739,0.0
92,58740,0.0
92,58741,0.0
92,58742,0.0
92,58743,0.0
92,58744,0.0
92,58745,0.0
92,58746,0.0
92,58747,0.0
92,58748,0.0
92,58801,0.0
92,58802,0.0
92,58803,0.0
92,58804,0.0
92,58805,0.0
92,58806,0.0
92,58807,0.0
92,58808,0.0
92,58809,0.0
92,58810,0.0
92,58811,0.0
92,58812,0.0
92,58813,0.0
92,58814,0.0
92,58815,0.0
92,58816,0.0
92,58817,0.0
92,58818,0.0
92,58819,0.0
92,58820,0.0
92,58821,0.0
92,58822,0.0
92,58823,0.0
92,58824,0.0
92,58825,0.0
92,58826,0.0
92,58827,0.0
92,58828,0.0
92,58829,0.0
92,58830,0.0
92,58831,0.0
92,58832,0.0
92,58833,0.0
92,58834,0.0
92,58835,0.0
92,58836,0.0
92,58837,0.0
92,58838,0.0
92,58839,0.0
92,58840,0.0
92,58841,0.0
92,58842,0.0
92,58843,0.0
92,58844,0.0
92,58845,0.0
92,58846,0.0
92,58847,0.0
92,58848,0.0
92,58901,0.0
92,58902,0.0
92,58903,0.0
92,58904,0.0
92,58905,0.0
92,58906,0.0
92,58907,0.0
92,58908,0.0
92,58909,0.0
92,58910,0.0
92,58911,0.0
92,58912,0.0
92,58913,0.0
92,58914,0.0
92,58915,0.0
92,58916,0.0
92,58917,0.0
92,58918,0.0
92,58919,0.0
92,58920,0.0
92,58921,0.0
92,58922,0.0
92,58923,0.0
92,58924,0.0
92,58925,0.0
92,58926,0.0
92,58927,0.0
92,58928,0.0
92,58929,0.0
92,58930,0.0
92,58931,0.0
92,58932,0.0
92,58933,0.0
92,58934,0.0
92,58935,0.0
92,58936,0.0
92,58937,0.0
92,58938,0.0
92,58939,0.0
92,58940,0.0
92,58941,0.0
92,58942,0.0
92,58943,0.0
92,58944,0.0
92,58945,0.0
92,58946,0.0
92,58947,0.0
92,58948,0.0
92,59001,0.0
92,59002,0.0
92,59003,0.0
92,59004,0.0
92,59005,0.0
92,59006,0.0
92,59007,0.0
92,59008,0.0
92,59009,0.0
92,59010,0.0
92,59011,0.0
92,59012,0.0
92,59013,0.0
92,59014,0.0
92,59015,0.0
92,59016,0.0
92,59017,0.0
92,59018,0.0
92,59019,0.0
92,59020,0.0
92,59021,0.0
92,59022,0.0
92,59023,0.0
92,59024,0.0
92,59025,0.0
92,59026,0.0
92,59027,0.0
92,59028,0.0
92,59029,0.0
92,59030,0.0
92,59031,0.0
92,59032,0.0
92,59033,0.0
92,59034,0.0
92,59035,0.0
92,59036,0.0
92,59037,0.0
92,59038,0.0
92,59039,0.0
92,59040,0.0
92,59041,0.0
92,59042,0.0
92,59043,0.0
92,59044,0.0
92,59045,0.0
92,59046,0.0
92,59047,0.0
92,59048,0.0
92,59101,0.0
92,59102,0.0
92,59103,0.0
92,59104,0.0
92,59105,0.0
92,59106,0.0
92,59107,0.0
92,59108,0.0
92,59109,0.0
92,59110,0.0
92,59111,0.0
92,59112,0.0
92,59113,0.0
92,59114,0.0
92,59115,0.0
92,59116,0.0
92,59117,0.0
92,59118,0.0
92,59119,0.0
92,59120,0.0
92,59121,0.0
92,59122,0.0
92,59123,0.0
92,59124,0.0
92,59125,0.0
92,59126,0.0
92,59127,0.0
92,59128,0.0
92,59129,0.0
92,59130,0.0
92,59131,0.0
92,59132,0.0
92,59133,0.0
92,59134,0.0
92,59135,0.0
92,59136,0.0
92,59137,0.0
92,59138,0.0
92,59139,0.0
92,59140,0.0
92,59141,0.0
92,59142,0.0
92,59143,0.0
92,59144,0.0
92,59145,0.0
92,59146,0.0
92,59147,0.0
92,59148,0.0
92,59201,0.0
92,59202,0.0
92,59203,0.0
92,59204,0.0
92,59205,0.0
92,59206,0.0
92,59207,0.0
92,59208,0.0
92,59209,0.0
92,59210,0.0
92,59211,0.0
92,59212,0.0
92,59213,0.0
92,59214,0.0
92,59215,0.0
92,59216,0.0
92,59217,0.0
92,59218,0.0
92,59219,0.0
92,59220,0.0
92,59221,0.0
92,59222,0.0
92,59223,0.0
92,59224,0.0
92,59225,0.0
92,59226,0.0
92,59227,0.0
92,59228,0.0
92,59229,0.0
92,59230,0.0
92,59231,0.0
92,59232,0.0
92,59233,0.0
92,59234,0.0
92,59235,0.0
92,59236,0.0
92,59237,0.0
92,59238,0.0
92,59239,0.0
92,59240,0.0
92,59241,0.0
92,59242,0.0
92,59243,0.0
92,59244,0.0
92,59245,0.0
92,59246,0.0
92,59247,0.0
92,59248,0.0
92,59301,0.0
92,59302,0.0
92,59303,0.0
92,59304,0.0
92,59305,0.0
92,59306,0.0
92,59307,0.0
92,59308,0.0
92,59309,0.0
92,59310,0.0
92,59311,0.0
92,59312,0.0
92,59313,0.0
92,59314,0.0
92,59315,0.0
92,59316,0.0
92,59317,0.0
92,59318,0.0
92,59319,0.0
92,59320,0.0
92,59321,0.0
92,59322,0.0
92,59323,0.0
92,59324,0.0
92,59325,0.0
92,59326,0.0
92,59327,0.0
92,59328,0.0
92,59329,0.0
92,59330,0.0
92,59331,0.0
92,59332,0.0
92,59333,0.0
92,59334,0.0
92,59335,0.0
92,59336,0.0
92,59337,0.0
92,59338,0.0
92,59339,0.0
92,59340,0.0
92,59341,0.0
92,59342,0.0
92,59343,0.0
92,59344,0.0
92,59345,0.0
92,59346,0.0
92,59347,0.0
92,59348,0.0
92,59401,0.0
92,59402,0.0
92,59403,0.0
92,59404,0.0
92,59405,0.0
92,59406,0.0
92,59407,0.0
92,59408,0.0
92,59409,0.0
92,59410,0.0
92,59411,0.0
92,59412,0.0
92,59413,0.0
92,59414,0.0
92,59415,0.0
92,59416,0.0
92,59417,0.0
92,59418,0.0
92,59419,0.0
92,59420,0.0
92,59421,0.0
92,59422,0.0
92,59423,0.0
92,59424,0.0
92,59425,0.0
92,59426,0.0
92,59427,0.0
92,59428,0.0
92,59429,0.0
92,59430,0.0
92,59431,0.0
92,59432,0.0
92,59433,0.0
92,59434,0.0
92,59435,0.0
92,59436,0.0
92,59437,0.0
92,59438,0.0
92,59439,0.0
92,59440,0.0
92,59441,0.0
92,59442,0.0
92,59443,0.0
92,59444,0.0
92,59445,0.0
92,59446,0.0
92,59447,0.0
92,59448,0.0
92,59501,0.0
92,59502,0.0
92,59503,0.0
92,59504,0.0
92,59505,0.0
92,59506,0.0
92,59507,0.0
92,59508,0.0
92,59509,0.0
92,59510,0.0
92,59511,0.0
92,59512,0.0
92,59513,0.0
92,59514,0.0
92,59515,0.0
92,59516,0.0
92,59517,0.0
92,59518,0.0
92,59519,0.0
92,59520,0.0
92,59521,0.0
92,59522,0.0
92,59523,0.0
92,59524,0.0
92,59525,0.0
92,59526,0.0
92,59527,0.0
92,59528,0.0
92,59529,0.0
92,59530,0.0
92,59531,0.0
92,59532,0.0
92,59533,0.0
92,59534,0.0
92,59535,0.0
92,59536,0.0
92,59537,0.0
92,59538,0.0
92,59539,0.0
92,59540,0.0
92,59541,0.0
92,59542,0.0
92,59543,0.0
92,59544,0.0
92,59545,0.0
92,59546,0.0
92,59547,0.0
92,59548,0.0
92,59601,0.0
92,59602,0.0
92,59603,0.0
92,59604,0.0
92,59605,0.0
92,59606,0.0
92,59607,0.0
92,59608,0.0
92,59609,0.0
92,59610,0.0
92,59611,0.0
92,59612,0.0
92,59613,0.0
92,59614,0.0
92,59615,0.0
92,59616,0.0
92,59617,0.0
92,59618,0.0
92,59619,0.0
92,59620,0.0
92,59621,0.0
92,59622,0.0
92,59623,0.0
92,59624,0.0
92,59625,0.0
92,59626,0.0
92,59627,0.0
92,59628,0.0
92,59629,0.0
92,59630,0.0
92,59631,0.0
92,59632,0.0
92,59633,0.0
92,59634,0.0
92,59635,0.0
92,59636,0.0
92,59637,0.0
92,59638,0.0
92,59639,0.0
92,59640,0.0
92,59641,0.0
92,59642,0.0
92,59643,0.0
92,59644,0.0
92,59645,0.0
92,59646,0.0
92,59647,0.0
92,59648,0.0
92,59701,0.0
92,59702,0.0
92,59703,0.0
92,59704,0.0
92,59705,0.0
92,59706,0.0
92,59707,0.0
92,59708,0.0
92,59709,0.0
92,59710,0.0
92,59711,0.0
92,59712,0.0
92,59713,0.0
92,59714,0.0
92,59715,0.0
92,59716,0.0
92,59717,0.0
92,59718,0.0
92,59719,0.0
92,59720,0.0
92,59721,0.0
92,59722,0.0
92,59723,0.0
92,59724,0.0
92,59725,0.0
92,59726,0.0
92,59727,0.0
92,59728,0.0
92,59729,0.0
92,59730,0.0
92,59731,0.0
92,59732,0.0
92,59733,0.0
92,59734,0.0
92,59735,0.0
92,59736,0.0
92,59737,0.0
92,59738,0.0
92,59739,0.0
92,59740,0.0
92,59741,0.0
92,59742,0.0
92,59743,0.0
92,59744,0.0
92,59745,0.0
92,59746,0.0
92,59747,0.0
92,59748,0.0
92,59801,0.0
92,59802,0.0
92,59803,0.0
92,59804,0.0
92,59805,0.0
92,59806,0.0
92,59807,0.0
92,59808,0.0
92,59809,0.0
92,59810,0.0
92,59811,0.0
92,59812,0.0
92,59813,0.0
92,59814,0.0
92,59815,0.0
92,59816,0.0
92,59817,0.0
92,59818,0.0
92,59819,0.0
92,59820,0.0
92,59821,0.0
92,59822,0.0
92,59823,0.0
92,59824,0.0
92,59825,0.0
92,59826,0.0
92,59827,0.0
92,59828,0.0
92,59829,0.0
92,59830,0.0
92,59831,0.0
92,59832,0.0
92,59833,0.0
92,59834,0.0
92,59835,0.0
92,59836,0.0
92,59837,0.0
92,59838,0.0
92,59839,0.0
92,59840,0.0
92,59841,0.0
92,59842,0.0
92,59843,0.0
92,59844,0.0
92,59845,0.0
92,59846,0.0
92,59847,0.0
92,59848,0.0
92,59901,0.0
92,59902,0.0
92,59903,0.0
92,59904,0.0
92,59905,0.0
92,59906,0.0
92,59907,0.0
92,59908,0.0
92,59909,0.0
92,59910,0.0
92,59911,0.0
92,59912,0.0
92,59913,0.0
92,59914,0.0
92,59915,0.0
92,59916,0.0
92,59917,0.0
92,59918,0.0
92,59919,0.0
92,59920,0.0
92,59921,0.0
92,59922,0.0
92,59923,0.0
92,59924,0.0
92,59925,0.0
92,59926,0.0
92,59927,0.0
92,59928,0.0
92,59929,0.0
92,59930,0.0
92,59931,0.0
92,59932,0.0
92,59933,0.0
92,59934,0.0
92,59935,0.0
92,59936,0.0
92,59937,0.0
92,59938,0.0
92,59939,0.0
92,59940,0.0
92,59941,0.0
92,59942,0.0
92,59943,0.0
92,59944,0.0
92,59945,0.0
92,59946,0.0
92,59947,0.0
92,59948,0.0
92,60001,0.0
92,60002,0.0
92,60003,0.0
92,60004,0.0
92,60005,0.0
92,60006,0.0
92,60007,0.0
92,60008,0.0
92,60009,0.0
92,60010,0.0
92,60011,0.0
92,60012,0.0
92,60013,0.0
92,60014,0.0
92,60015,0.0
92,60016,0.0
92,60017,0.0
92,60018,0.0
92,60019,0.0
92,60020,0.0
92,60021,0.0
92,60022,0.0
92,60023,0.0
92,60024,0.0
92,60025,0.0
92,60026,0.0
92,60027,0.0
92,60028,0.0
92,60029,0.0
92,60030,0.0
92,60031,0.0
92,60032,0.0
92,60033,0.0
92,60034,0.0
92,60035,0.0
92,60036,0.0
92,60037,0.0
92,60038,0.0
92,60039,0.0
92,60040,0.0
92,60041,0.0
92,60042,0.0
92,60043,0.0
92,60044,0.0
92,60045,0.0
92,60046,0.0
92,60047,0.0
92,60048,0.0
92,60101,0.0
92,60102,0.0
92,60103,0.0
92,60104,0.0
92,60105,0.0
92,60106,0.0
92,60107,0.0
92,60108,0.0
92,60109,0.0
92,60110,0.0
92,60111,0.0
92,60112,0.0
92,60113,0.0
92,60114,0.0
92,60115,0.0
92,60116,0.0
92,60117,0.0
92,60118,0.0
92,60119,0.0
92,60120,0.0
92,60121,0.0
92,60122,0.0
92,60123,0.0
92,60124,0.0
92,60125,0.0
92,60126,0.0
92,60127,0.0
92,60128,0.0
92,60129,0.0
92,60130,0.0
92,60131,0.0
92,60132,0.0
92,60133,0.0
92,60134,0.0
92,60135,0.0
92,60136,0.0
92,60137,0.0
92,60138,0.0
92,60139,0.0
92,60140,0.0
92,60141,0.0
92,60142,0.0
92,60143,0.0
92,60144,0.0
92,60145,0.0
92,60146,0.0
92,60147,0.0
92,60148,0.0
92,60201,0.0
92,60202,0.0
92,60203,0.0
92,60204,0.0
92,60205,0.0
92,60206,0.0
92,60207,0.0
92,60208,0.0
92,60209,0.0
92,60210,0.0
92,60211,0.0
92,60212,0.0
92,60213,0.0
92,60214,0.0
92,60215,0.0
92,60216,0.0
92,60217,0.0
92,60218,0.0
92,60219,0.0
92,60220,0.0
92,60221,0.0
92,60222,0.0
92,60223,0.0
92,60224,0.0
92,60225,0.0
92,60226,0.0
92,60227,0.0
92,60228,0.0
92,60229,0.0
92,60230,0.0
92,60231,0.0
92,60232,0.0
92,60233,0.0
92,60234,0.0
92,60235,0.0
92,60236,0.0
92,60237,0.0
92,60238,0.0
92,60239,0.0
92,60240,0.0
92,60241,0.0
92,60242,0.0
92,60243,0.0
92,60244,0.0
92,60245,0.0
92,60246,0.0
92,60247,0.0
92,60248,0.0
92,60301,0.0
92,60302,0.0
92,60303,0.0
92,60304,0.0
92,60305,0.0
92,60306,0.0
92,60307,0.0
92,60308,0.0
92,60309,0.0
92,60310,0.0
92,60311,0.0
92,60312,0.0
92,60313,0.0
92,60314,0.0
92,60315,0.0
92,60316,0.0
92,60317,0.0
92,60318,0.0
92,60319,0.0
92,60320,0.0
92,60321,0.0
92,60322,0.0
92,60323,0.0
92,60324,0.0
92,60325,0.0
92,60326,0.0
92,60327,0.0
92,60328,0.0
92,60329,0.0
92,60330,0.0
92,60331,0.0
92,60332,0.0
92,60333,0.0
92,60334,0.0
92,60335,0.0
92,60336,0.0
92,60337,0.0
92,60338,0.0
92,60339,0.0
92,60340,0.0
92,60341,0.0
92,60342,0.0
92,60343,0.0
92,60344,0.0
92,60345,0.0
92,60346,0.0
92,60347,0.0
92,60348,0.0
92,60401,0.0
92,60402,0.0
92,60403,0.0
92,60404,0.0
92,60405,0.0
92,60406,0.0
92,60407,0.0
92,60408,0.0
92,60409,0.0
92,60410,0.0
92,60411,0.0
92,60412,0.0
92,60413,0.0
92,60414,0.0
92,60415,0.0
92,60416,0.0
92,60417,0.0
92,60418,0.0
92,60419,0.0
92,60420,0.0
92,60421,0.0
92,60422,0.0
92,60423,0.0
92,60424,0.0
92,60425,0.0
92,60426,0.0
92,60427,0.0
92,60428,0.0
92,60429,0.0
92,60430,0.0
92,60431,0.0
92,60432,0.0
92,60433,0.0
92,60434,0.0
92,60435,0.0
92,60436,0.0
92,60437,0.0
92,60438,0.0
92,60439,0.0
92,60440,0.0
92,60441,0.0
92,60442,0.0
92,60443,0.0
92,60444,0.0
92,60445,0.0
92,60446,0.0
92,60447,0.0
92,60448,0.0
92,60501,0.0
92,60502,0.0
92,60503,0.0
92,60504,0.0
92,60505,0.0
92,60506,0.0
92,60507,0.0
92,60508,0.0
92,60509,0.0
92,60510,0.0
92,60511,0.0
92,60512,0.0
92,60513,0.0
92,60514,0.0
92,60515,0.0
92,60516,0.0
92,60517,0.0
92,60518,0.0
92,60519,0.0
92,60520,0.0
92,60521,0.0
92,60522,0.0
92,60523,0.0
92,60524,0.0
92,60525,0.0
92,60526,0.0
92,60527,0.0
92,60528,0.0
92,60529,0.0
92,60530,0.0
92,60531,0.0
92,60532,0.0
92,60533,0.0
92,60534,0.0
92,60535,0.0
92,60536,0.0
92,60537,0.0
92,60538,0.0
92,60539,0.0
92,60540,0.0
92,60541,0.0
92,60542,0.0
92,60543,0.0
92,60544,0.0
92,60545,0.0
92,60546,0.0
92,60547,0.0
92,60548,0.0
92,60601,0.0
92,60602,0.0
92,60603,0.0
92,60604,0.0
92,60605,0.0
92,60606,0.0
92,60607,0.0
92,60608,0.0
92,60609,0.0
92,60610,0.0
92,60611,0.0
92,60612,0.0
92,60613,0.0
92,60614,0.0
92,60615,0.0
92,60616,0.0
92,60617,0.0
92,60618,0.0
92,60619,0.0
92,60620,0.0
92,60621,0.0
92,60622,0.0
92,60623,0.0
92,60624,0.0
92,60625,0.0
92,60626,0.0
92,60627,0.0
92,60628,0.0
92,60629,0.0
92,60630,0.0
92,60631,0.0
92,60632,0.0
92,60633,0.0
92,60634,0.0
92,60635,0.0
92,60636,0.0
92,60637,0.0
92,60638,0.0
92,60639,0.0
92,60640,0.0
92,60641,0.0
92,60642,0.0
92,60643,0.0
92,60644,0.0
92,60645,0.0
92,60646,0.0
92,60647,0.0
92,60648,0.0
92,60701,0.0
92,60702,0.0
92,60703,0.0
92,60704,0.0
92,60705,0.0
92,60706,0.0
92,60707,0.0
92,60708,0.0
92,60709,0.0
92,60710,0.0
92,60711,0.0
92,60712,0.0
92,60713,0.0
92,60714,0.0
92,60715,0.0
92,60716,0.0
92,60717,0.0
92,60718,0.0
92,60719,0.0
92,60720,0.0
92,60721,0.0
92,60722,0.0
92,60723,0.0
92,60724,0.0
92,60725,0.0
92,60726,0.0
92,60727,0.0
92,60728,0.0
92,60729,0.0
92,60730,0.0
92,60731,0.0
92,60732,0.0
92,60733,0.0
92,60734,0.0
92,60735,0.0
92,60736,0.0
92,60737,0.0
92,60738,0.0
92,60739,0.0
92,60740,0.0
92,60741,0.0
92,60742,0.0
92,60743,0.0
92,60744,0.0
92,60745,0.0
92,60746,0.0
92,60747,0.0
92,60748,0.0
92,60801,0.0
92,60802,0.0
92,60803,0.0
92,60804,0.0
92,60805,0.0
92,60806,0.0
92,60807,0.0
92,60808,0.0
92,60809,0.0
92,60810,0.0
92,60811,0.0
92,60812,0.0
92,60813,0.0
92,60814,0.0
92,60815,0.0
92,60816,0.0
92,60817,0.0
92,60818,0.0
92,60819,0.0
92,60820,0.0
92,60821,0.0
92,60822,0.0
92,60823,0.0
92,60824,0.0
92,60825,0.0
92,60826,0.0
92,60827,0.0
92,60828,0.0
92,60829,0.0
92,60830,0.0
92,60831,0.0
92,60832,0.0
92,60833,0.0
92,60834,0.0
92,60835,0.0
92,60836,0.0
92,60837,0.0
92,60838,0.0
92,60839,0.0
92,60840,0.0
92,60841,0.0
92,60842,0.0
92,60843,0.0
92,60844,0.0
92,60845,0.0
92,60846,0.0
92,60847,0.0
92,60848,0.0
92,60901,0.0
92,60902,0.0
92,60903,0.0
92,60904,0.0
92,60905,0.0
92,60906,0.0
92,60907,0.0
92,60908,0.0
92,60909,0.0
92,60910,0.0
92,60911,0.0
92,60912,0.0
92,60913,0.0
92,60914,0.0
92,60915,0.0
92,60916,0.0
92,60917,0.0
92,60918,0.0
92,60919,0.0
92,60920,0.0
92,60921,0.0
92,60922,0.0
92,60923,0.0
92,60924,0.0
92,60925,0.0
92,60926,0.0
92,60927,0.0
92,60928,0.0
92,60929,0.0
92,60930,0.0
92,60931,0.0
92,60932,0.0
92,60933,0.0
92,60934,0.0
92,60935,0.0
92,60936,0.0
92,60937,0.0
92,60938,0.0
92,60939,0.0
92,60940,0.0
92,60941,0.0
92,60942,0.0
92,60943,0.0
92,60944,0.0
92,60945,0.0
92,60946,0.0
92,60947,0.0
92,60948,0.0
92,61001,0.0
92,61002,0.0
92,61003,0.0
92,61004,0.0
92,61005,0.0
92,61006,0.0
92,61007,0.0
92,61008,0.0
92,61009,0.0
92,61010,0.0
92,61011,0.0
92,61012,0.0
92,61013,0.0
92,61014,0.0
92,61015,0.0
92,61016,0.0
92,61017,0.0
92,61018,0.0
92,61019,0.0
92,61020,0.0
92,61021,0.0
92,61022,0.0
92,61023,0.0
92,61024,0.0
92,61025,0.0
92,61026,0.0
92,61027,0.0
92,61028,0.0
92,61029,0.0
92,61030,0.0
92,61031,0.0
92,61032,0.0
92,61033,0.0
92,61034,0.0
92,61035,0.0
92,61036,0.0
92,61037,0.0
92,61038,0.0
92,61039,0.0
92,61040,0.0
92,61041,0.0
92,61042,0.0
92,61043,0.0
92,61044,0.0
92,61045,0.0
92,61046,0.0
92,61047,0.0
92,61048,0.0
92,61101,0.0
92,61102,0.0
92,61103,0.0
92,61104,0.0
92,61105,0.0
92,61106,0.0
92,61107,0.0
92,61108,0.0
92,61109,0.0
92,61110,0.0
92,61111,0.0
92,61112,0.0
92,61113,0.0
92,61114,0.0
92,61115,0.0
92,61116,0.0
92,61117,0.0
92,61118,0.0
92,61119,0.0
92,61120,0.0
92,61121,0.0
92,61122,0.0
92,61123,0.0
92,61124,0.0
92,61125,0.0
92,61126,0.0
92,61127,0.0
92,61128,0.0
92,61129,0.0
92,61130,0.0
92,61131,0.0
92,61132,0.0
92,61133,0.0
92,61134,0.0
92,61135,0.0
92,61136,0.0
92,61137,0.0
92,61138,0.0
92,61139,0.0
92,61140,0.0
92,61141,0.0
92,61142,0.0
92,61143,0.0
92,61144,0.0
92,61145,0.0
92,61146,0.0
92,61147,0.0
92,61148,0.0
92,61201,0.0
92,61202,0.0
92,61203,0.0
92,61204,0.0
92,61205,0.0
92,61206,0.0
92,61207,0.0
92,61208,0.0
92,61209,0.0
92,61210,0.0
92,61211,0.0
92,61212,0.0
92,61213,0.0
92,61214,0.0
92,61215,0.0
92,61216,0.0
92,61217,0.0
92,61218,0.0
92,61219,0.0
92,61220,0.0
92,61221,0.0
92,61222,0.0
92,61223,0.0
92,61224,0.0
92,61225,0.0
92,61226,0.0
92,61227,0.0
92,61228,0.0
92,61229,0.0
92,61230,0.0
92,61231,0.0
92,61232,0.0
92,61233,0.0
92,61234,0.0
92,61235,0.0
92,61236,0.0
92,61237,0.0
92,61238,0.0
92,61239,0.0
92,61240,0.0
92,61241,0.0
92,61242,0.0
92,61243,0.0
92,61244,0.0
92,61245,0.0
92,61246,0.0
92,61247,0.0
92,61248,0.0
92,61301,0.0
92,61302,0.0
92,61303,0.0
92,61304,0.0
92,61305,0.0
92,61306,0.0
92,61307,0.0
92,61308,0.0
92,61309,0.0
92,61310,0.0
92,61311,0.0
92,61312,0.0
92,61313,0.0
92,61314,0.0
92,61315,0.0
92,61316,0.0
92,61317,0.0
92,61318,0.0
92,61319,0.0
92,61320,0.0
92,61321,0.0
92,61322,0.0
92,61323,0.0
92,61324,0.0
92,61325,0.0
92,61326,0.0
92,61327,0.0
92,61328,0.0
92,61329,0.0
92,61330,0.0
92,61331,0.0
92,61332,0.0
92,61333,0.0
92,61334,0.0
92,61335,0.0
92,61336,0.0
92,61337,0.0
92,61338,0.0
92,61339,0.0
92,61340,0.0
92,61341,0.0
92,61342,0.0
92,61343,0.0
92,61344,0.0
92,61345,0.0
92,61346,0.0
92,61347,0.0
92,61348,0.0
92,61401,0.0
92,61402,0.0
92,61403,0.0
92,61404,0.0
92,61405,0.0
92,61406,0.0
92,61407,0.0
92,61408,0.0
92,61409,0.0
92,61410,0.0
92,61411,0.0
92,61412,0.0
92,61413,0.0
92,61414,0.0
92,61415,0.0
92,61416,0.0
92,61417,0.0
92,61418,0.0
92,61419,0.0
92,61420,0.0
92,61421,0.0
92,61422,0.0
92,61423,0.0
92,61424,0.0
92,61425,0.0
92,61426,0.0
92,61427,0.0
92,61428,0.0
92,61429,0.0
92,61430,0.0
92,61431,0.0
92,61432,0.0
92,61433,0.0
92,61434,0.0
92,61435,0.0
92,61436,0.0
92,61437,0.0
92,61438,0.0
92,61439,0.0
92,61440,0.0
92,61441,0.0
92,61442,0.0
92,61443,0.0
92,61444,0.0
92,61445,0.0
92,61446,0.0
92,61447,0.0
92,61448,0.0
92,61501,0.0
92,61502,0.0
92,61503,0.0
92,61504,0.0
92,61505,0.0
92,61506,0.0
92,61507,0.0
92,61508,0.0
92,61509,0.0
92,61510,0.0
92,61511,0.0
92,61512,0.0
92,61513,0.0
92,61514,0.0
92,61515,0.0
92,61516,0.0
92,61517,0.0
92,61518,0.0
92,61519,0.0
92,61520,0.0
92,61521,0.0
92,61522,0.0
92,61523,0.0
92,61524,0.0
92,61525,0.0
92,61526,0.0
92,61527,0.0
92,61528,0.0
92,61529,0.0
92,61530,0.0
92,61531,0.0
92,61532,0.0
92,61533,0.0
92,61534,0.0
92,61535,0.0
92,61536,0.0
92,61537,0.0
92,61538,0.0
92,61539,0.0
92,61540,0.0
92,61541,0.0
92,61542,0.0
92,61543,0.0
92,61544,0.0
92,61545,0.0
92,61546,0.0
92,61547,0.0
92,61548,0.0
92,61601,0.0
92,61602,0.0
92,61603,0.0
92,61604,0.0
92,61605,0.0
92,61606,0.0
92,61607,0.0
92,61608,0.0
92,61609,0.0
92,61610,0.0
92,61611,0.0
92,61612,0.0
92,61613,0.0
92,61614,0.0
92,61615,0.0
92,61616,0.0
92,61617,0.0
92,61618,0.0
92,61619,0.0
92,61620,0.0
92,61621,0.0
92,61622,0.0
92,61623,0.0
92,61624,0.0
92,61625,0.0
92,61626,0.0
92,61627,0.0
92,61628,0.0
92,61629,0.0
92,61630,0.0
92,61631,0.0
92,61632,0.0
92,61633,0.0
92,61634,0.0
92,61635,0.0
92,61636,0.0
92,61637,0.0
92,61638,0.0
92,61639,0.0
92,61640,0.0
92,61641,0.0
92,61642,0.0
92,61643,0.0
92,61644,0.0
92,61645,0.0
92,61646,0.0
92,61647,0.0
92,61648,0.0
92,61701,0.0
92,61702,0.0
92,61703,0.0
92,61704,0.0
92,61705,0.0
92,61706,0.0
92,61707,0.0
92,61708,0.0
92,61709,0.0
92,61710,0.0
92,61711,0.0
92,61712,0.0
92,61713,0.0
92,61714,0.0
92,61715,0.0
92,61716,0.0
92,61717,0.0
92,61718,0.0
92,61719,0.0
92,61720,0.0
92,61721,0.0
92,61722,0.0
92,61723,0.0
92,61724,0.0
92,61725,0.0
92,61726,0.0
92,61727,0.0
92,61728,0.0
92,61729,0.0
92,61730,0.0
92,61731,0.0
92,61732,0.0
92,61733,0.0
92,61734,0.0
92,61735,0.0
92,61736,0.0
92,61737,0.0
92,61738,0.0
92,61739,0.0
92,61740,0.0
92,61741,0.0
92,61742,0.0
92,61743,0.0
92,61744,0.0
92,61745,0.0
92,61746,0.0
92,61747,0.0
92,61748,0.0
92,61801,0.0
92,61802,0.0
92,61803,0.0
92,61804,0.0
92,61805,0.0
92,61806,0.0
92,61807,0.0
92,61808,0.0
92,61809,0.0
92,61810,0.0
92,61811,0.0
92,61812,0.0
92,61813,0.0
92,61814,0.0
92,61815,0.0
92,61816,0.0
92,61817,0.0
92,61818,0.0
92,61819,0.0
92,61820,0.0
92,61821,0.0
92,61822,0.0
92,61823,0.0
92,61824,0.0
92,61825,0.0
92,61826,0.0
92,61827,0.0
92,61828,0.0
92,61829,0.0
92,61830,0.0
92,61831,0.0
92,61832,0.0
92,61833,0.0
92,61834,0.0
92,61835,0.0
92,61836,0.0
92,61837,0.0
92,61838,0.0
92,61839,0.0
92,61840,0.0
92,61841,0.0
92,61842,0.0
92,61843,0.0
92,61844,0.0
92,61845,0.0
92,61846,0.0
92,61847,0.0
92,61848,0.0
92,61901,0.0
92,61902,0.0
92,61903,0.0
92,61904,0.0
92,61905,0.0
92,61906,0.0
92,61907,0.0
92,61908,0.0
92,61909,0.0
92,61910,0.0
92,61911,0.0
92,61912,0.0
92,61913,0.0
92,61914,0.0
92,61915,0.0
92,61916,0.0
92,61917,0.0
92,61918,0.0
92,61919,0.0
92,61920,0.0
92,61921,0.0
92,61922,0.0
92,61923,0.0
92,61924,0.0
92,61925,0.0
92,61926,0.0
92,61927,0.0
92,61928,0.0
92,61929,0.0
92,61930,0.0
92,61931,0.0
92,61932,0.0
92,61933,0.0
92,61934,0.0
92,61935,0.0
92,61936,0.0
92,61937,0.0
92,61938,0.0
92,61939,0.0
92,61940,0.0
92,61941,0.0
92,61942,0.0
92,61943,0.0
92,61944,0.0
92,61945,0.0
92,61946,0.0
92,61947,0.0
92,61948,0.0
92,62001,0.0
92,62002,0.0
92,62003,0.0
92,62004,0.0
92,62005,0.0
92,62006,0.0
92,62007,0.0
92,62008,0.0
92,62009,0.0
92,62010,0.0
92,62011,0.0
92,62012,0.0
92,62013,0.0
92,62014,0.0
92,62015,0.0
92,62016,0.0
92,62017,0.0
92,62018,0.0
92,62019,0.0
92,62020,0.0
92,62021,0.0
92,62022,0.0
92,62023,0.0
92,62024,0.0
92,62025,0.0
92,62026,0.0
92,62027,0.0
92,62028,0.0
92,62029,0.0
92,62030,0.0
92,62031,0.0
92,62032,0.0
92,62033,0.0
92,62034,0.0
92,62035,0.0
92,62036,0.0
92,62037,0.0
92,62038,0.0
92,62039,0.0
92,62040,0.0
92,62041,0.0
92,62042,0.0
92,62043,0.0
92,62044,0.0
92,62045,0.0
92,62046,0.0
92,62047,0.0
92,62048,0.0
92,62101,0.0
92,62102,0.0
92,62103,0.0
92,62104,0.0
92,62105,0.0
92,62106,0.0
92,62107,0.0
92,62108,0.0
92,62109,0.0
92,62110,0.0
92,62111,0.0
92,62112,0.0
92,62113,0.0
92,62114,0.0
92,62115,0.0
92,62116,0.0
92,62117,0.0
92,62118,0.0
92,62119,0.0
92,62120,0.0
92,62121,0.0
92,62122,0.0
92,62123,0.0
92,62124,0.0
92,62125,0.0
92,62126,0.0
92,62127,0.0
92,62128,0.0
92,62129,0.0
92,62130,0.0
92,62131,0.0
92,62132,0.0
92,62133,0.0
92,62134,0.0
92,62135,0.0
92,62136,0.0
92,62137,0.0
92,62138,0.0
92,62139,0.0
92,62140,0.0
92,62141,0.0
92,62142,0.0
92,62143,0.0
92,62144,0.0
92,62145,0.0
92,62146,0.0
92,62147,0.0
92,62148,0.0
92,62201,0.0
92,62202,0.0
92,62203,0.0
92,62204,0.0
92,62205,0.0
92,62206,0.0
92,62207,0.0
92,62208,0.0
92,62209,0.0
92,62210,0.0
92,62211,0.0
92,62212,0.0
92,62213,0.0
92,62214,0.0
92,62215,0.0
92,62216,0.0
92,62217,0.0
92,62218,0.0
92,62219,0.0
92,62220,0.0
92,62221,0.0
92,62222,0.0
92,62223,0.0
92,62224,0.0
92,62225,0.0
92,62226,0.0
92,62227,0.0
92,62228,0.0
92,62229,0.0
92,62230,0.0
92,62231,0.0
92,62232,0.0
92,62233,0.0
92,62234,0.0
92,62235,0.0
92,62236,0.0
92,62237,0.0
92,62238,0.0
92,62239,0.0
92,62240,0.0
92,62241,0.0
92,62242,0.0
92,62243,0.0
92,62244,0.0
92,62245,0.0
92,62246,0.0
92,62247,0.0
92,62248,0.0
92,62301,0.0
92,62302,0.0
92,62303,0.0
92,62304,0.0
92,62305,0.0
92,62306,0.0
92,62307,0.0
92,62308,0.0
92,62309,0.0
92,62310,0.0
92,62311,0.0
92,62312,0.0
92,62313,0.0
92,62314,0.0
92,62315,0.0
92,62316,0.0
92,62317,0.0
92,62318,0.0
92,62319,0.0
92,62320,0.0
92,62321,0.0
92,62322,0.0
92,62323,0.0
92,62324,0.0
92,62325,0.0
92,62326,0.0
92,62327,0.0
92,62328,0.0
92,62329,0.0
92,62330,0.0
92,62331,0.0
92,62332,0.0
92,62333,0.0
92,62334,0.0
92,62335,0.0
92,62336,0.0
92,62337,0.0
92,62338,0.0
92,62339,0.0
92,62340,0.0
92,62341,0.0
92,62342,0.0
92,62343,0.0
92,62344,0.0
92,62345,0.0
92,62346,0.0
92,62347,0.0
92,62348,0.0
92,62401,0.0
92,62402,0.0
92,62403,0.0
92,62404,0.0
92,62405,0.0
92,62406,0.0
92,62407,0.0
92,62408,0.0
92,62409,0.0
92,62410,0.0
92,62411,0.0
92,62412,0.0
92,62413,0.0
92,62414,0.0
92,62415,0.0
92,62416,0.0
92,62417,0.0
92,62418,0.0
92,62419,0.0
92,62420,0.0
92,62421,0.0
92,62422,0.0
92,62423,0.0
92,62424,0.0
92,62425,0.0
92,62426,0.0
92,62427,0.0
92,62428,0.0
92,62429,0.0
92,62430,0.0
92,62431,0.0
92,62432,0.0
92,62433,0.0
92,62434,0.0
92,62435,0.0
92,62436,0.0
92,62437,0.0
92,62438,0.0
92,62439,0.0
92,62440,0.0
92,62441,0.0
92,62442,0.0
92,62443,0.0
92,62444,0.0
92,62445,0.0
92,62446,0.0
92,62447,0.0
92,62448,0.0
92,62501,0.0
92,62502,0.0
92,62503,0.0
92,62504,0.0
92,62505,0.0
92,62506,0.0
92,62507,0.0
92,62508,0.0
92,62509,0.0
92,62510,0.0
92,62511,0.0
92,62512,0.0
92,62513,0.0
92,62514,0.0
92,62515,0.0
92,62516,0.0
92,62517,0.0
92,62518,0.0
92,62519,0.0
92,62520,0.0
92,62521,0.0
92,62522,0.0
92,62523,0.0
92,62524,0.0
92,62525,0.0
92,62526,0.0
92,62527,0.0
92,62528,0.0
92,62529,0.0
92,62530,0.0
92,62531,0.0
92,62532,0.0
92,62533,0.0
92,62534,0.0
92,62535,0.0
92,62536,0.0
92,62537,0.0
92,62538,0.0
92,62539,0.0
92,62540,0.0
92,62541,0.0
92,62542,0.0
92,62543,0.0
92,62544,0.0
92,62545,0.0
92,62546,0.0
92,62547,0.0
92,62548,0.0
92,62601,0.0
92,62602,0.0
92,62603,0.0
92,62604,0.0
92,62605,0.0
92,62606,0.0
92,62607,0.0
92,62608,0.0
92,62609,0.0
92,62610,0.0
92,62611,0.0
92,62612,0.0
92,62613,0.0
92,62614,0.0
92,62615,0.0
92,62616,0.0
92,62617,0.0
92,62618,0.0
92,62619,0.0
92,62620,0.0
92,62621,0.0
92,62622,0.0
92,62623,0.0
92,62624,0.0
92,62625,0.0
92,62626,0.0
92,62627,0.0
92,62628,0.0
92,62629,0.0
92,62630,0.0
92,62631,0.0
92,62632,0.0
92,62633,0.0
92,62634,0.0
92,62635,0.0
92,62636,0.0
92,62637,0.0
92,62638,0.0
92,62639,0.0
92,62640,0.0
92,62641,0.0
92,62642,0.0
92,62643,0.0
92,62644,0.0
92,62645,0.0
92,62646,0.0
92,62647,0.0
92,62648,0.0
92,62701,0.0
92,62702,0.0
92,62703,0.0
92,62704,0.0
92,62705,0.0
92,62706,0.0
92,62707,0.0
92,62708,0.0
92,62709,0.0
92,62710,0.0
92,62711,0.0
92,62712,0.0
92,62713,0.0
92,62714,0.0
92,62715,0.0
92,62716,0.0
92,62717,0.0
92,62718,0.0
92,62719,0.0
92,62720,0.0
92,62721,0.0
92,62722,0.0
92,62723,0.0
92,62724,0.0
92,62725,0.0
92,62726,0.0
92,62727,0.0
92,62728,0.0
92,62729,0.0
92,62730,0.0
92,62731,0.0
92,62732,0.0
92,62733,0.0
92,62734,0.0
92,62735,0.0
92,62736,0.0
92,62737,0.0
92,62738,0.0
92,62739,0.0
92,62740,0.0
92,62741,0.0
92,62742,0.0
92,62743,0.0
92,62744,0.0
92,62745,0.0
92,62746,0.0
92,62747,0.0
92,62748,0.0
92,62801,0.0
92,62802,0.0
92,62803,0.0
92,62804,0.0
92,62805,0.0
92,62806,0.0
92,62807,0.0
92,62808,0.0
92,62809,0.0
92,62810,0.0
92,62811,0.0
92,62812,0.0
92,62813,0.0
92,62814,0.0
92,62815,0.0
92,62816,0.0
92,62817,0.0
92,62818,0.0
92,62819,0.0
92,62820,0.0
92,62821,0.0
92,62822,0.0
92,62823,0.0
92,62824,0.0
92,62825,0.0
92,62826,0.0
92,62827,0.0
92,62828,0.0
92,62829,0.0
92,62830,0.0
92,62831,0.0
92,62832,0.0
92,62833,0.0
92,62834,0.0
92,62835,0.0
92,62836,0.0
92,62837,0.0
92,62838,0.0
92,62839,0.0
92,62840,0.0
92,62841,0.0
92,62842,0.0
92,62843,0.0
92,62844,0.0
92,62845,0.0
92,62846,0.0
92,62847,0.0
92,62848,0.0
92,62901,0.0
92,62902,0.0
92,62903,0.0
92,62904,0.0
92,62905,0.0
92,62906,0.0
92,62907,0.0
92,62908,0.0
92,62909,0.0
92,62910,0.0
92,62911,0.0
92,62912,0.0
92,62913,0.0
92,62914,0.0
92,62915,0.0
92,62916,0.0
92,62917,0.0
92,62918,0.0
92,62919,0.0
92,62920,0.0
92,62921,0.0
92,62922,0.0
92,62923,0.0
92,62924,0.0
92,62925,0.0
92,62926,0.0
92,62927,0.0
92,62928,0.0
92,62929,0.0
92,62930,0.0
92,62931,0.0
92,62932,0.0
92,62933,0.0
92,62934,0.0
92,62935,0.0
92,62936,0.0
92,62937,0.0
92,62938,0.0
92,62939,0.0
92,62940,0.0
92,62941,0.0
92,62942,0.0
92,62943,0.0
92,62944,0.0
92,62945,0.0
92,62946,0.0
92,62947,0.0
92,62948,0.0
92,63001,0.0
92,63002,0.0
92,63003,0.0
92,63004,0.0
92,63005,0.0
92,63006,0.0
92,63007,0.0
92,63008,0.0
92,63009,0.0
92,63010,0.0
92,63011,0.0
92,63012,0.0
92,63013,0.0
92,63014,0.0
92,63015,0.0
92,63016,0.0
92,63017,0.0
92,63018,0.0
92,63019,0.0
92,63020,0.0
92,63021,0.0
92,63022,0.0
92,63023,0.0
92,63024,0.0
92,63025,0.0
92,63026,0.0
92,63027,0.0
92,63028,0.0
92,63029,0.0
92,63030,0.0
92,63031,0.0
92,63032,0.0
92,63033,0.0
92,63034,0.0
92,63035,0.0
92,63036,0.0
92,63037,0.0
92,63038,0.0
92,63039,0.0
92,63040,0.0
92,63041,0.0
92,63042,0.0
92,63043,0.0
92,63044,0.0
92,63045,0.0
92,63046,0.0
92,63047,0.0
92,63048,0.0
92,63101,0.0
92,63102,0.0
92,63103,0.0
92,63104,0.0
92,63105,0.0
92,63106,0.0
92,63107,0.0
92,63108,0.0
92,63109,0.0
92,63110,0.0
92,63111,0.0
92,63112,0.0
92,63113,0.0
92,63114,0.0
92,63115,0.0
92,63116,0.0
92,63117,0.0
92,63118,0.0
92,63119,0.0
92,63120,0.0
92,63121,0.0
92,63122,0.0
92,63123,0.0
92,63124,0.0
92,63125,0.0
92,63126,0.0
92,63127,0.0
92,63128,0.0
92,63129,0.0
92,63130,0.0
92,63131,0.0
92,63132,0.0
92,63133,0.0
92,63134,0.0
92,63135,0.0
92,63136,0.0
92,63137,0.0
92,63138,0.0
92,63139,0.0
92,63140,0.0
92,63141,0.0
92,63142,0.0
92,63143,0.0
92,63144,0.0
92,63145,0.0
92,63146,0.0
92,63147,0.0
92,63148,0.0
92,63201,0.0
92,63202,0.0
92,63203,0.0
92,63204,0.0
92,63205,0.0
92,63206,0.0
92,63207,0.0
92,63208,0.0
92,63209,0.0
92,63210,0.0
92,63211,0.0
92,63212,0.0
92,63213,0.0
92,63214,0.0
92,63215,0.0
92,63216,0.0
92,63217,0.0
92,63218,0.0
92,63219,0.0
92,63220,0.0
92,63221,0.0
92,63222,0.0
92,63223,0.0
92,63224,0.0
92,63225,0.0
92,63226,0.0
92,63227,0.0
92,63228,0.0
92,63229,0.0
92,63230,0.0
92,63231,0.0
92,63232,0.0
92,63233,0.0
92,63234,0.0
92,63235,0.0
92,63236,0.0
92,63237,0.0
92,63238,0.0
92,63239,0.0
92,63240,0.0
92,63241,0.0
92,63242,0.0
92,63243,0.0
92,63244,0.0
92,63245,0.0
92,63246,0.0
92,63247,0.0
92,63248,0.0
92,63301,0.0
92,63302,0.0
92,63303,0.0
92,63304,0.0
92,63305,0.0
92,63306,0.0
92,63307,0.0
92,63308,0.0
92,63309,0.0
92,63310,0.0
92,63311,0.0
92,63312,0.0
92,63313,0.0
92,63314,0.0
92,63315,0.0
92,63316,0.0
92,63317,0.0
92,63318,0.0
92,63319,0.0
92,63320,0.0
92,63321,0.0
92,63322,0.0
92,63323,0.0
92,63324,0.0
92,63325,0.0
92,63326,0.0
92,63327,0.0
92,63328,0.0
92,63329,0.0
92,63330,0.0
92,63331,0.0
92,63332,0.0
92,63333,0.0
92,63334,0.0
92,63335,0.0
92,63336,0.0
92,63337,0.0
92,63338,0.0
92,63339,0.0
92,63340,0.0
92,63341,0.0
92,63342,0.0
92,63343,0.0
92,63344,0.0
92,63345,0.0
92,63346,0.0
92,63347,0.0
92,63348,0.0
92,63401,0.0
92,63402,0.0
92,63403,0.0
92,63404,0.0
92,63405,0.0
92,63406,0.0
92,63407,0.0
92,63408,0.0
92,63409,0.0
92,63410,0.0
92,63411,0.0
92,63412,0.0
92,63413,0.0
92,63414,0.0
92,63415,0.0
92,63416,0.0
92,63417,0.0
92,63418,0.0
92,63419,0.0
92,63420,0.0
92,63421,0.0
92,63422,0.0
92,63423,0.0
92,63424,0.0
92,63425,0.0
92,63426,0.0
92,63427,0.0
92,63428,0.0
92,63429,0.0
92,63430,0.0
92,63431,0.0
92,63432,0.0
92,63433,0.0
92,63434,0.0
92,63435,0.0
92,63436,0.0
92,63437,0.0
92,63438,0.0
92,63439,0.0
92,63440,0.0
92,63441,0.0
92,63442,0.0
92,63443,0.0
92,63444,0.0
92,63445,0.0
92,63446,0.0
92,63447,0.0
92,63448,0.0
92,63501,0.0
92,63502,0.0
92,63503,0.0
92,63504,0.0
92,63505,0.0
92,63506,0.0
92,63507,0.0
92,63508,0.0
92,63509,0.0
92,63510,0.0
92,63511,0.0
92,63512,0.0
92,63513,0.0
92,63514,0.0
92,63515,0.0
92,63516,0.0
92,63517,0.0
92,63518,0.0
92,63519,0.0
92,63520,0.0
92,63521,0.0
92,63522,0.0
92,63523,0.0
92,63524,0.0
92,63525,0.0
92,63526,0.0
92,63527,0.0
92,63528,0.0
92,63529,0.0
92,63530,0.0
92,63531,0.0
92,63532,0.0
92,63533,0.0
92,63534,0.0
92,63535,0.0
92,63536,0.0
92,63537,0.0
92,63538,0.0
92,63539,0.0
92,63540,0.0
92,63541,0.0
92,63542,0.0
92,63543,0.0
92,63544,0.0
92,63545,0.0
92,63546,0.0
92,63547,0.0
92,63548,0.0
92,63601,0.0
92,63602,0.0
92,63603,0.0
92,63604,0.0
92,63605,0.0
92,63606,0.0
92,63607,0.0
92,63608,0.0
92,63609,0.0
92,63610,0.0
92,63611,0.0
92,63612,0.0
92,63613,0.0
92,63614,0.0
92,63615,0.0
92,63616,0.0
92,63617,0.0
92,63618,0.0
92,63619,0.0
92,63620,0.0
92,63621,0.0
92,63622,0.0
92,63623,0.0
92,63624,0.0
92,63625,0.0
92,63626,0.0
92,63627,0.0
92,63628,0.0
92,63629,0.0
92,63630,0.0
92,63631,0.0
92,63632,0.0
92,63633,0.0
92,63634,0.0
92,63635,0.0
92,63636,0.0
92,63637,0.0
92,63638,0.0
92,63639,0.0
92,63640,0.0
92,63641,0.0
92,63642,0.0
92,63643,0.0
92,63644,0.0
92,63645,0.0
92,63646,0.0
92,63647,0.0
92,63648,0.0
92,63701,0.0
92,63702,0.0
92,63703,0.0
92,63704,0.0
92,63705,0.0
92,63706,0.0
92,63707,0.0
92,63708,0.0
92,63709,0.0
92,63710,0.0
92,63711,0.0
92,63712,0.0
92,63713,0.0
92,63714,0.0
92,63715,0.0
92,63716,0.0
92,63717,0.0
92,63718,0.0
92,63719,0.0
92,63720,0.0
92,63721,0.0
92,63722,0.0
92,63723,0.0
92,63724,0.0
92,63725,0.0
92,63726,0.0
92,63727,0.0
92,63728,0.0
92,63729,0.0
92,63730,0.0
92,63731,0.0
92,63732,0.0
92,63733,0.0
92,63734,0.0
92,63735,0.0
92,63736,0.0
92,63737,0.0
92,63738,0.0
92,63739,0.0
92,63740,0.0
92,63741,0.0
92,63742,0.0
92,63743,0.0
92,63744,0.0
92,63745,0.0
92,63746,0.0
92,63747,0.0
92,63748,0.0
92,63801,0.0
92,63802,0.0
92,63803,0.0
92,63804,0.0
92,63805,0.0
92,63806,0.0
92,63807,0.0
92,63808,0.0
92,63809,0.0
92,63810,0.0
92,63811,0.0
92,63812,0.0
92,63813,0.0
92,63814,0.0
92,63815,0.0
92,63816,0.0
92,63817,0.0
92,63818,0.0
92,63819,0.0
92,63820,0.0
92,63821,0.0
92,63822,0.0
92,63823,0.0
92,63824,0.0
92,63825,0.0
92,63826,0.0
92,63827,0.0
92,63828,0.0
92,63829,0.0
92,63830,0.0
92,63831,0.0
92,63832,0.0
92,63833,0.0
92,63834,0.0
92,63835,0.0
92,63836,0.0
92,63837,0.0
92,63838,0.0
92,63839,0.0
92,63840,0.0
92,63841,0.0
92,63842,0.0
92,63843,0.0
92,63844,0.0
92,63845,0.0
92,63846,0.0
92,63847,0.0
92,63848,0.0
92,63901,0.0
92,63902,0.0
92,63903,0.0
92,63904,0.0
92,63905,0.0
92,63906,0.0
92,63907,0.0
92,63908,0.0
92,63909,0.0
92,63910,0.0
92,63911,0.0
92,63912,0.0
92,63913,0.0
92,63914,0.0
92,63915,0.0
92,63916,0.0
92,63917,0.0
92,63918,0.0
92,63919,0.0
92,63920,0.0
92,63921,0.0
92,63922,0.0
92,63923,0.0
92,63924,0.0
92,63925,0.0
92,63926,0.0
92,63927,0.0
92,63928,0.0
92,63929,0.0
92,63930,0.0
92,63931,0.0
92,63932,0.0
92,63933,0.0
92,63934,0.0
92,63935,0.0
92,63936,0.0
92,63937,0.0
92,63938,0.0
92,63939,0.0
92,63940,0.0
92,63941,0.0
92,63942,0.0
92,63943,0.0
92,63944,0.0
92,63945,0.0
92,63946,0.0
92,63947,0.0
92,63948,0.0
92,64001,0.0
92,64002,0.0
92,64003,0.0
92,64004,0.0
92,64005,0.0
92,64006,0.0
92,64007,0.0
92,64008,0.0
92,64009,0.0
92,64010,0.0
92,64011,0.0
92,64012,0.0
92,64013,0.0
92,64014,0.0
92,64015,0.0
92,64016,0.0
92,64017,0.0
92,64018,0.0
92,64019,0.0
92,64020,0.0
92,64021,0.0
92,64022,0.0
92,64023,0.0
92,64024,0.0
92,64025,0.0
92,64026,0.0
92,64027,0.0
92,64028,0.0
92,64029,0.0
92,64030,0.0
92,64031,0.0
92,64032,0.0
92,64033,0.0
92,64034,0.0
92,64035,0.0
92,64036,0.0
92,64037,0.0
92,64038,0.0
92,64039,0.0
92,64040,0.0
92,64041,0.0
92,64042,0.0
92,64043,0.0
92,64044,0.0
92,64045,0.0
92,64046,0.0
92,64047,0.0
92,64048,0.0
92,64101,0.0
92,64102,0.0
92,64103,0.0
92,64104,0.0
92,64105,0.0
92,64106,0.0
92,64107,0.0
92,64108,0.0
92,64109,0.0
92,64110,0.0
92,64111,0.0
92,64112,0.0
92,64113,0.0
92,64114,0.0
92,64115,0.0
92,64116,0.0
92,64117,0.0
92,64118,0.0
92,64119,0.0
92,64120,0.0
92,64121,0.0
92,64122,0.0
92,64123,0.0
92,64124,0.0
92,64125,0.0
92,64126,0.0
92,64127,0.0
92,64128,0.0
92,64129,0.0
92,64130,0.0
92,64131,0.0
92,64132,0.0
92,64133,0.0
92,64134,0.0
92,64135,0.0
92,64136,0.0
92,64137,0.0
92,64138,0.0
92,64139,0.0
92,64140,0.0
92,64141,0.0
92,64142,0.0
92,64143,0.0
92,64144,0.0
92,64145,0.0
92,64146,0.0
92,64147,0.0
92,64148,0.0
92,64201,0.0
92,64202,0.0
92,64203,0.0
92,64204,0.0
92,64205,0.0
92,64206,0.0
92,64207,0.0
92,64208,0.0
92,64209,0.0
92,64210,0.0
92,64211,0.0
92,64212,0.0
92,64213,0.0
92,64214,0.0
92,64215,0.0
92,64216,0.0
92,64217,0.0
92,64218,0.0
92,64219,0.0
92,64220,0.0
92,64221,0.0
92,64222,0.0
92,64223,0.0
92,64224,0.0
92,64225,0.0
92,64226,0.0
92,64227,0.0
92,64228,0.0
92,64229,0.0
92,64230,0.0
92,64231,0.0
92,64232,0.0
92,64233,0.0
92,64234,0.0
92,64235,0.0
92,64236,0.0
92,64237,0.0
92,64238,0.0
92,64239,0.0
92,64240,0.0
92,64241,0.0
92,64242,0.0
92,64243,0.0
92,64244,0.0
92,64245,0.0
92,64246,0.0
92,64247,0.0
92,64248,0.0
92,64301,0.0
92,64302,0.0
92,64303,0.0
92,64304,0.0
92,64305,0.0
92,64306,0.0
92,64307,0.0
92,64308,0.0
92,64309,0.0
92,64310,0.0
92,64311,0.0
92,64312,0.0
92,64313,0.0
92,64314,0.0
92,64315,0.0
92,64316,0.0
92,64317,0.0
92,64318,0.0
92,64319,0.0
92,64320,0.0
92,64321,0.0
92,64322,0.0
92,64323,0.0
92,64324,0.0
92,64325,0.0
92,64326,0.0
92,64327,0.0
92,64328,0.0
92,64329,0.0
92,64330,0.0
92,64331,0.0
92,64332,0.0
92,64333,0.0
92,64334,0.0
92,64335,0.0
92,64336,0.0
92,64337,0.0
92,64338,0.0
92,64339,0.0
92,64340,0.0
92,64341,0.0
92,64342,0.0
92,64343,0.0
92,64344,0.0
92,64345,0.0
92,64346,0.0
92,64347,0.0
92,64348,0.0
92,64401,0.0
92,64402,0.0
92,64403,0.0
92,64404,0.0
92,64405,0.0
92,64406,0.0
92,64407,0.0
92,64408,0.0
92,64409,0.0
92,64410,0.0
92,64411,0.0
92,64412,0.0
92,64413,0.0
92,64414,0.0
92,64415,0.0
92,64416,0.0
92,64417,0.0
92,64418,0.0
92,64419,0.0
92,64420,0.0
92,64421,0.0
92,64422,0.0
92,64423,0.0
92,64424,0.0
92,64425,0.0
92,64426,0.0
92,64427,0.0
92,64428,0.0
92,64429,0.0
92,64430,0.0
92,64431,0.0
92,64432,0.0
92,64433,0.0
92,64434,0.0
92,64435,0.0
92,64436,0.0
92,64437,0.0
92,64438,0.0
92,64439,0.0
92,64440,0.0
92,64441,0.0
92,64442,0.0
92,64443,0.0
92,64444,0.0
92,64445,0.0
92,64446,0.0
92,64447,0.0
92,64448,0.0
92,64501,0.0
92,64502,0.0
92,64503,0.0
92,64504,0.0
92,64505,0.0
92,64506,0.0
92,64507,0.0
92,64508,0.0
92,64509,0.0
92,64510,0.0
92,64511,0.0
92,64512,0.0
92,64513,0.0
92,64514,0.0
92,64515,0.0
92,64516,0.0
92,64517,0.0
92,64518,0.0
92,64519,0.0
92,64520,0.0
92,64521,0.0
92,64522,0.0
92,64523,0.0
92,64524,0.0
92,64525,0.0
92,64526,0.0
92,64527,0.0
92,64528,0.0
92,64529,0.0
92,64530,0.0
92,64531,0.0
92,64532,0.0
92,64533,0.0
92,64534,0.0
92,64535,0.0
92,64536,0.0
92,64537,0.0
92,64538,0.0
92,64539,0.0
92,64540,0.0
92,64541,0.0
92,64542,0.0
92,64543,0.0
92,64544,0.0
92,64545,0.0
92,64546,0.0
92,64547,0.0
92,64548,0.0
92,64601,0.0
92,64602,0.0
92,64603,0.0
92,64604,0.0
92,64605,0.0
92,64606,0.0
92,64607,0.0
92,64608,0.0
92,64609,0.0
92,64610,0.0
92,64611,0.0
92,64612,0.0
92,64613,0.0
92,64614,0.0
92,64615,0.0
92,64616,0.0
92,64617,0.0
92,64618,0.0
92,64619,0.0
92,64620,0.0
92,64621,0.0
92,64622,0.0
92,64623,0.0
92,64624,0.0
92,64625,0.0
92,64626,0.0
92,64627,0.0
92,64628,0.0
92,64629,0.0
92,64630,0.0
92,64631,0.0
92,64632,0.0
92,64633,0.0
92,64634,0.0
92,64635,0.0
92,64636,0.0
92,64637,0.0
92,64638,0.0
92,64639,0.0
92,64640,0.0
92,64641,0.0
92,64642,0.0
92,64643,0.0
92,64644,0.0
92,64645,0.0
92,64646,0.0
92,64647,0.0
92,64648,0.0
92,64701,0.0
92,64702,0.0
92,64703,0.0
92,64704,0.0
92,64705,0.0
92,64706,0.0
92,64707,0.0
92,64708,0.0
92,64709,0.0
92,64710,0.0
92,64711,0.0
92,64712,0.0
92,64713,0.0
92,64714,0.0
92,64715,0.0
92,64716,0.0
92,64717,0.0
92,64718,0.0
92,64719,0.0
92,64720,0.0
92,64721,0.0
92,64722,0.0
92,64723,0.0
92,64724,0.0
92,64725,0.0
92,64726,0.0
92,64727,0.0
92,64728,0.0
92,64729,0.0
92,64730,0.0
92,64731,0.0
92,64732,0.0
92,64733,0.0
92,64734,0.0
92,64735,0.0
92,64736,0.0
92,64737,0.0
92,64738,0.0
92,64739,0.0
92,64740,0.0
92,64741,0.0
92,64742,0.0
92,64743,0.0
92,64744,0.0
92,64745,0.0
92,64746,0.0
92,64747,0.0
92,64748,0.0
92,64801,0.0
92,64802,0.0
92,64803,0.0
92,64804,0.0
92,64805,0.0
92,64806,0.0
92,64807,0.0
92,64808,0.0
92,64809,0.0
92,64810,0.0
92,64811,0.0
92,64812,0.0
92,64813,0.0
92,64814,0.0
92,64815,0.0
92,64816,0.0
92,64817,0.0
92,64818,0.0
92,64819,0.0
92,64820,0.0
92,64821,0.0
92,64822,0.0
92,64823,0.0
92,64824,0.0
92,64825,0.0
92,64826,0.0
92,64827,0.0
92,64828,0.0
92,64829,0.0
92,64830,0.0
92,64831,0.0
92,64832,0.0
92,64833,0.0
92,64834,0.0
92,64835,0.0
92,64836,0.0
92,64837,0.0
92,64838,0.0
92,64839,0.0
92,64840,0.0
92,64841,0.0
92,64842,0.0
92,64843,0.0
92,64844,0.0
92,64845,0.0
92,64846,0.0
92,64847,0.0
92,64848,0.0
92,64901,0.0
92,64902,0.0
92,64903,0.0
92,64904,0.0
92,64905,0.0
92,64906,0.0
92,64907,0.0
92,64908,0.0
92,64909,0.0
92,64910,0.0
92,64911,0.0
92,64912,0.0
92,64913,0.0
92,64914,0.0
92,64915,0.0
92,64916,0.0
92,64917,0.0
92,64918,0.0
92,64919,0.0
92,64920,0.0
92,64921,0.0
92,64922,0.0
92,64923,0.0
92,64924,0.0
92,64925,0.0
92,64926,0.0
92,64927,0.0
92,64928,0.0
92,64929,0.0
92,64930,0.0
92,64931,0.0
92,64932,0.0
92,64933,0.0
92,64934,0.0
92,64935,0.0
92,64936,0.0
92,64937,0.0
92,64938,0.0
92,64939,0.0
92,64940,0.0
92,64941,0.0
92,64942,0.0
92,64943,0.0
92,64944,0.0
92,64945,0.0
92,64946,0.0
92,64947,0.0
92,64948,0.0
92,65001,0.0
92,65002,0.0
92,65003,0.0
92,65004,0.0
92,65005,0.0
92,65006,0.0
92,65007,0.0
92,65008,0.0
92,65009,0.0
92,65010,0.0
92,65011,0.0
92,65012,0.0
92,65013,0.0
92,65014,0.0
92,65015,0.0
92,65016,0.0
92,65017,0.0
92,65018,0.0
92,65019,0.0
92,65020,0.0
92,65021,0.0
92,65022,0.0
92,65023,0.0
92,65024,0.0
92,65025,0.0
92,65026,0.0
92,65027,0.0
92,65028,0.0
92,65029,0.0
92,65030,0.0
92,65031,0.0
92,65032,0.0
92,65033,0.0
92,65034,0.0
92,65035,0.0
92,65036,0.0
92,65037,0.0
92,65038,0.0
92,65039,0.0
92,65040,0.0
92,65041,0.0
92,65042,0.0
92,65043,0.0
92,65044,0.0
92,65045,0.0
92,65046,0.0
92,65047,0.0
92,65048,0.0
92,65101,0.0
92,65102,0.0
92,65103,0.0
92,65104,0.0
92,65105,0.0
92,65106,0.0
92,65107,0.0
92,65108,0.0
92,65109,0.0
92,65110,0.0
92,65111,0.0
92,65112,0.0
92,65113,0.0
92,65114,0.0
92,65115,0.0
92,65116,0.0
92,65117,0.0
92,65118,0.0
92,65119,0.0
92,65120,0.0
92,65121,0.0
92,65122,0.0
92,65123,0.0
92,65124,0.0
92,65125,0.0
92,65126,0.0
92,65127,0.0
92,65128,0.0
92,65129,0.0
92,65130,0.0
92,65131,0.0
92,65132,0.0
92,65133,0.0
92,65134,0.0
92,65135,0.0
92,65136,0.0
92,65137,0.0
92,65138,0.0
92,65139,0.0
92,65140,0.0
92,65141,0.0
92,65142,0.0
92,65143,0.0
92,65144,0.0
92,65145,0.0
92,65146,0.0
92,65147,0.0
92,65148,0.0
92,65201,0.0
92,65202,0.0
92,65203,0.0
92,65204,0.0
92,65205,0.0
92,65206,0.0
92,65207,0.0
92,65208,0.0
92,65209,0.0
92,65210,0.0
92,65211,0.0
92,65212,0.0
92,65213,0.0
92,65214,0.0
92,65215,0.0
92,65216,0.0
92,65217,0.0
92,65218,0.0
92,65219,0.0
92,65220,0.0
92,65221,0.0
92,65222,0.0
92,65223,0.0
92,65224,0.0
92,65225,0.0
92,65226,0.0
92,65227,0.0
92,65228,0.0
92,65229,0.0
92,65230,0.0
92,65231,0.0
92,65232,0.0
92,65233,0.0
92,65234,0.0
92,65235,0.0
92,65236,0.0
92,65237,0.0
92,65238,0.0
92,65239,0.0
92,65240,0.0
92,65241,0.0
92,65242,0.0
92,65243,0.0
92,65244,0.0
92,65245,0.0
92,65246,0.0
92,65247,0.0
92,65248,0.0
92,65301,0.0
92,65302,0.0
92,65303,0.0
92,65304,0.0
92,65305,0.0
92,65306,0.0
92,65307,0.0
92,65308,0.0
92,65309,0.0
92,65310,0.0
92,65311,0.0
92,65312,0.0
92,65313,0.0
92,65314,0.0
92,65315,0.0
92,65316,0.0
92,65317,0.0
92,65318,0.0
92,65319,0.0
92,65320,0.0
92,65321,0.0
92,65322,0.0
92,65323,0.0
92,65324,0.0
92,65325,0.0
92,65326,0.0
92,65327,0.0
92,65328,0.0
92,65329,0.0
92,65330,0.0
92,65331,0.0
92,65332,0.0
92,65333,0.0
92,65334,0.0
92,65335,0.0
92,65336,0.0
92,65337,0.0
92,65338,0.0
92,65339,0.0
92,65340,0.0
92,65341,0.0
92,65342,0.0
92,65343,0.0
92,65344,0.0
92,65345,0.0
92,65346,0.0
92,65347,0.0
92,65348,0.0
92,65401,0.0
92,65402,0.0
92,65403,0.0
92,65404,0.0
92,65405,0.0
92,65406,0.0
92,65407,0.0
92,65408,0.0
92,65409,0.0
92,65410,0.0
92,65411,0.0
92,65412,0.0
92,65413,0.0
92,65414,0.0
92,65415,0.0
92,65416,0.0
92,65417,0.0
92,65418,0.0
92,65419,0.0
92,65420,0.0
92,65421,0.0
92,65422,0.0
92,65423,0.0
92,65424,0.0
92,65425,0.0
92,65426,0.0
92,65427,0.0
92,65428,0.0
92,65429,0.0
92,65430,0.0
92,65431,0.0
92,65432,0.0
92,65433,0.0
92,65434,0.0
92,65435,0.0
92,65436,0.0
92,65437,0.0
92,65438,0.0
92,65439,0.0
92,65440,0.0
92,65441,0.0
92,65442,0.0
92,65443,0.0
92,65444,0.0
92,65445,0.0
92,65446,0.0
92,65447,0.0
92,65448,0.0
92,65501,0.0
92,65502,0.0
92,65503,0.0
92,65504,0.0
92,65505,0.0
92,65506,0.0
92,65507,0.0
92,65508,0.0
92,65509,0.0
92,65510,0.0
92,65511,0.0
92,65512,0.0
92,65513,0.0
92,65514,0.0
92,65515,0.0
92,65516,0.0
92,65517,0.0
92,65518,0.0
92,65519,0.0
92,65520,0.0
92,65521,0.0
92,65522,0.0
92,65523,0.0
92,65524,0.0
92,65525,0.0
92,65526,0.0
92,65527,0.0
92,65528,0.0
92,65529,0.0
92,65530,0.0
92,65531,0.0
92,65532,0.0
92,65533,0.0
92,65534,0.0
92,65535,0.0
92,65536,0.0
92,65537,0.0
92,65538,0.0
92,65539,0.0
92,65540,0.0
92,65541,0.0
92,65542,0.0
92,65543,0.0
92,65544,0.0
92,65545,0.0
92,65546,0.0
92,65547,0.0
92,65548,0.0
92,65601,0.0
92,65602,0.0
92,65603,0.0
92,65604,0.0
92,65605,0.0
92,65606,0.0
92,65607,0.0
92,65608,0.0
92,65609,0.0
92,65610,0.0
92,65611,0.0
92,65612,0.0
92,65613,0.0
92,65614,0.0
92,65615,0.0
92,65616,0.0
92,65617,0.0
92,65618,0.0
92,65619,0.0
92,65620,0.0
92,65621,0.0
92,65622,0.0
92,65623,0.0
92,65624,0.0
92,65625,0.0
92,65626,0.0
92,65627,0.0
92,65628,0.0
92,65629,0.0
92,65630,0.0
92,65631,0.0
92,65632,0.0
92,65633,0.0
92,65634,0.0
92,65635,0.0
92,65636,0.0
92,65637,0.0
92,65638,0.0
92,65639,0.0
92,65640,0.0
92,65641,0.0
92,65642,0.0
92,65643,0.0
92,65644,0.0
92,65645,0.0
92,65646,0.0
92,65647,0.0
92,65648,0.0
92,65701,0.0
92,65702,0.0
92,65703,0.0
92,65704,0.0
92,65705,0.0
92,65706,0.0
92,65707,0.0
92,65708,0.0
92,65709,0.0
92,65710,0.0
92,65711,0.0
92,65712,0.0
92,65713,0.0
92,65714,0.0
92,65715,0.0
92,65716,0.0
92,65717,0.0
92,65718,0.0
92,65719,0.0
92,65720,0.0
92,65721,0.0
92,65722,0.0
92,65723,0.0
92,65724,0.0
92,65725,0.0
92,65726,0.0
92,65727,0.0
92,65728,0.0
92,65729,0.0
92,65730,0.0
92,65731,0.0
92,65732,0.0
92,65733,0.0
92,65734,0.0
92,65735,0.0
92,65736,0.0
92,65737,0.0
92,65738,0.0
92,65739,0.0
92,65740,0.0
92,65741,0.0
92,65742,0.0
92,65743,0.0
92,65744,0.0
92,65745,0.0
92,65746,0.0
92,65747,0.0
92,65748,0.0
92,65801,0.0
92,65802,0.0
92,65803,0.0
92,65804,0.0
92,65805,0.0
92,65806,0.0
92,65807,0.0
92,65808,0.0
92,65809,0.0
92,65810,0.0
92,65811,0.0
92,65812,0.0
92,65813,0.0
92,65814,0.0
92,65815,0.0
92,65816,0.0
92,65817,0.0
92,65818,0.0
92,65819,0.0
92,65820,0.0
92,65821,0.0
92,65822,0.0
92,65823,0.0
92,65824,0.0
92,65825,0.0
92,65826,0.0
92,65827,0.0
92,65828,0.0
92,65829,0.0
92,65830,0.0
92,65831,0.0
92,65832,0.0
92,65833,0.0
92,65834,0.0
92,65835,0.0
92,65836,0.0
92,65837,0.0
92,65838,0.0
92,65839,0.0
92,65840,0.0
92,65841,0.0
92,65842,0.0
92,65843,0.0
92,65844,0.0
92,65845,0.0
92,65846,0.0
92,65847,0.0
92,65848,0.0
92,65901,0.0
92,65902,0.0
92,65903,0.0
92,65904,0.0
92,65905,0.0
92,65906,0.0
92,65907,0.0
92,65908,0.0
92,65909,0.0
92,65910,0.0
92,65911,0.0
92,65912,0.0
92,65913,0.0
92,65914,0.0
92,65915,0.0
92,65916,0.0
92,65917,0.0
92,65918,0.0
92,65919,0.0
92,65920,0.0
92,65921,0.0
92,65922,0.0
92,65923,0.0
92,65924,0.0
92,65925,0.0
92,65926,0.0
92,65927,0.0
92,65928,0.0
92,65929,0.0
92,65930,0.0
92,65931,0.0
92,65932,0.0
92,65933,0.0
92,65934,0.0
92,65935,0.0
92,65936,0.0
92,65937,0.0
92,65938,0.0
92,65939,0.0
92,65940,0.0
92,65941,0.0
92,65942,0.0
92,65943,0.0
92,65944,0.0
92,65945,0.0
92,65946,0.0
92,65947,0.0
92,65948,0.0
92,66001,0.0
92,66002,0.0
92,66003,0.0
92,66004,0.0
92,66005,0.0
92,66006,0.0
92,66007,0.0
92,66008,0.0
92,66009,0.0
92,66010,0.0
92,66011,0.0
92,66012,0.0
92,66013,0.0
92,66014,0.0
92,66015,0.0
92,66016,0.0
92,66017,0.0
92,66018,0.0
92,66019,0.0
92,66020,0.0
92,66021,0.0
92,66022,0.0
92,66023,0.0
92,66024,0.0
92,66025,0.0
92,66026,0.0
92,66027,0.0
92,66028,0.0
92,66029,0.0
92,66030,0.0
92,66031,0.0
92,66032,0.0
92,66033,0.0
92,66034,0.0
92,66035,0.0
92,66036,0.0
92,66037,0.0
92,66038,0.0
92,66039,0.0
92,66040,0.0
92,66041,0.0
92,66042,0.0
92,66043,0.0
92,66044,0.0
92,66045,0.0
92,66046,0.0
92,66047,0.0
92,66048,0.0
92,66101,0.0
92,66102,0.0
92,66103,0.0
92,66104,0.0
92,66105,0.0
92,66106,0.0
92,66107,0.0
92,66108,0.0
92,66109,0.0
92,66110,0.0
92,66111,0.0
92,66112,0.0
92,66113,0.0
92,66114,0.0
92,66115,0.0
92,66116,0.0
92,66117,0.0
92,66118,0.0
92,66119,0.0
92,66120,0.0
92,66121,0.0
92,66122,0.0
92,66123,0.0
92,66124,0.0
92,66125,0.0
92,66126,0.0
92,66127,0.0
92,66128,0.0
92,66129,0.0
92,66130,0.0
92,66131,0.0
92,66132,0.0
92,66133,0.0
92,66134,0.0
92,66135,0.0
92,66136,0.0
92,66137,0.0
92,66138,0.0
92,66139,0.0
92,66140,0.0
92,66141,0.0
92,66142,0.0
92,66143,0.0
92,66144,0.0
92,66145,0.0
92,66146,0.0
92,66147,0.0
92,66148,0.0
92,66201,0.0
92,66202,0.0
92,66203,0.0
92,66204,0.0
92,66205,0.0
92,66206,0.0
92,66207,0.0
92,66208,0.0
92,66209,0.0
92,66210,0.0
92,66211,0.0
92,66212,0.0
92,66213,0.0
92,66214,0.0
92,66215,0.0
92,66216,0.0
92,66217,0.0
92,66218,0.0
92,66219,0.0
92,66220,0.0
92,66221,0.0
92,66222,0.0
92,66223,0.0
92,66224,0.0
92,66225,0.0
92,66226,0.0
92,66227,0.0
92,66228,0.0
92,66229,0.0
92,66230,0.0
92,66231,0.0
92,66232,0.0
92,66233,0.0
92,66234,0.0
92,66235,0.0
92,66236,0.0
92,66237,0.0
92,66238,0.0
92,66239,0.0
92,66240,0.0
92,66241,0.0
92,66242,0.0
92,66243,0.0
92,66244,0.0
92,66245,0.0
92,66246,0.0
92,66247,0.0
92,66248,0.0
92,66301,0.0
92,66302,0.0
92,66303,0.0
92,66304,0.0
92,66305,0.0
92,66306,0.0
92,66307,0.0
92,66308,0.0
92,66309,0.0
92,66310,0.0
92,66311,0.0
92,66312,0.0
92,66313,0.0
92,66314,0.0
92,66315,0.0
92,66316,0.0
92,66317,0.0
92,66318,0.0
92,66319,0.0
92,66320,0.0
92,66321,0.0
92,66322,0.0
92,66323,0.0
92,66324,0.0
92,66325,0.0
92,66326,0.0
92,66327,0.0
92,66328,0.0
92,66329,0.0
92,66330,0.0
92,66331,0.0
92,66332,0.0
92,66333,0.0
92,66334,0.0
92,66335,0.0
92,66336,0.0
92,66337,0.0
92,66338,0.0
92,66339,0.0
92,66340,0.0
92,66341,0.0
92,66342,0.0
92,66343,0.0
92,66344,0.0
92,66345,0.0
92,66346,0.0
92,66347,0.0
92,66348,0.0
92,66401,0.0
92,66402,0.0
92,66403,0.0
92,66404,0.0
92,66405,0.0
92,66406,0.0
92,66407,0.0
92,66408,0.0
92,66409,0.0
92,66410,0.0
92,66411,0.0
92,66412,0.0
92,66413,0.0
92,66414,0.0
92,66415,0.0
92,66416,0.0
92,66417,0.0
92,66418,0.0
92,66419,0.0
92,66420,0.0
92,66421,0.0
92,66422,0.0
92,66423,0.0
92,66424,0.0
92,66425,0.0
92,66426,0.0
92,66427,0.0
92,66428,0.0
92,66429,0.0
92,66430,0.0
92,66431,0.0
92,66432,0.0
92,66433,0.0
92,66434,0.0
92,66435,0.0
92,66436,0.0
92,66437,0.0
92,66438,0.0
92,66439,0.0
92,66440,0.0
92,66441,0.0
92,66442,0.0
92,66443,0.0
92,66444,0.0
92,66445,0.0
92,66446,0.0
92,66447,0.0
92,66448,0.0
92,66501,0.0
92,66502,0.0
92,66503,0.0
92,66504,0.0
92,66505,0.0
92,66506,0.0
92,66507,0.0
92,66508,0.0
92,66509,0.0
92,66510,0.0
92,66511,0.0
92,66512,0.0
92,66513,0.0
92,66514,0.0
92,66515,0.0
92,66516,0.0
92,66517,0.0
92,66518,0.0
92,66519,0.0
92,66520,0.0
92,66521,0.0
92,66522,0.0
92,66523,0.0
92,66524,0.0
92,66525,0.0
92,66526,0.0
92,66527,0.0
92,66528,0.0
92,66529,0.0
92,66530,0.0
92,66531,0.0
92,66532,0.0
92,66533,0.0
92,66534,0.0
92,66535,0.0
92,66536,0.0
92,66537,0.0
92,66538,0.0
92,66539,0.0
92,66540,0.0
92,66541,0.0
92,66542,0.0
92,66543,0.0
92,66544,0.0
92,66545,0.0
92,66546,0.0
92,66547,0.0
92,66548,0.0
92,66601,0.0
92,66602,0.0
92,66603,0.0
92,66604,0.0
92,66605,0.0
92,66606,0.0
92,66607,0.0
92,66608,0.0
92,66609,0.0
92,66610,0.0
92,66611,0.0
92,66612,0.0
92,66613,0.0
92,66614,0.0
92,66615,0.0
92,66616,0.0
92,66617,0.0
92,66618,0.0
92,66619,0.0
92,66620,0.0
92,66621,0.0
92,66622,0.0
92,66623,0.0
92,66624,0.0
92,66625,0.0
92,66626,0.0
92,66627,0.0
92,66628,0.0
92,66629,0.0
92,66630,0.0
92,66631,0.0
92,66632,0.0
92,66633,0.0
92,66634,0.0
92,66635,0.0
92,66636,0.0
92,66637,0.0
92,66638,0.0
92,66639,0.0
92,66640,0.0
92,66641,0.0
92,66642,0.0
92,66643,0.0
92,66644,0.0
92,66645,0.0
92,66646,0.0
92,66647,0.0
92,66648,0.0
92,66701,0.0
92,66702,0.0
92,66703,0.0
92,66704,0.0
92,66705,0.0
92,66706,0.0
92,66707,0.0
92,66708,0.0
92,66709,0.0
92,66710,0.0
92,66711,0.0
92,66712,0.0
92,66713,0.0
92,66714,0.0
92,66715,0.0
92,66716,0.0
92,66717,0.0
92,66718,0.0
92,66719,0.0
92,66720,0.0
92,66721,0.0
92,66722,0.0
92,66723,0.0
92,66724,0.0
92,66725,0.0
92,66726,0.0
92,66727,0.0
92,66728,0.0
92,66729,0.0
92,66730,0.0
92,66731,0.0
92,66732,0.0
92,66733,0.0
92,66734,0.0
92,66735,0.0
92,66736,0.0
92,66737,0.0
92,66738,0.0
92,66739,0.0
92,66740,0.0
92,66741,0.0
92,66742,0.0
92,66743,0.0
92,66744,0.0
92,66745,0.0
92,66746,0.0
92,66747,0.0
92,66748,0.0
92,66801,0.0
92,66802,0.0
92,66803,0.0
92,66804,0.0
92,66805,0.0
92,66806,0.0
92,66807,0.0
92,66808,0.0
92,66809,0.0
92,66810,0.0
92,66811,0.0
92,66812,0.0
92,66813,0.0
92,66814,0.0
92,66815,0.0
92,66816,0.0
92,66817,0.0
92,66818,0.0
92,66819,0.0
92,66820,0.0
92,66821,0.0
92,66822,0.0
92,66823,0.0
92,66824,0.0
92,66825,0.0
92,66826,0.0
92,66827,0.0
92,66828,0.0
92,66829,0.0
92,66830,0.0
92,66831,0.0
92,66832,0.0
92,66833,0.0
92,66834,0.0
92,66835,0.0
92,66836,0.0
92,66837,0.0
92,66838,0.0
92,66839,0.0
92,66840,0.0
92,66841,0.0
92,66842,0.0
92,66843,0.0
92,66844,0.0
92,66845,0.0
92,66846,0.0
92,66847,0.0
92,66848,0.0
92,66901,0.0
92,66902,0.0
92,66903,0.0
92,66904,0.0
92,66905,0.0
92,66906,0.0
92,66907,0.0
92,66908,0.0
92,66909,0.0
92,66910,0.0
92,66911,0.0
92,66912,0.0
92,66913,0.0
92,66914,0.0
92,66915,0.0
92,66916,0.0
92,66917,0.0
92,66918,0.0
92,66919,0.0
92,66920,0.0
92,66921,0.0
92,66922,0.0
92,66923,0.0
92,66924,0.0
92,66925,0.0
92,66926,0.0
92,66927,0.0
92,66928,0.0
92,66929,0.0
92,66930,0.0
92,66931,0.0
92,66932,0.0
92,66933,0.0
92,66934,0.0
92,66935,0.0
92,66936,0.0
92,66937,0.0
92,66938,0.0
92,66939,0.0
92,66940,0.0
92,66941,0.0
92,66942,0.0
92,66943,0.0
92,66944,0.0
92,66945,0.0
92,66946,0.0
92,66947,0.0
92,66948,0.0
92,67001,0.0
92,67002,0.0
92,67003,0.0
92,67004,0.0
92,67005,0.0
92,67006,0.0
92,67007,0.0
92,67008,0.0
92,67009,0.0
92,67010,0.0
92,67011,0.0
92,67012,0.0
92,67013,0.0
92,67014,0.0
92,67015,0.0
92,67016,0.0
92,67017,0.0
92,67018,0.0
92,67019,0.0
92,67020,0.0
92,67021,0.0
92,67022,0.0
92,67023,0.0
92,67024,0.0
92,67025,0.0
92,67026,0.0
92,67027,0.0
92,67028,0.0
92,67029,0.0
92,67030,0.0
92,67031,0.0
92,67032,0.0
92,67033,0.0
92,67034,0.0
92,67035,0.0
92,67036,0.0
92,67037,0.0
92,67038,0.0
92,67039,0.0
92,67040,0.0
92,67041,0.0
92,67042,0.0
92,67043,0.0
92,67044,0.0
92,67045,0.0
92,67046,0.0
92,67047,0.0
92,67048,0.0
92,67101,0.0
92,67102,0.0
92,67103,0.0
92,67104,0.0
92,67105,0.0
92,67106,0.0
92,67107,0.0
92,67108,0.0
92,67109,0.0
92,67110,0.0
92,67111,0.0
92,67112,0.0
92,67113,0.0
92,67114,0.0
92,67115,0.0
92,67116,0.0
92,67117,0.0
92,67118,0.0
92,67119,0.0
92,67120,0.0
92,67121,0.0
92,67122,0.0
92,67123,0.0
92,67124,0.0
92,67125,0.0
92,67126,0.0
92,67127,0.0
92,67128,0.0
92,67129,0.0
92,67130,0.0
92,67131,0.0
92,67132,0.0
92,67133,0.0
92,67134,0.0
92,67135,0.0
92,67136,0.0
92,67137,0.0
92,67138,0.0
92,67139,0.0
92,67140,0.0
92,67141,0.0
92,67142,0.0
92,67143,0.0
92,67144,0.0
92,67145,0.0
92,67146,0.0
92,67147,0.0
92,67148,0.0
92,67201,0.0
92,67202,0.0
92,67203,0.0
92,67204,0.0
92,67205,0.0
92,67206,0.0
92,67207,0.0
92,67208,0.0
92,67209,0.0
92,67210,0.0
92,67211,0.0
92,67212,0.0
92,67213,0.0
92,67214,0.0
92,67215,0.0
92,67216,0.0
92,67217,0.0
92,67218,0.0
92,67219,0.0
92,67220,0.0
92,67221,0.0
92,67222,0.0
92,67223,0.0
92,67224,0.0
92,67225,0.0
92,67226,0.0
92,67227,0.0
92,67228,0.0
92,67229,0.0
92,67230,0.0
92,67231,0.0
92,67232,0.0
92,67233,0.0
92,67234,0.0
92,67235,0.0
92,67236,0.0
92,67237,0.0
92,67238,0.0
92,67239,0.0
92,67240,0.0
92,67241,0.0
92,67242,0.0
92,67243,0.0
92,67244,0.0
92,67245,0.0
92,67246,0.0
92,67247,0.0
92,67248,0.0
92,67301,0.0
92,67302,0.0
92,67303,0.0
92,67304,0.0
92,67305,0.0
92,67306,0.0
92,67307,0.0
92,67308,0.0
92,67309,0.0
92,67310,0.0
92,67311,0.0
92,67312,0.0
92,67313,0.0
92,67314,0.0
92,67315,0.0
92,67316,0.0
92,67317,0.0
92,67318,0.0
92,67319,0.0
92,67320,0.0
92,67321,0.0
92,67322,0.0
92,67323,0.0
92,67324,0.0
92,67325,0.0
92,67326,0.0
92,67327,0.0
92,67328,0.0
92,67329,0.0
92,67330,0.0
92,67331,0.0
92,67332,0.0
92,67333,0.0
92,67334,0.0
92,67335,0.0
92,67336,0.0
92,67337,0.0
92,67338,0.0
92,67339,0.0
92,67340,0.0
92,67341,0.0
92,67342,0.0
92,67343,0.0
92,67344,0.0
92,67345,0.0
92,67346,0.0
92,67347,0.0
92,67348,0.0
92,67401,0.0
92,67402,0.0
92,67403,0.0
92,67404,0.0
92,67405,0.0
92,67406,0.0
92,67407,0.0
92,67408,0.0
92,67409,0.0
92,67410,0.0
92,67411,0.0
92,67412,0.0
92,67413,0.0
92,67414,0.0
92,67415,0.0
92,67416,0.0
92,67417,0.0
92,67418,0.0
92,67419,0.0
92,67420,0.0
92,67421,0.0
92,67422,0.0
92,67423,0.0
92,67424,0.0
92,67425,0.0
92,67426,0.0
92,67427,0.0
92,67428,0.0
92,67429,0.0
92,67430,0.0
92,67431,0.0
92,67432,0.0
92,67433,0.0
92,67434,0.0
92,67435,0.0
92,67436,0.0
92,67437,0.0
92,67438,0.0
92,67439,0.0
92,67440,0.0
92,67441,0.0
92,67442,0.0
92,67443,0.0
92,67444,0.0
92,67445,0.0
92,67446,0.0
92,67447,0.0
92,67448,0.0
92,67501,0.0
92,67502,0.0
92,67503,0.0
92,67504,0.0
92,67505,0.0
92,67506,0.0
92,67507,0.0
92,67508,0.0
92,67509,0.0
92,67510,0.0
92,67511,0.0
92,67512,0.0
92,67513,0.0
92,67514,0.0
92,67515,0.0
92,67516,0.0
92,67517,0.0
92,67518,0.0
92,67519,0.0
92,67520,0.0
92,67521,0.0
92,67522,0.0
92,67523,0.0
92,67524,0.0
92,67525,0.0
92,67526,0.0
92,67527,0.0
92,67528,0.0
92,67529,0.0
92,67530,0.0
92,67531,0.0
92,67532,0.0
92,67533,0.0
92,67534,0.0
92,67535,0.0
92,67536,0.0
92,67537,0.0
92,67538,0.0
92,67539,0.0
92,67540,0.0
92,67541,0.0
92,67542,0.0
92,67543,0.0
92,67544,0.0
92,67545,0.0
92,67546,0.0
92,67547,0.0
92,67548,0.0
92,67601,0.0
92,67602,0.0
92,67603,0.0
92,67604,0.0
92,67605,0.0
92,67606,0.0
92,67607,0.0
92,67608,0.0
92,67609,0.0
92,67610,0.0
92,67611,0.0
92,67612,0.0
92,67613,0.0
92,67614,0.0
92,67615,0.0
92,67616,0.0
92,67617,0.0
92,67618,0.0
92,67619,0.0
92,67620,0.0
92,67621,0.0
92,67622,0.0
92,67623,0.0
92,67624,0.0
92,67625,0.0
92,67626,0.0
92,67627,0.0
92,67628,0.0
92,67629,0.0
92,67630,0.0
92,67631,0.0
92,67632,0.0
92,67633,0.0
92,67634,0.0
92,67635,0.0
92,67636,0.0
92,67637,0.0
92,67638,0.0
92,67639,0.0
92,67640,0.0
92,67641,0.0
92,67642,0.0
92,67643,0.0
92,67644,0.0
92,67645,0.0
92,67646,0.0
92,67647,0.0
92,67648,0.0
92,67701,0.0
92,67702,0.0
92,67703,0.0
92,67704,0.0
92,67705,0.0
92,67706,0.0
92,67707,0.0
92,67708,0.0
92,67709,0.0
92,67710,0.0
92,67711,0.0
92,67712,0.0
92,67713,0.0
92,67714,0.0
92,67715,0.0
92,67716,0.0
92,67717,0.0
92,67718,0.0
92,67719,0.0
92,67720,0.0
92,67721,0.0
92,67722,0.0
92,67723,0.0
92,67724,0.0
92,67725,0.0
92,67726,0.0
92,67727,0.0
92,67728,0.0
92,67729,0.0
92,67730,0.0
92,67731,0.0
92,67732,0.0
92,67733,0.0
92,67734,0.0
92,67735,0.0
92,67736,0.0
92,67737,0.0
92,67738,0.0
92,67739,0.0
92,67740,0.0
92,67741,0.0
92,67742,0.0
92,67743,0.0
92,67744,0.0
92,67745,0.0
92,67746,0.0
92,67747,0.0
92,67748,0.0
92,67801,0.0
92,67802,0.0
92,67803,0.0
92,67804,0.0
92,67805,0.0
92,67806,0.0
92,67807,0.0
92,67808,0.0
92,67809,0.0
92,67810,0.0
92,67811,0.0
92,67812,0.0
92,67813,0.0
92,67814,0.0
92,67815,0.0
92,67816,0.0
92,67817,0.0
92,67818,0.0
92,67819,0.0
92,67820,0.0
92,67821,0.0
92,67822,0.0
92,67823,0.0
92,67824,0.0
92,67825,0.0
92,67826,0.0
92,67827,0.0
92,67828,0.0
92,67829,0.0
92,67830,0.0
92,67831,0.0
92,67832,0.0
92,67833,0.0
92,67834,0.0
92,67835,0.0
92,67836,0.0
92,67837,0.0
92,67838,0.0
92,67839,0.0
92,67840,0.0
92,67841,0.0
92,67842,0.0
92,67843,0.0
92,67844,0.0
92,67845,0.0
92,67846,0.0
92,67847,0.0
92,67848,0.0
92,67901,0.0
92,67902,0.0
92,67903,0.0
92,67904,0.0
92,67905,0.0
92,67906,0.0
92,67907,0.0
92,67908,0.0
92,67909,0.0
92,67910,0.0
92,67911,0.0
92,67912,0.0
92,67913,0.0
92,67914,0.0
92,67915,0.0
92,67916,0.0
92,67917,0.0
92,67918,0.0
92,67919,0.0
92,67920,0.0
92,67921,0.0
92,67922,0.0
92,67923,0.0
92,67924,0.0
92,67925,0.0
92,67926,0.0
92,67927,0.0
92,67928,0.0
92,67929,0.0
92,67930,0.0
92,67931,0.0
92,67932,0.0
92,67933,0.0
92,67934,0.0
92,67935,0.0
92,67936,0.0
92,67937,0.0
92,67938,0.0
92,67939,0.0
92,67940,0.0
92,67941,0.0
92,67942,0.0
92,67943,0.0
92,67944,0.0
92,67945,0.0
92,67946,0.0
92,67947,0.0
92,67948,0.0
92,68001,0.0
92,68002,0.0
92,68003,0.0
92,68004,0.0
92,68005,0.0
92,68006,0.0
92,68007,0.0
92,68008,0.0
92,68009,0.0
92,68010,0.0
92,68011,0.0
92,68012,0.0
92,68013,0.0
92,68014,0.0
92,68015,0.0
92,68016,0.0
92,68017,0.0
92,68018,0.0
92,68019,0.0
92,68020,0.0
92,68021,0.0
92,68022,0.0
92,68023,0.0
92,68024,0.0
92,68025,0.0
92,68026,0.0
92,68027,0.0
92,68028,0.0
92,68029,0.0
92,68030,0.0
92,68031,0.0
92,68032,0.0
92,68033,0.0
92,68034,0.0
92,68035,0.0
92,68036,0.0
92,68037,0.0
92,68038,0.0
92,68039,0.0
92,68040,0.0
92,68041,0.0
92,68042,0.0
92,68043,0.0
92,68044,0.0
92,68045,0.0
92,68046,0.0
92,68047,0.0
92,68048,0.0
92,68101,0.0
92,68102,0.0
92,68103,0.0
92,68104,0.0
92,68105,0.0
92,68106,0.0
92,68107,0.0
92,68108,0.0
92,68109,0.0
92,68110,0.0
92,68111,0.0
92,68112,0.0
92,68113,0.0
92,68114,0.0
92,68115,0.0
92,68116,0.0
92,68117,0.0
92,68118,0.0
92,68119,0.0
92,68120,0.0
92,68121,0.0
92,68122,0.0
92,68123,0.0
92,68124,0.0
92,68125,0.0
92,68126,0.0
92,68127,0.0
92,68128,0.0
92,68129,0.0
92,68130,0.0
92,68131,0.0
92,68132,0.0
92,68133,0.0
92,68134,0.0
92,68135,0.0
92,68136,0.0
92,68137,0.0
92,68138,0.0
92,68139,0.0
92,68140,0.0
92,68141,0.0
92,68142,0.0
92,68143,0.0
92,68144,0.0
92,68145,0.0
92,68146,0.0
92,68147,0.0
92,68148,0.0
92,68201,0.0
92,68202,0.0
92,68203,0.0
92,68204,0.0
92,68205,0.0
92,68206,0.0
92,68207,0.0
92,68208,0.0
92,68209,0.0
92,68210,0.0
92,68211,0.0
92,68212,0.0
92,68213,0.0
92,68214,0.0
92,68215,0.0
92,68216,0.0
92,68217,0.0
92,68218,0.0
92,68219,0.0
92,68220,0.0
92,68221,0.0
92,68222,0.0
92,68223,0.0
92,68224,0.0
92,68225,0.0
92,68226,0.0
92,68227,0.0
92,68228,0.0
92,68229,0.0
92,68230,0.0
92,68231,0.0
92,68232,0.0
92,68233,0.0
92,68234,0.0
92,68235,0.0
92,68236,0.0
92,68237,0.0
92,68238,0.0
92,68239,0.0
92,68240,0.0
92,68241,0.0
92,68242,0.0
92,68243,0.0
92,68244,0.0
92,68245,0.0
92,68246,0.0
92,68247,0.0
92,68248,0.0
92,68301,0.0
92,68302,0.0
92,68303,0.0
92,68304,0.0
92,68305,0.0
92,68306,0.0
92,68307,0.0
92,68308,0.0
92,68309,0.0
92,68310,0.0
92,68311,0.0
92,68312,0.0
92,68313,0.0
92,68314,0.0
92,68315,0.0
92,68316,0.0
92,68317,0.0
92,68318,0.0
92,68319,0.0
92,68320,0.0
92,68321,0.0
92,68322,0.0
92,68323,0.0
92,68324,0.0
92,68325,0.0
92,68326,0.0
92,68327,0.0
92,68328,0.0
92,68329,0.0
92,68330,0.0
92,68331,0.0
92,68332,0.0
92,68333,0.0
92,68334,0.0
92,68335,0.0
92,68336,0.0
92,68337,0.0
92,68338,0.0
92,68339,0.0
92,68340,0.0
92,68341,0.0
92,68342,0.0
92,68343,0.0
92,68344,0.0
92,68345,0.0
92,68346,0.0
92,68347,0.0
92,68348,0.0
92,68401,0.0
92,68402,0.0
92,68403,0.0
92,68404,0.0
92,68405,0.0
92,68406,0.0
92,68407,0.0
92,68408,0.0
92,68409,0.0
92,68410,0.0
92,68411,0.0
92,68412,0.0
92,68413,0.0
92,68414,0.0
92,68415,0.0
92,68416,0.0
92,68417,0.0
92,68418,0.0
92,68419,0.0
92,68420,0.0
92,68421,0.0
92,68422,0.0
92,68423,0.0
92,68424,0.0
92,68425,0.0
92,68426,0.0
92,68427,0.0
92,68428,0.0
92,68429,0.0
92,68430,0.0
92,68431,0.0
92,68432,0.0
92,68433,0.0
92,68434,0.0
92,68435,0.0
92,68436,0.0
92,68437,0.0
92,68438,0.0
92,68439,0.0
92,68440,0.0
92,68441,0.0
92,68442,0.0
92,68443,0.0
92,68444,0.0
92,68445,0.0
92,68446,0.0
92,68447,0.0
92,68448,0.0
92,68501,0.0
92,68502,0.0
92,68503,0.0
92,68504,0.0
92,68505,0.0
92,68506,0.0
92,68507,0.0
92,68508,0.0
92,68509,0.0
92,68510,0.0
92,68511,0.0
92,68512,0.0
92,68513,0.0
92,68514,0.0
92,68515,0.0
92,68516,0.0
92,68517,0.0
92,68518,0.0
92,68519,0.0
92,68520,0.0
92,68521,0.0
92,68522,0.0
92,68523,0.0
92,68524,0.0
92,68525,0.0
92,68526,0.0
92,68527,0.0
92,68528,0.0
92,68529,0.0
92,68530,0.0
92,68531,0.0
92,68532,0.0
92,68533,0.0
92,68534,0.0
92,68535,0.0
92,68536,0.0
92,68537,0.0
92,68538,0.0
92,68539,0.0
92,68540,0.0
92,68541,0.0
92,68542,0.0
92,68543,0.0
92,68544,0.0
92,68545,0.0
92,68546,0.0
92,68547,0.0
92,68548,0.0
92,68601,0.0
92,68602,0.0
92,68603,0.0
92,68604,0.0
92,68605,0.0
92,68606,0.0
92,68607,0.0
92,68608,0.0
92,68609,0.0
92,68610,0.0
92,68611,0.0
92,68612,0.0
92,68613,0.0
92,68614,0.0
92,68615,0.0
92,68616,0.0
92,68617,0.0
92,68618,0.0
92,68619,0.0
92,68620,0.0
92,68621,0.0
92,68622,0.0
92,68623,0.0
92,68624,0.0
92,68625,0.0
92,68626,0.0
92,68627,0.0
92,68628,0.0
92,68629,0.0
92,68630,0.0
92,68631,0.0
92,68632,0.0
92,68633,0.0
92,68634,0.0
92,68635,0.0
92,68636,0.0
92,68637,0.0
92,68638,0.0
92,68639,0.0
92,68640,0.0
92,68641,0.0
92,68642,0.0
92,68643,0.0
92,68644,0.0
92,68645,0.0
92,68646,0.0
92,68647,0.0
92,68648,0.0
92,68701,0.0
92,68702,0.0
92,68703,0.0
92,68704,0.0
92,68705,0.0
92,68706,0.0
92,68707,0.0
92,68708,0.0
92,68709,0.0
92,68710,0.0
92,68711,0.0
92,68712,0.0
92,68713,0.0
92,68714,0.0
92,68715,0.0
92,68716,0.0
92,68717,0.0
92,68718,0.0
92,68719,0.0
92,68720,0.0
92,68721,0.0
92,68722,0.0
92,68723,0.0
92,68724,0.0
92,68725,0.0
92,68726,0.0
92,68727,0.0
92,68728,0.0
92,68729,0.0
92,68730,0.0
92,68731,0.0
92,68732,0.0
92,68733,0.0
92,68734,0.0
92,68735,0.0
92,68736,0.0
92,68737,0.0
92,68738,0.0
92,68739,0.0
92,68740,0.0
92,68741,0.0
92,68742,0.0
92,68743,0.0
92,68744,0.0
92,68745,0.0
92,68746,0.0
92,68747,0.0
92,68748,0.0
92,68801,0.0
92,68802,0.0
92,68803,0.0
92,68804,0.0
92,68805,0.0
92,68806,0.0
92,68807,0.0
92,68808,0.0
92,68809,0.0
92,68810,0.0
92,68811,0.0
92,68812,0.0
92,68813,0.0
92,68814,0.0
92,68815,0.0
92,68816,0.0
92,68817,0.0
92,68818,0.0
92,68819,0.0
92,68820,0.0
92,68821,0.0
92,68822,0.0
92,68823,0.0
92,68824,0.0
92,68825,0.0
92,68826,0.0
92,68827,0.0
92,68828,0.0
92,68829,0.0
92,68830,0.0
92,68831,0.0
92,68832,0.0
92,68833,0.0
92,68834,0.0
92,68835,0.0
92,68836,0.0
92,68837,0.0
92,68838,0.0
92,68839,0.0
92,68840,0.0
92,68841,0.0
92,68842,0.0
92,68843,0.0
92,68844,0.0
92,68845,0.0
92,68846,0.0
92,68847,0.0
92,68848,0.0
92,68901,0.0
92,68902,0.0
92,68903,0.0
92,68904,0.0
92,68905,0.0
92,68906,0.0
92,68907,0.0
92,68908,0.0
92,68909,0.0
92,68910,0.0
92,68911,0.0
92,68912,0.0
92,68913,0.0
92,68914,0.0
92,68915,0.0
92,68916,0.0
92,68917,0.0
92,68918,0.0
92,68919,0.0
92,68920,0.0
92,68921,0.0
92,68922,0.0
92,68923,0.0
92,68924,0.0
92,68925,0.0
92,68926,0.0
92,68927,0.0
92,68928,0.0
92,68929,0.0
92,68930,0.0
92,68931,0.0
92,68932,0.0
92,68933,0.0
92,68934,0.0
92,68935,0.0
92,68936,0.0
92,68937,0.0
92,68938,0.0
92,68939,0.0
92,68940,0.0
92,68941,0.0
92,68942,0.0
92,68943,0.0
92,68944,0.0
92,68945,0.0
92,68946,0.0
92,68947,0.0
92,68948,0.0
92,69001,0.0
92,69002,0.0
92,69003,0.0
92,69004,0.0
92,69005,0.0
92,69006,0.0
92,69007,0.0
92,69008,0.0
92,69009,0.0
92,69010,0.0
92,69011,0.0
92,69012,0.0
92,69013,0.0
92,69014,0.0
92,69015,0.0
92,69016,0.0
92,69017,0.0
92,69018,0.0
92,69019,0.0
92,69020,0.0
92,69021,0.0
92,69022,0.0
92,69023,0.0
92,69024,0.0
92,69025,0.0
92,69026,0.0
92,69027,0.0
92,69028,0.0
92,69029,0.0
92,69030,0.0
92,69031,0.0
92,69032,0.0
92,69033,0.0
92,69034,0.0
92,69035,0.0
92,69036,0.0
92,69037,0.0
92,69038,0.0
92,69039,0.0
92,69040,0.0
92,69041,0.0
92,69042,0.0
92,69043,0.0
92,69044,0.0
92,69045,0.0
92,69046,0.0
92,69047,0.0
92,69048,0.0
92,69101,0.0
92,69102,0.0
92,69103,0.0
92,69104,0.0
92,69105,0.0
92,69106,0.0
92,69107,0.0
92,69108,0.0
92,69109,0.0
92,69110,0.0
92,69111,0.0
92,69112,0.0
92,69113,0.0
92,69114,0.0
92,69115,0.0
92,69116,0.0
92,69117,0.0
92,69118,0.0
92,69119,0.0
92,69120,0.0
92,69121,0.0
92,69122,0.0
92,69123,0.0
92,69124,0.0
92,69125,0.0
92,69126,0.0
92,69127,0.0
92,69128,0.0
92,69129,0.0
92,69130,0.0
92,69131,0.0
92,69132,0.0
92,69133,0.0
92,69134,0.0
92,69135,0.0
92,69136,0.0
92,69137,0.0
92,69138,0.0
92,69139,0.0
92,69140,0.0
92,69141,0.0
92,69142,0.0
92,69143,0.0
92,69144,0.0
92,69145,0.0
92,69146,0.0
92,69147,0.0
92,69148,0.0
92,69201,0.0
92,69202,0.0
92,69203,0.0
92,69204,0.0
92,69205,0.0
92,69206,0.0
92,69207,0.0
92,69208,0.0
92,69209,0.0
92,69210,0.0
92,69211,0.0
92,69212,0.0
92,69213,0.0
92,69214,0.0
92,69215,0.0
92,69216,0.0
92,69217,0.0
92,69218,0.0
92,69219,0.0
92,69220,0.0
92,69221,0.0
92,69222,0.0
92,69223,0.0
92,69224,0.0
92,69225,0.0
92,69226,0.0
92,69227,0.0
92,69228,0.0
92,69229,0.0
92,69230,0.0
92,69231,0.0
92,69232,0.0
92,69233,0.0
92,69234,0.0
92,69235,0.0
92,69236,0.0
92,69237,0.0
92,69238,0.0
92,69239,0.0
92,69240,0.0
92,69241,0.0
92,69242,0.0
92,69243,0.0
92,69244,0.0
92,69245,0.0
92,69246,0.0
92,69247,0.0
92,69248,0.0
92,69301,0.0
92,69302,0.0
92,69303,0.0
92,69304,0.0
92,69305,0.0
92,69306,0.0
92,69307,0.0
92,69308,0.0
92,69309,0.0
92,69310,0.0
92,69311,0.0
92,69312,0.0
92,69313,0.0
92,69314,0.0
92,69315,0.0
92,69316,0.0
92,69317,0.0
92,69318,0.0
92,69319,0.0
92,69320,0.0
92,69321,0.0
92,69322,0.0
92,69323,0.0
92,69324,0.0
92,69325,0.0
92,69326,0.0
92,69327,0.0
92,69328,0.0
92,69329,0.0
92,69330,0.0
92,69331,0.0
92,69332,0.0
92,69333,0.0
92,69334,0.0
92,69335,0.0
92,69336,0.0
92,69337,0.0
92,69338,0.0
92,69339,0.0
92,69340,0.0
92,69341,0.0
92,69342,0.0
92,69343,0.0
92,69344,0.0
92,69345,0.0
92,69346,0.0
92,69347,0.0
92,69348,0.0
92,69401,0.0
92,69402,0.0
92,69403,0.0
92,69404,0.0
92,69405,0.0
92,69406,0.0
92,69407,0.0
92,69408,0.0
92,69409,0.0
92,69410,0.0
92,69411,0.0
92,69412,0.0
92,69413,0.0
92,69414,0.0
92,69415,0.0
92,69416,0.0
92,69417,0.0
92,69418,0.0
92,69419,0.0
92,69420,0.0
92,69421,0.0
92,69422,0.0
92,69423,0.0
92,69424,0.0
92,69425,0.0
92,69426,0.0
92,69427,0.0
92,69428,0.0
92,69429,0.0
92,69430,0.0
92,69431,0.0
92,69432,0.0
92,69433,0.0
92,69434,0.0
92,69435,0.0
92,69436,0.0
92,69437,0.0
92,69438,0.0
92,69439,0.0
92,69440,0.0
92,69441,0.0
92,69442,0.0
92,69443,0.0
92,69444,0.0
92,69445,0.0
92,69446,0.0
92,69447,0.0
92,69448,0.0
92,69501,0.0
92,69502,0.0
92,69503,0.0
92,69504,0.0
92,69505,0.0
92,69506,0.0
92,69507,0.0
92,69508,0.0
92,69509,0.0
92,69510,0.0
92,69511,0.0
92,69512,0.0
92,69513,0.0
92,69514,0.0
92,69515,0.0
92,69516,0.0
92,69517,0.0
92,69518,0.0
92,69519,0.0
92,69520,0.0
92,69521,0.0
92,69522,0.0
92,69523,0.0
92,69524,0.0
92,69525,0.0
92,69526,0.0
92,69527,0.0
92,69528,0.0
92,69529,0.0
92,69530,0.0
92,69531,0.0
92,69532,0.0
92,69533,0.0
92,69534,0.0
92,69535,0.0
92,69536,0.0
92,69537,0.0
92,69538,0.0
92,69539,0.0
92,69540,0.0
92,69541,0.0
92,69542,0.0
92,69543,0.0
92,69544,0.0
92,69545,0.0
92,69546,0.0
92,69547,0.0
92,69548,0.0
92,69601,0.0
92,69602,0.0
92,69603,0.0
92,69604,0.0
92,69605,0.0
92,69606,0.0
92,69607,0.0
92,69608,0.0
92,69609,0.0
92,69610,0.0
92,69611,0.0
92,69612,0.0
92,69613,0.0
92,69614,0.0
92,69615,0.0
92,69616,0.0
92,69617,0.0
92,69618,0.0
92,69619,0.0
92,69620,0.0
92,69621,0.0
92,69622,0.0
92,69623,0.0
92,69624,0.0
92,69625,0.0
92,69626,0.0
92,69627,0.0
92,69628,0.0
92,69629,0.0
92,69630,0.0
92,69631,0.0
92,69632,0.0
92,69633,0.0
92,69634,0.0
92,69635,0.0
92,69636,0.0
92,69637,0.0
92,69638,0.0
92,69639,0.0
92,69640,0.0
92,69641,0.0
92,69642,0.0
92,69643,0.0
92,69644,0.0
92,69645,0.0
92,69646,0.0
92,69647,0.0
92,69648,0.0
92,69701,0.0
92,69702,0.0
92,69703,0.0
92,69704,0.0
92,69705,0.0
92,69706,0.0
92,69707,0.0
92,69708,0.0
92,69709,0.0
92,69710,0.0
92,69711,0.0
92,69712,0.0
92,69713,0.0
92,69714,0.0
92,69715,0.0
92,69716,0.0
92,69717,0.0
92,69718,0.0
92,69719,0.0
92,69720,0.0
92,69721,0.0
92,69722,0.0
92,69723,0.0
92,69724,0.0
92,69725,0.0
92,69726,0.0
92,69727,0.0
92,69728,0.0
92,69729,0.0
92,69730,0.0
92,69731,0.0
92,69732,0.0
92,69733,0.0
92,69734,0.0
92,69735,0.0
92,69736,0.0
92,69737,0.0
92,69738,0.0
92,69739,0.0
92,69740,0.0
92,69741,0.0
92,69742,0.0
92,69743,0.0
92,69744,0.0
92,69745,0.0
92,69746,0.0
92,69747,0.0
92,69748,0.0
92,69801,0.0
92,69802,0.0
92,69803,0.0
92,69804,0.0
92,69805,0.0
92,69806,0.0
92,69807,0.0
92,69808,0.0
92,69809,0.0
92,69810,0.0
92,69811,0.0
92,69812,0.0
92,69813,0.0
92,69814,0.0
92,69815,0.0
92,69816,0.0
92,69817,0.0
92,69818,0.0
92,69819,0.0
92,69820,0.0
92,69821,0.0
92,69822,0.0
92,69823,0.0
92,69824,0.0
92,69825,0.0
92,69826,0.0
92,69827,0.0
92,69828,0.0
92,69829,0.0
92,69830,0.0
92,69831,0.0
92,69832,0.0
92,69833,0.0
92,69834,0.0
92,69835,0.0
92,69836,0.0
92,69837,0.0
92,69838,0.0
92,69839,0.0
92,69840,0.0
92,69841,0.0
92,69842,0.0
92,69843,0.0
92,69844,0.0
92,69845,0.0
92,69846,0.0
92,69847,0.0
92,69848,0.0
92,69901,0.0
92,69902,0.0
92,69903,0.0
92,69904,0.0
92,69905,0.0
92,69906,0.0
92,69907,0.0
92,69908,0.0
92,69909,0.0
92,69910,0.0
92,69911,0.0
92,69912,0.0
92,69913,0.0
92,69914,0.0
92,69915,0.0
92,69916,0.0
92,69917,0.0
92,69918,0.0
92,69919,0.0
92,69920,0.0
92,69921,0.0
92,69922,0.0
92,69923,0.0
92,69924,0.0
92,69925,0.0
92,69926,0.0
92,69927,0.0
92,69928,0.0
92,69929,0.0
92,69930,0.0
92,69931,0.0
92,69932,0.0
92,69933,0.0
92,69934,0.0
92,69935,0.0
92,69936,0.0
92,69937,0.0
92,69938,0.0
92,69939,0.0
92,69940,0.0
92,69941,0.0
92,69942,0.0
92,69943,0.0
92,69944,0.0
92,69945,0.0
92,69946,0.0
92,69947,0.0
92,69948,0.0
92,70001,0.0
92,70002,0.0
92,70003,0.0
92,70004,0.0
92,70005,0.0
92,70006,0.0
92,70007,0.0
92,70008,0.0
92,70009,0.0
92,70010,0.0
92,70011,0.0
92,70012,0.0
92,70013,0.0
92,70014,0.0
92,70015,0.0
92,70016,0.0
92,70017,0.0
92,70018,0.0
92,70019,0.0
92,70020,0.0
92,70021,0.0
92,70022,0.0
92,70023,0.0
92,70024,0.0
92,70025,0.0
92,70026,0.0
92,70027,0.0
92,70028,0.0
92,70029,0.0
92,70030,0.0
92,70031,0.0
92,70032,0.0
92,70033,0.0
92,70034,0.0
92,70035,0.0
92,70036,0.0
92,70037,0.0
92,70038,0.0
92,70039,0.0
92,70040,0.0
92,70041,0.0
92,70042,0.0
92,70043,0.0
92,70044,0.0
92,70045,0.0
92,70046,0.0
92,70047,0.0
92,70048,0.0
92,70101,0.0
92,70102,0.0
92,70103,0.0
92,70104,0.0
92,70105,0.0
92,70106,0.0
92,70107,0.0
92,70108,0.0
92,70109,0.0
92,70110,0.0
92,70111,0.0
92,70112,0.0
92,70113,0.0
92,70114,0.0
92,70115,0.0
92,70116,0.0
92,70117,0.0
92,70118,0.0
92,70119,0.0
92,70120,0.0
92,70121,0.0
92,70122,0.0
92,70123,0.0
92,70124,0.0
92,70125,0.0
92,70126,0.0
92,70127,0.0
92,70128,0.0
92,70129,0.0
92,70130,0.0
92,70131,0.0
92,70132,0.0
92,70133,0.0
92,70134,0.0
92,70135,0.0
92,70136,0.0
92,70137,0.0
92,70138,0.0
92,70139,0.0
92,70140,0.0
92,70141,0.0
92,70142,0.0
92,70143,0.0
92,70144,0.0
92,70145,0.0
92,70146,0.0
92,70147,0.0
92,70148,0.0
92,70201,0.0
92,70202,0.0
92,70203,0.0
92,70204,0.0
92,70205,0.0
92,70206,0.0
92,70207,0.0
92,70208,0.0
92,70209,0.0
92,70210,0.0
92,70211,0.0
92,70212,0.0
92,70213,0.0
92,70214,0.0
92,70215,0.0
92,70216,0.0
92,70217,0.0
92,70218,0.0
92,70219,0.0
92,70220,0.0
92,70221,0.0
92,70222,0.0
92,70223,0.0
92,70224,0.0
92,70225,0.0
92,70226,0.0
92,70227,0.0
92,70228,0.0
92,70229,0.0
92,70230,0.0
92,70231,0.0
92,70232,0.0
92,70233,0.0
92,70234,0.0
92,70235,0.0
92,70236,0.0
92,70237,0.0
92,70238,0.0
92,70239,0.0
92,70240,0.0
92,70241,0.0
92,70242,0.0
92,70243,0.0
92,70244,0.0
92,70245,0.0
92,70246,0.0
92,70247,0.0
92,70248,0.0
92,70301,0.0
92,70302,0.0
92,70303,0.0
92,70304,0.0
92,70305,0.0
92,70306,0.0
92,70307,0.0
92,70308,0.0
92,70309,0.0
92,70310,0.0
92,70311,0.0
92,70312,0.0
92,70313,0.0
92,70314,0.0
92,70315,0.0
92,70316,0.0
92,70317,0.0
92,70318,0.0
92,70319,0.0
92,70320,0.0
92,70321,0.0
92,70322,0.0
92,70323,0.0
92,70324,0.0
92,70325,0.0
92,70326,0.0
92,70327,0.0
92,70328,0.0
92,70329,0.0
92,70330,0.0
92,70331,0.0
92,70332,0.0
92,70333,0.0
92,70334,0.0
92,70335,0.0
92,70336,0.0
92,70337,0.0
92,70338,0.0
92,70339,0.0
92,70340,0.0
92,70341,0.0
92,70342,0.0
92,70343,0.0
92,70344,0.0
92,70345,0.0
92,70346,0.0
92,70347,0.0
92,70348,0.0
92,70401,0.0
92,70402,0.0
92,70403,0.0
92,70404,0.0
92,70405,0.0
92,70406,0.0
92,70407,0.0
92,70408,0.0
92,70409,0.0
92,70410,0.0
92,70411,0.0
92,70412,0.0
92,70413,0.0
92,70414,0.0
92,70415,0.0
92,70416,0.0
92,70417,0.0
92,70418,0.0
92,70419,0.0
92,70420,0.0
92,70421,0.0
92,70422,0.0
92,70423,0.0
92,70424,0.0
92,70425,0.0
92,70426,0.0
92,70427,0.0
92,70428,0.0
92,70429,0.0
92,70430,0.0
92,70431,0.0
92,70432,0.0
92,70433,0.0
92,70434,0.0
92,70435,0.0
92,70436,0.0
92,70437,0.0
92,70438,0.0
92,70439,0.0
92,70440,0.0
92,70441,0.0
92,70442,0.0
92,70443,0.0
92,70444,0.0
92,70445,0.0
92,70446,0.0
92,70447,0.0
92,70448,0.0
92,70501,0.0
92,70502,0.0
92,70503,0.0
92,70504,0.0
92,70505,0.0
92,70506,0.0
92,70507,0.0
92,70508,0.0
92,70509,0.0
92,70510,0.0
92,70511,0.0
92,70512,0.0
92,70513,0.0
92,70514,0.0
92,70515,0.0
92,70516,0.0
92,70517,0.0
92,70518,0.0
92,70519,0.0
92,70520,0.0
92,70521,0.0
92,70522,0.0
92,70523,0.0
92,70524,0.0
92,70525,0.0
92,70526,0.0
92,70527,0.0
92,70528,0.0
92,70529,0.0
92,70530,0.0
92,70531,0.0
92,70532,0.0
92,70533,0.0
92,70534,0.0
92,70535,0.0
92,70536,0.0
92,70537,0.0
92,70538,0.0
92,70539,0.0
92,70540,0.0
92,70541,0.0
92,70542,0.0
92,70543,0.0
92,70544,0.0
92,70545,0.0
92,70546,0.0
92,70547,0.0
92,70548,0.0
92,70601,0.0
92,70602,0.0
92,70603,0.0
92,70604,0.0
92,70605,0.0
92,70606,0.0
92,70607,0.0
92,70608,0.0
92,70609,0.0
92,70610,0.0
92,70611,0.0
92,70612,0.0
92,70613,0.0
92,70614,0.0
92,70615,0.0
92,70616,0.0
92,70617,0.0
92,70618,0.0
92,70619,0.0
92,70620,0.0
92,70621,0.0
92,70622,0.0
92,70623,0.0
92,70624,0.0
92,70625,0.0
92,70626,0.0
92,70627,0.0
92,70628,0.0
92,70629,0.0
92,70630,0.0
92,70631,0.0
92,70632,0.0
92,70633,0.0
92,70634,0.0
92,70635,0.0
92,70636,0.0
92,70637,0.0
92,70638,0.0
92,70639,0.0
92,70640,0.0
92,70641,0.0
92,70642,0.0
92,70643,0.0
92,70644,0.0
92,70645,0.0
92,70646,0.0
92,70647,0.0
92,70648,0.0
92,70701,0.0
92,70702,0.0
92,70703,0.0
92,70704,0.0
92,70705,0.0
92,70706,0.0
92,70707,0.0
92,70708,0.0
92,70709,0.0
92,70710,0.0
92,70711,0.0
92,70712,0.0
92,70713,0.0
92,70714,0.0
92,70715,0.0
92,70716,0.0
92,70717,0.0
92,70718,0.0
92,70719,0.0
92,70720,0.0
92,70721,0.0
92,70722,0.0
92,70723,0.0
92,70724,0.0
92,70725,0.0
92,70726,0.0
92,70727,0.0
92,70728,0.0
92,70729,0.0
92,70730,0.0
92,70731,0.0
92,70732,0.0
92,70733,0.0
92,70734,0.0
92,70735,0.0
92,70736,0.0
92,70737,0.0
92,70738,0.0
92,70739,0.0
92,70740,0.0
92,70741,0.0
92,70742,0.0
92,70743,0.0
92,70744,0.0
92,70745,0.0
92,70746,0.0
92,70747,0.0
92,70748,0.0
92,70801,0.0
92,70802,0.0
92,70803,0.0
92,70804,0.0
92,70805,0.0
92,70806,0.0
92,70807,0.0
92,70808,0.0
92,70809,0.0
92,70810,0.0
92,70811,0.0
92,70812,0.0
92,70813,0.0
92,70814,0.0
92,70815,0.0
92,70816,0.0
92,70817,0.0
92,70818,0.0
92,70819,0.0
92,70820,0.0
92,70821,0.0
92,70822,0.0
92,70823,0.0
92,70824,0.0
92,70825,0.0
92,70826,0.0
92,70827,0.0
92,70828,0.0
92,70829,0.0
92,70830,0.0
92,70831,0.0
92,70832,0.0
92,70833,0.0
92,70834,0.0
92,70835,0.0
92,70836,0.0
92,70837,0.0
92,70838,0.0
92,70839,0.0
92,70840,0.0
92,70841,0.0
92,70842,0.0
92,70843,0.0
92,70844,0.0
92,70845,0.0
92,70846,0.0
92,70847,0.0
92,70848,0.0
92,70901,0.0
92,70902,0.0
92,70903,0.0
92,70904,0.0
92,70905,0.0
92,70906,0.0
92,70907,0.0
92,70908,0.0
92,70909,0.0
92,70910,0.0
92,70911,0.0
92,70912,0.0
92,70913,0.0
92,70914,0.0
92,70915,0.0
92,70916,0.0
92,70917,0.0
92,70918,0.0
92,70919,0.0
92,70920,0.0
92,70921,0.0
92,70922,0.0
92,70923,0.0
92,70924,0.0
92,70925,0.0
92,70926,0.0
92,70927,0.0
92,70928,0.0
92,70929,0.0
92,70930,0.0
92,70931,0.0
92,70932,0.0
92,70933,0.0
92,70934,0.0
92,70935,0.0
92,70936,0.0
92,70937,0.0
92,70938,0.0
92,70939,0.0
92,70940,0.0
92,70941,0.0
92,70942,0.0
92,70943,0.0
92,70944,0.0
92,70945,0.0
92,70946,0.0
92,70947,0.0
92,70948,0.0
92,71001,0.0
92,71002,0.0
92,71003,0.0
92,71004,0.0
92,71005,0.0
92,71006,0.0
92,71007,0.0
92,71008,0.0
92,71009,0.0
92,71010,0.0
92,71011,0.0
92,71012,0.0
92,71013,0.0
92,71014,0.0
92,71015,0.0
92,71016,0.0
92,71017,0.0
92,71018,0.0
92,71019,0.0
92,71020,0.0
92,71021,0.0
92,71022,0.0
92,71023,0.0
92,71024,0.0
92,71025,0.0
92,71026,0.0
92,71027,0.0
92,71028,0.0
92,71029,0.0
92,71030,0.0
92,71031,0.0
92,71032,0.0
92,71033,0.0
92,71034,0.0
92,71035,0.0
92,71036,0.0
92,71037,0.0
92,71038,0.0
92,71039,0.0
92,71040,0.0
92,71041,0.0
92,71042,0.0
92,71043,0.0
92,71044,0.0
92,71045,0.0
92,71046,0.0
92,71047,0.0
92,71048,0.0
92,71101,0.0
92,71102,0.0
92,71103,0.0
92,71104,0.0
92,71105,0.0
92,71106,0.0
92,71107,0.0
92,71108,0.0
92,71109,0.0
92,71110,0.0
92,71111,0.0
92,71112,0.0
92,71113,0.0
92,71114,0.0
92,71115,0.0
92,71116,0.0
92,71117,0.0
92,71118,0.0
92,71119,0.0
92,71120,0.0
92,71121,0.0
92,71122,0.0
92,71123,0.0
92,71124,0.0
92,71125,0.0
92,71126,0.0
92,71127,0.0
92,71128,0.0
92,71129,0.0
92,71130,0.0
92,71131,0.0
92,71132,0.0
92,71133,0.0
92,71134,0.0
92,71135,0.0
92,71136,0.0
92,71137,0.0
92,71138,0.0
92,71139,0.0
92,71140,0.0
92,71141,0.0
92,71142,0.0
92,71143,0.0
92,71144,0.0
92,71145,0.0
92,71146,0.0
92,71147,0.0
92,71148,0.0
92,71201,0.0
92,71202,0.0
92,71203,0.0
92,71204,0.0
92,71205,0.0
92,71206,0.0
92,71207,0.0
92,71208,0.0
92,71209,0.0
92,71210,0.0
92,71211,0.0
92,71212,0.0
92,71213,0.0
92,71214,0.0
92,71215,0.0
92,71216,0.0
92,71217,0.0
92,71218,0.0
92,71219,0.0
92,71220,0.0
92,71221,0.0
92,71222,0.0
92,71223,0.0
92,71224,0.0
92,71225,0.0
92,71226,0.0
92,71227,0.0
92,71228,0.0
92,71229,0.0
92,71230,0.0
92,71231,0.0
92,71232,0.0
92,71233,0.0
92,71234,0.0
92,71235,0.0
92,71236,0.0
92,71237,0.0
92,71238,0.0
92,71239,0.0
92,71240,0.0
92,71241,0.0
92,71242,0.0
92,71243,0.0
92,71244,0.0
92,71245,0.0
92,71246,0.0
92,71247,0.0
92,71248,0.0
92,71301,0.0
92,71302,0.0
92,71303,0.0
92,71304,0.0
92,71305,0.0
92,71306,0.0
92,71307,0.0
92,71308,0.0
92,71309,0.0
92,71310,0.0
92,71311,0.0
92,71312,0.0
92,71313,0.0
92,71314,0.0
92,71315,0.0
92,71316,0.0
92,71317,0.0
92,71318,0.0
92,71319,0.0
92,71320,0.0
92,71321,0.0
92,71322,0.0
92,71323,0.0
92,71324,0.0
92,71325,0.0
92,71326,0.0
92,71327,0.0
92,71328,0.0
92,71329,0.0
92,71330,0.0
92,71331,0.0
92,71332,0.0
92,71333,0.0
92,71334,0.0
92,71335,0.0
92,71336,0.0
92,71337,0.0
92,71338,0.0
92,71339,0.0
92,71340,0.0
92,71341,0.0
92,71342,0.0
92,71343,0.0
92,71344,0.0
92,71345,0.0
92,71346,0.0
92,71347,0.0
92,71348,0.0
92,71401,0.0
92,71402,0.0
92,71403,0.0
92,71404,0.0
92,71405,0.0
92,71406,0.0
92,71407,0.0
92,71408,0.0
92,71409,0.0
92,71410,0.0
92,71411,0.0
92,71412,0.0
92,71413,0.0
92,71414,0.0
92,71415,0.0
92,71416,0.0
92,71417,0.0
92,71418,0.0
92,71419,0.0
92,71420,0.0
92,71421,0.0
92,71422,0.0
92,71423,0.0
92,71424,0.0
92,71425,0.0
92,71426,0.0
92,71427,0.0
92,71428,0.0
92,71429,0.0
92,71430,0.0
92,71431,0.0
92,71432,0.0
92,71433,0.0
92,71434,0.0
92,71435,0.0
92,71436,0.0
92,71437,0.0
92,71438,0.0
92,71439,0.0
92,71440,0.0
92,71441,0.0
92,71442,0.0
92,71443,0.0
92,71444,0.0
92,71445,0.0
92,71446,0.0
92,71447,0.0
92,71448,0.0
92,71501,0.0
92,71502,0.0
92,71503,0.0
92,71504,0.0
92,71505,0.0
92,71506,0.0
92,71507,0.0
92,71508,0.0
92,71509,0.0
92,71510,0.0
92,71511,0.0
92,71512,0.0
92,71513,0.0
92,71514,0.0
92,71515,0.0
92,71516,0.0
92,71517,0.0
92,71518,0.0
92,71519,0.0
92,71520,0.0
92,71521,0.0
92,71522,0.0
92,71523,0.0
92,71524,0.0
92,71525,0.0
92,71526,0.0
92,71527,0.0
92,71528,0.0
92,71529,0.0
92,71530,0.0
92,71531,0.0
92,71532,0.0
92,71533,0.0
92,71534,0.0
92,71535,0.0
92,71536,0.0
92,71537,0.0
92,71538,0.0
92,71539,0.0
92,71540,0.0
92,71541,0.0
92,71542,0.0
92,71543,0.0
92,71544,0.0
92,71545,0.0
92,71546,0.0
92,71547,0.0
92,71548,0.0
92,71601,0.0
92,71602,0.0
92,71603,0.0
92,71604,0.0
92,71605,0.0
92,71606,0.0
92,71607,0.0
92,71608,0.0
92,71609,0.0
92,71610,0.0
92,71611,0.0
92,71612,0.0
92,71613,0.0
92,71614,0.0
92,71615,0.0
92,71616,0.0
92,71617,0.0
92,71618,0.0
92,71619,0.0
92,71620,0.0
92,71621,0.0
92,71622,0.0
92,71623,0.0
92,71624,0.0
92,71625,0.0
92,71626,0.0
92,71627,0.0
92,71628,0.0
92,71629,0.0
92,71630,0.0
92,71631,0.0
92,71632,0.0
92,71633,0.0
92,71634,0.0
92,71635,0.0
92,71636,0.0
92,71637,0.0
92,71638,0.0
92,71639,0.0
92,71640,0.0
92,71641,0.0
92,71642,0.0
92,71643,0.0
92,71644,0.0
92,71645,0.0
92,71646,0.0
92,71647,0.0
92,71648,0.0
92,71701,0.0
92,71702,0.0
92,71703,0.0
92,71704,0.0
92,71705,0.0
92,71706,0.0
92,71707,0.0
92,71708,0.0
92,71709,0.0
92,71710,0.0
92,71711,0.0
92,71712,0.0
92,71713,0.0
92,71714,0.0
92,71715,0.0
92,71716,0.0
92,71717,0.0
92,71718,0.0
92,71719,0.0
92,71720,0.0
92,71721,0.0
92,71722,0.0
92,71723,0.0
92,71724,0.0
92,71725,0.0
92,71726,0.0
92,71727,0.0
92,71728,0.0
92,71729,0.0
92,71730,0.0
92,71731,0.0
92,71732,0.0
92,71733,0.0
92,71734,0.0
92,71735,0.0
92,71736,0.0
92,71737,0.0
92,71738,0.0
92,71739,0.0
92,71740,0.0
92,71741,0.0
92,71742,0.0
92,71743,0.0
92,71744,0.0
92,71745,0.0
92,71746,0.0
92,71747,0.0
92,71748,0.0
92,71801,0.0
92,71802,0.0
92,71803,0.0
92,71804,0.0
92,71805,0.0
92,71806,0.0
92,71807,0.0
92,71808,0.0
92,71809,0.0
92,71810,0.0
92,71811,0.0
92,71812,0.0
92,71813,0.0
92,71814,0.0
92,71815,0.0
92,71816,0.0
92,71817,0.0
92,71818,0.0
92,71819,0.0
92,71820,0.0
92,71821,0.0
92,71822,0.0
92,71823,0.0
92,71824,0.0
92,71825,0.0
92,71826,0.0
92,71827,0.0
92,71828,0.0
92,71829,0.0
92,71830,0.0
92,71831,0.0
92,71832,0.0
92,71833,0.0
92,71834,0.0
92,71835,0.0
92,71836,0.0
92,71837,0.0
92,71838,0.0
92,71839,0.0
92,71840,0.0
92,71841,0.0
92,71842,0.0
92,71843,0.0
92,71844,0.0
92,71845,0.0
92,71846,0.0
92,71847,0.0
92,71848,0.0
92,71901,0.0
92,71902,0.0
92,71903,0.0
92,71904,0.0
92,71905,0.0
92,71906,0.0
92,71907,0.0
92,71908,0.0
92,71909,0.0
92,71910,0.0
92,71911,0.0
92,71912,0.0
92,71913,0.0
92,71914,0.0
92,71915,0.0
92,71916,0.0
92,71917,0.0
92,71918,0.0
92,71919,0.0
92,71920,0.0
92,71921,0.0
92,71922,0.0
92,71923,0.0
92,71924,0.0
92,71925,0.0
92,71926,0.0
92,71927,0.0
92,71928,0.0
92,71929,0.0
92,71930,0.0
92,71931,0.0
92,71932,0.0
92,71933,0.0
92,71934,0.0
92,71935,0.0
92,71936,0.0
92,71937,0.0
92,71938,0.0
92,71939,0.0
92,71940,0.0
92,71941,0.0
92,71942,0.0
92,71943,0.0
92,71944,0.0
92,71945,0.0
92,71946,0.0
92,71947,0.0
92,71948,0.0
92,72001,0.0
92,72002,0.0
92,72003,0.0
92,72004,0.0
92,72005,0.0
92,72006,0.0
92,72007,0.0
92,72008,0.0
92,72009,0.0
92,72010,0.0
92,72011,0.0
92,72012,0.0
92,72013,0.0
92,72014,0.0
92,72015,0.0
92,72016,0.0
92,72017,0.0
92,72018,0.0
92,72019,0.0
92,72020,0.0
92,72021,0.0
92,72022,0.0
92,72023,0.0
92,72024,0.0
92,72025,0.0
92,72026,0.0
92,72027,0.0
92,72028,0.0
92,72029,0.0
92,72030,0.0
92,72031,0.0
92,72032,0.0
92,72033,0.0
92,72034,0.0
92,72035,0.0
92,72036,0.0
92,72037,0.0
92,72038,0.0
92,72039,0.0
92,72040,0.0
92,72041,0.0
92,72042,0.0
92,72043,0.0
92,72044,0.0
92,72045,0.0
92,72046,0.0
92,72047,0.0
92,72048,0.0
92,72101,0.0
92,72102,0.0
92,72103,0.0
92,72104,0.0
92,72105,0.0
92,72106,0.0
92,72107,0.0
92,72108,0.0
92,72109,0.0
92,72110,0.0
92,72111,0.0
92,72112,0.0
92,72113,0.0
92,72114,0.0
92,72115,0.0
92,72116,0.0
92,72117,0.0
92,72118,0.0
92,72119,0.0
92,72120,0.0
92,72121,0.0
92,72122,0.0
92,72123,0.0
92,72124,0.0
92,72125,0.0
92,72126,0.0
92,72127,0.0
92,72128,0.0
92,72129,0.0
92,72130,0.0
92,72131,0.0
92,72132,0.0
92,72133,0.0
92,72134,0.0
92,72135,0.0
92,72136,0.0
92,72137,0.0
92,72138,0.0
92,72139,0.0
92,72140,0.0
92,72141,0.0
92,72142,0.0
92,72143,0.0
92,72144,0.0
92,72145,0.0
92,72146,0.0
92,72147,0.0
92,72148,0.0
92,72201,0.0
92,72202,0.0
92,72203,0.0
92,72204,0.0
92,72205,0.0
92,72206,0.0
92,72207,0.0
92,72208,0.0
92,72209,0.0
92,72210,0.0
92,72211,0.0
92,72212,0.0
92,72213,0.0
92,72214,0.0
92,72215,0.0
92,72216,0.0
92,72217,0.0
92,72218,0.0
92,72219,0.0
92,72220,0.0
92,72221,0.0
92,72222,0.0
92,72223,0.0
92,72224,0.0
92,72225,0.0
92,72226,0.0
92,72227,0.0
92,72228,0.0
92,72229,0.0
92,72230,0.0
92,72231,0.0
92,72232,0.0
92,72233,0.0
92,72234,0.0
92,72235,0.0
92,72236,0.0
92,72237,0.0
92,72238,0.0
92,72239,0.0
92,72240,0.0
92,72241,0.0
92,72242,0.0
92,72243,0.0
92,72244,0.0
92,72245,0.0
92,72246,0.0
92,72247,0.0
92,72248,0.0
92,72301,0.0
92,72302,0.0
92,72303,0.0
92,72304,0.0
92,72305,0.0
92,72306,0.0
92,72307,0.0
92,72308,0.0
92,72309,0.0
92,72310,0.0
92,72311,0.0
92,72312,0.0
92,72313,0.0
92,72314,0.0
92,72315,0.0
92,72316,0.0
92,72317,0.0
92,72318,0.0
92,72319,0.0
92,72320,0.0
92,72321,0.0
92,72322,0.0
92,72323,0.0
92,72324,0.0
92,72325,0.0
92,72326,0.0
92,72327,0.0
92,72328,0.0
92,72329,0.0
92,72330,0.0
92,72331,0.0
92,72332,0.0
92,72333,0.0
92,72334,0.0
92,72335,0.0
92,72336,0.0
92,72337,0.0
92,72338,0.0
92,72339,0.0
92,72340,0.0
92,72341,0.0
92,72342,0.0
92,72343,0.0
92,72344,0.0
92,72345,0.0
92,72346,0.0
92,72347,0.0
92,72348,0.0
92,72401,0.0
92,72402,0.0
92,72403,0.0
92,72404,0.0
92,72405,0.0
92,72406,0.0
92,72407,0.0
92,72408,0.0
92,72409,0.0
92,72410,0.0
92,72411,0.0
92,72412,0.0
92,72413,0.0
92,72414,0.0
92,72415,0.0
92,72416,0.0
92,72417,0.0
92,72418,0.0
92,72419,0.0
92,72420,0.0
92,72421,0.0
92,72422,0.0
92,72423,0.0
92,72424,0.0
92,72425,0.0
92,72426,0.0
92,72427,0.0
92,72428,0.0
92,72429,0.0
92,72430,0.0
92,72431,0.0
92,72432,0.0
92,72433,0.0
92,72434,0.0
92,72435,0.0
92,72436,0.0
92,72437,0.0
92,72438,0.0
92,72439,0.0
92,72440,0.0
92,72441,0.0
92,72442,0.0
92,72443,0.0
92,72444,0.0
92,72445,0.0
92,72446,0.0
92,72447,0.0
92,72448,0.0
92,72501,0.0
92,72502,0.0
92,72503,0.0
92,72504,0.0
92,72505,0.0
92,72506,0.0
92,72507,0.0
92,72508,0.0
92,72509,0.0
92,72510,0.0
92,72511,0.0
92,72512,0.0
92,72513,0.0
92,72514,0.0
92,72515,0.0
92,72516,0.0
92,72517,0.0
92,72518,0.0
92,72519,0.0
92,72520,0.0
92,72521,0.0
92,72522,0.0
92,72523,0.0
92,72524,0.0
92,72525,0.0
92,72526,0.0
92,72527,0.0
92,72528,0.0
92,72529,0.0
92,72530,0.0
92,72531,0.0
92,72532,0.0
92,72533,0.0
92,72534,0.0
92,72535,0.0
92,72536,0.0
92,72537,0.0
92,72538,0.0
92,72539,0.0
92,72540,0.0
92,72541,0.0
92,72542,0.0
92,72543,0.0
92,72544,0.0
92,72545,0.0
92,72546,0.0
92,72547,0.0
92,72548,0.0
92,72601,0.0
92,72602,0.0
92,72603,0.0
92,72604,0.0
92,72605,0.0
92,72606,0.0
92,72607,0.0
92,72608,0.0
92,72609,0.0
92,72610,0.0
92,72611,0.0
92,72612,0.0
92,72613,0.0
92,72614,0.0
92,72615,0.0
92,72616,0.0
92,72617,0.0
92,72618,0.0
92,72619,0.0
92,72620,0.0
92,72621,0.0
92,72622,0.0
92,72623,0.0
92,72624,0.0
92,72625,0.0
92,72626,0.0
92,72627,0.0
92,72628,0.0
92,72629,0.0
92,72630,0.0
92,72631,0.0
92,72632,0.0
92,72633,0.0
92,72634,0.0
92,72635,0.0
92,72636,0.0
92,72637,0.0
92,72638,0.0
92,72639,0.0
92,72640,0.0
92,72641,0.0
92,72642,0.0
92,72643,0.0
92,72644,0.0
92,72645,0.0
92,72646,0.0
92,72647,0.0
92,72648,0.0
92,72701,0.0
92,72702,0.0
92,72703,0.0
92,72704,0.0
92,72705,0.0
92,72706,0.0
92,72707,0.0
92,72708,0.0
92,72709,0.0
92,72710,0.0
92,72711,0.0
92,72712,0.0
92,72713,0.0
92,72714,0.0
92,72715,0.0
92,72716,0.0
92,72717,0.0
92,72718,0.0
92,72719,0.0
92,72720,0.0
92,72721,0.0
92,72722,0.0
92,72723,0.0
92,72724,0.0
92,72725,0.0
92,72726,0.0
92,72727,0.0
92,72728,0.0
92,72729,0.0
92,72730,0.0
92,72731,0.0
92,72732,0.0
92,72733,0.0
92,72734,0.0
92,72735,0.0
92,72736,0.0
92,72737,0.0
92,72738,0.0
92,72739,0.0
92,72740,0.0
92,72741,0.0
92,72742,0.0
92,72743,0.0
92,72744,0.0
92,72745,0.0
92,72746,0.0
92,72747,0.0
92,72748,0.0
92,72801,0.0
92,72802,0.0
92,72803,0.0
92,72804,0.0
92,72805,0.0
92,72806,0.0
92,72807,0.0
92,72808,0.0
92,72809,0.0
92,72810,0.0
92,72811,0.0
92,72812,0.0
92,72813,0.0
92,72814,0.0
92,72815,0.0
92,72816,0.0
92,72817,0.0
92,72818,0.0
92,72819,0.0
92,72820,0.0
92,72821,0.0
92,72822,0.0
92,72823,0.0
92,72824,0.0
92,72825,0.0
92,72826,0.0
92,72827,0.0
92,72828,0.0
92,72829,0.0
92,72830,0.0
92,72831,0.0
92,72832,0.0
92,72833,0.0
92,72834,0.0
92,72835,0.0
92,72836,0.0
92,72837,0.0
92,72838,0.0
92,72839,0.0
92,72840,0.0
92,72841,0.0
92,72842,0.0
92,72843,0.0
92,72844,0.0
92,72845,0.0
92,72846,0.0
92,72847,0.0
92,72848,0.0
92,72901,0.0
92,72902,0.0
92,72903,0.0
92,72904,0.0
92,72905,0.0
92,72906,0.0
92,72907,0.0
92,72908,0.0
92,72909,0.0
92,72910,0.0
92,72911,0.0
92,72912,0.0
92,72913,0.0
92,72914,0.0
92,72915,0.0
92,72916,0.0
92,72917,0.0
92,72918,0.0
92,72919,0.0
92,72920,0.0
92,72921,0.0
92,72922,0.0
92,72923,0.0
92,72924,0.0
92,72925,0.0
92,72926,0.0
92,72927,0.0
92,72928,0.0
92,72929,0.0
92,72930,0.0
92,72931,0.0
92,72932,0.0
92,72933,0.0
92,72934,0.0
92,72935,0.0
92,72936,0.0
92,72937,0.0
92,72938,0.0
92,72939,0.0
92,72940,0.0
92,72941,0.0
92,72942,0.0
92,72943,0.0
92,72944,0.0
92,72945,0.0
92,72946,0.0
92,72947,0.0
92,72948,0.0
92,73001,0.0
92,73002,0.0
92,73003,0.0
92,73004,0.0
92,73005,0.0
92,73006,0.0
92,73007,0.0
92,73008,0.0
92,73009,0.0
92,73010,0.0
92,73011,0.0
92,73012,0.0
92,73013,0.0
92,73014,0.0
92,73015,0.0
92,73016,0.0
92,73017,0.0
92,73018,0.0
92,73019,0.0
92,73020,0.0
92,73021,0.0
92,73022,0.0
92,73023,0.0
92,73024,0.0
92,73025,0.0
92,73026,0.0
92,73027,0.0
92,73028,0.0
92,73029,0.0
92,73030,0.0
92,73031,0.0
92,73032,0.0
92,73033,0.0
92,73034,0.0
92,73035,0.0
92,73036,0.0
92,73037,0.0
92,73038,0.0
92,73039,0.0
92,73040,0.0
92,73041,0.0
92,73042,0.0
92,73043,0.0
92,73044,0.0
92,73045,0.0
92,73046,0.0
92,73047,0.0
92,73048,0.0
92,73101,0.0
92,73102,0.0
92,73103,0.0
92,73104,0.0
92,73105,0.0
92,73106,0.0
92,73107,0.0
92,73108,0.0
92,73109,0.0
92,73110,0.0
92,73111,0.0
92,73112,0.0
92,73113,0.0
92,73114,0.0
92,73115,0.0
92,73116,0.0
92,73117,0.0
92,73118,0.0
92,73119,0.0
92,73120,0.0
92,73121,0.0
92,73122,0.0
92,73123,0.0
92,73124,0.0
92,73125,0.0
92,73126,0.0
92,73127,0.0
92,73128,0.0
92,73129,0.0
92,73130,0.0
92,73131,0.0
92,73132,0.0
92,73133,0.0
92,73134,0.0
92,73135,0.0
92,73136,0.0
92,73137,0.0
92,73138,0.0
92,73139,0.0
92,73140,0.0
92,73141,0.0
92,73142,0.0
92,73143,0.0
92,73144,0.0
92,73145,0.0
92,73146,0.0
92,73147,0.0
92,73148,0.0
92,73201,0.0
92,73202,0.0
92,73203,0.0
92,73204,0.0
92,73205,0.0
92,73206,0.0
92,73207,0.0
92,73208,0.0
92,73209,0.0
92,73210,0.0
92,73211,0.0
92,73212,0.0
92,73213,0.0
92,73214,0.0
92,73215,0.0
92,73216,0.0
92,73217,0.0
92,73218,0.0
92,73219,0.0
92,73220,0.0
92,73221,0.0
92,73222,0.0
92,73223,0.0
92,73224,0.0
92,73225,0.0
92,73226,0.0
92,73227,0.0
92,73228,0.0
92,73229,0.0
92,73230,0.0
92,73231,0.0
92,73232,0.0
92,73233,0.0
92,73234,0.0
92,73235,0.0
92,73236,0.0
92,73237,0.0
92,73238,0.0
92,73239,0.0
92,73240,0.0
92,73241,0.0
92,73242,0.0
92,73243,0.0
92,73244,0.0
92,73245,0.0
92,73246,0.0
92,73247,0.0
92,73248,0.0
92,73301,0.0
92,73302,0.0
92,73303,0.0
92,73304,0.0
92,73305,0.0
92,73306,0.0
92,73307,0.0
92,73308,0.0
92,73309,0.0
92,73310,0.0
92,73311,0.0
92,73312,0.0
92,73313,0.0
92,73314,0.0
92,73315,0.0
92,73316,0.0
92,73317,0.0
92,73318,0.0
92,73319,0.0
92,73320,0.0
92,73321,0.0
92,73322,0.0
92,73323,0.0
92,73324,0.0
92,73325,0.0
92,73326,0.0
92,73327,0.0
92,73328,0.0
92,73329,0.0
92,73330,0.0
92,73331,0.0
92,73332,0.0
92,73333,0.0
92,73334,0.0
92,73335,0.0
92,73336,0.0
92,73337,0.0
92,73338,0.0
92,73339,0.0
92,73340,0.0
92,73341,0.0
92,73342,0.0
92,73343,0.0
92,73344,0.0
92,73345,0.0
92,73346,0.0
92,73347,0.0
92,73348,0.0
92,73401,0.0
92,73402,0.0
92,73403,0.0
92,73404,0.0
92,73405,0.0
92,73406,0.0
92,73407,0.0
92,73408,0.0
92,73409,0.0
92,73410,0.0
92,73411,0.0
92,73412,0.0
92,73413,0.0
92,73414,0.0
92,73415,0.0
92,73416,0.0
92,73417,0.0
92,73418,0.0
92,73419,0.0
92,73420,0.0
92,73421,0.0
92,73422,0.0
92,73423,0.0
92,73424,0.0
92,73425,0.0
92,73426,0.0
92,73427,0.0
92,73428,0.0
92,73429,0.0
92,73430,0.0
92,73431,0.0
92,73432,0.0
92,73433,0.0
92,73434,0.0
92,73435,0.0
92,73436,0.0
92,73437,0.0
92,73438,0.0
92,73439,0.0
92,73440,0.0
92,73441,0.0
92,73442,0.0
92,73443,0.0
92,73444,0.0
92,73445,0.0
92,73446,0.0
92,73447,0.0
92,73448,0.0
92,73501,0.0
92,73502,0.0
92,73503,0.0
92,73504,0.0
92,73505,0.0
92,73506,0.0
92,73507,0.0
92,73508,0.0
92,73509,0.0
92,73510,0.0
92,73511,0.0
92,73512,0.0
92,73513,0.0
92,73514,0.0
92,73515,0.0
92,73516,0.0
92,73517,0.0
92,73518,0.0
92,73519,0.0
92,73520,0.0
92,73521,0.0
92,73522,0.0
92,73523,0.0
92,73524,0.0
92,73525,0.0
92,73526,0.0
92,73527,0.0
92,73528,0.0
92,73529,0.0
92,73530,0.0
92,73531,0.0
92,73532,0.0
92,73533,0.0
92,73534,0.0
92,73535,0.0
92,73536,0.0
92,73537,0.0
92,73538,0.0
92,73539,0.0
92,73540,0.0
92,73541,0.0
92,73542,0.0
92,73543,0.0
92,73544,0.0
92,73545,0.0
92,73546,0.0
92,73547,0.0
92,73548,0.0
92,73601,0.0
92,73602,0.0
92,73603,0.0
92,73604,0.0
92,73605,0.0
92,73606,0.0
92,73607,0.0
92,73608,0.0
92,73609,0.0
92,73610,0.0
92,73611,0.0
92,73612,0.0
92,73613,0.0
92,73614,0.0
92,73615,0.0
92,73616,0.0
92,73617,0.0
92,73618,0.0
92,73619,0.0
92,73620,0.0
92,73621,0.0
92,73622,0.0
92,73623,0.0
92,73624,0.0
92,73625,0.0
92,73626,0.0
92,73627,0.0
92,73628,0.0
92,73629,0.0
92,73630,0.0
92,73631,0.0
92,73632,0.0
92,73633,0.0
92,73634,0.0
92,73635,0.0
92,73636,0.0
92,73637,0.0
92,73638,0.0
92,73639,0.0
92,73640,0.0
92,73641,0.0
92,73642,0.0
92,73643,0.0
92,73644,0.0
92,73645,0.0
92,73646,0.0
92,73647,0.0
92,73648,0.0
92,73701,0.0
92,73702,0.0
92,73703,0.0
92,73704,0.0
92,73705,0.0
92,73706,0.0
92,73707,0.0
92,73708,0.0
92,73709,0.0
92,73710,0.0
92,73711,0.0
92,73712,0.0
92,73713,0.0
92,73714,0.0
92,73715,0.0
92,73716,0.0
92,73717,0.0
92,73718,0.0
92,73719,0.0
92,73720,0.0
92,73721,0.0
92,73722,0.0
92,73723,0.0
92,73724,0.0
92,73725,0.0
92,73726,0.0
92,73727,0.0
92,73728,0.0
92,73729,0.0
92,73730,0.0
92,73731,0.0
92,73732,0.0
92,73733,0.0
92,73734,0.0
92,73735,0.0
92,73736,0.0
92,73737,0.0
92,73738,0.0
92,73739,0.0
92,73740,0.0
92,73741,0.0
92,73742,0.0
92,73743,0.0
92,73744,0.0
92,73745,0.0
92,73746,0.0
92,73747,0.0
92,73748,0.0
92,73801,0.0
92,73802,0.0
92,73803,0.0
92,73804,0.0
92,73805,0.0
92,73806,0.0
92,73807,0.0
92,73808,0.0
92,73809,0.0
92,73810,0.0
92,73811,0.0
92,73812,0.0
92,73813,0.0
92,73814,0.0
92,73815,0.0
92,73816,0.0
92,73817,0.0
92,73818,0.0
92,73819,0.0
92,73820,0.0
92,73821,0.0
92,73822,0.0
92,73823,0.0
92,73824,0.0
92,73825,0.0
92,73826,0.0
92,73827,0.0
92,73828,0.0
92,73829,0.0
92,73830,0.0
92,73831,0.0
92,73832,0.0
92,73833,0.0
92,73834,0.0
92,73835,0.0
92,73836,0.0
92,73837,0.0
92,73838,0.0
92,73839,0.0
92,73840,0.0
92,73841,0.0
92,73842,0.0
92,73843,0.0
92,73844,0.0
92,73845,0.0
92,73846,0.0
92,73847,0.0
92,73848,0.0
92,73901,0.0
92,73902,0.0
92,73903,0.0
92,73904,0.0
92,73905,0.0
92,73906,0.0
92,73907,0.0
92,73908,0.0
92,73909,0.0
92,73910,0.0
92,73911,0.0
92,73912,0.0
92,73913,0.0
92,73914,0.0
92,73915,0.0
92,73916,0.0
92,73917,0.0
92,73918,0.0
92,73919,0.0
92,73920,0.0
92,73921,0.0
92,73922,0.0
92,73923,0.0
92,73924,0.0
92,73925,0.0
92,73926,0.0
92,73927,0.0
92,73928,0.0
92,73929,0.0
92,73930,0.0
92,73931,0.0
92,73932,0.0
92,73933,0.0
92,73934,0.0
92,73935,0.0
92,73936,0.0
92,73937,0.0
92,73938,0.0
92,73939,0.0
92,73940,0.0
92,73941,0.0
92,73942,0.0
92,73943,0.0
92,73944,0.0
92,73945,0.0
92,73946,0.0
92,73947,0.0
92,73948,0.0
92,74001,0.0
92,74002,0.0
92,74003,0.0
92,74004,0.0
92,74005,0.0
92,74006,0.0
92,74007,0.0
92,74008,0.0
92,74009,0.0
92,74010,0.0
92,74011,0.0
92,74012,0.0
92,74013,0.0
92,74014,0.0
92,74015,0.0
92,74016,0.0
92,74017,0.0
92,74018,0.0
92,74019,0.0
92,74020,0.0
92,74021,0.0
92,74022,0.0
92,74023,0.0
92,74024,0.0
92,74025,0.0
92,74026,0.0
92,74027,0.0
92,74028,0.0
92,74029,0.0
92,74030,0.0
92,74031,0.0
92,74032,0.0
92,74033,0.0
92,74034,0.0
92,74035,0.0
92,74036,0.0
92,74037,0.0
92,74038,0.0
92,74039,0.0
92,74040,0.0
92,74041,0.0
92,74042,0.0
92,74043,0.0
92,74044,0.0
92,74045,0.0
92,74046,0.0
92,74047,0.0
92,74048,0.0
92,74101,0.0
92,74102,0.0
92,74103,0.0
92,74104,0.0
92,74105,0.0
92,74106,0.0
92,74107,0.0
92,74108,0.0
92,74109,0.0
92,74110,0.0
92,74111,0.0
92,74112,0.0
92,74113,0.0
92,74114,0.0
92,74115,0.0
92,74116,0.0
92,74117,0.0
92,74118,0.0
92,74119,0.0
92,74120,0.0
92,74121,0.0
92,74122,0.0
92,74123,0.0
92,74124,0.0
92,74125,0.0
92,74126,0.0
92,74127,0.0
92,74128,0.0
92,74129,0.0
92,74130,0.0
92,74131,0.0
92,74132,0.0
92,74133,0.0
92,74134,0.0
92,74135,0.0
92,74136,0.0
92,74137,0.0
92,74138,0.0
92,74139,0.0
92,74140,0.0
92,74141,0.0
92,74142,0.0
92,74143,0.0
92,74144,0.0
92,74145,0.0
92,74146,0.0
92,74147,0.0
92,74148,0.0
92,74201,0.0
92,74202,0.0
92,74203,0.0
92,74204,0.0
92,74205,0.0
92,74206,0.0
92,74207,0.0
92,74208,0.0
92,74209,0.0
92,74210,0.0
92,74211,0.0
92,74212,0.0
92,74213,0.0
92,74214,0.0
92,74215,0.0
92,74216,0.0
92,74217,0.0
92,74218,0.0
92,74219,0.0
92,74220,0.0
92,74221,0.0
92,74222,0.0
92,74223,0.0
92,74224,0.0
92,74225,0.0
92,74226,0.0
92,74227,0.0
92,74228,0.0
92,74229,0.0
92,74230,0.0
92,74231,0.0
92,74232,0.0
92,74233,0.0
92,74234,0.0
92,74235,0.0
92,74236,0.0
92,74237,0.0
92,74238,0.0
92,74239,0.0
92,74240,0.0
92,74241,0.0
92,74242,0.0
92,74243,0.0
92,74244,0.0
92,74245,0.0
92,74246,0.0
92,74247,0.0
92,74248,0.0
92,74301,0.0
92,74302,0.0
92,74303,0.0
92,74304,0.0
92,74305,0.0
92,74306,0.0
92,74307,0.0
92,74308,0.0
92,74309,0.0
92,74310,0.0
92,74311,0.0
92,74312,0.0
92,74313,0.0
92,74314,0.0
92,74315,0.0
92,74316,0.0
92,74317,0.0
92,74318,0.0
92,74319,0.0
92,74320,0.0
92,74321,0.0
92,74322,0.0
92,74323,0.0
92,74324,0.0
92,74325,0.0
92,74326,0.0
92,74327,0.0
92,74328,0.0
92,74329,0.0
92,74330,0.0
92,74331,0.0
92,74332,0.0
92,74333,0.0
92,74334,0.0
92,74335,0.0
92,74336,0.0
92,74337,0.0
92,74338,0.0
92,74339,0.0
92,74340,0.0
92,74341,0.0
92,74342,0.0
92,74343,0.0
92,74344,0.0
92,74345,0.0
92,74346,0.0
92,74347,0.0
92,74348,0.0
92,74401,0.0
92,74402,0.0
92,74403,0.0
92,74404,0.0
92,74405,0.0
92,74406,0.0
92,74407,0.0
92,74408,0.0
92,74409,0.0
92,74410,0.0
92,74411,0.0
92,74412,0.0
92,74413,0.0
92,74414,0.0
92,74415,0.0
92,74416,0.0
92,74417,0.0
92,74418,0.0
92,74419,0.0
92,74420,0.0
92,74421,0.0
92,74422,0.0
92,74423,0.0
92,74424,0.0
92,74425,0.0
92,74426,0.0
92,74427,0.0
92,74428,0.0
92,74429,0.0
92,74430,0.0
92,74431,0.0
92,74432,0.0
92,74433,0.0
92,74434,0.0
92,74435,0.0
92,74436,0.0
92,74437,0.0
92,74438,0.0
92,74439,0.0
92,74440,0.0
92,74441,0.0
92,74442,0.0
92,74443,0.0
92,74444,0.0
92,74445,0.0
92,74446,0.0
92,74447,0.0
92,74448,0.0
92,74501,0.0
92,74502,0.0
92,74503,0.0
92,74504,0.0
92,74505,0.0
92,74506,0.0
92,74507,0.0
92,74508,0.0
92,74509,0.0
92,74510,0.0
92,74511,0.0
92,74512,0.0
92,74513,0.0
92,74514,0.0
92,74515,0.0
92,74516,0.0
92,74517,0.0
92,74518,0.0
92,74519,0.0
92,74520,0.0
92,74521,0.0
92,74522,0.0
92,74523,0.0
92,74524,0.0
92,74525,0.0
92,74526,0.0
92,74527,0.0
92,74528,0.0
92,74529,0.0
92,74530,0.0
92,74531,0.0
92,74532,0.0
92,74533,0.0
92,74534,0.0
92,74535,0.0
92,74536,0.0
92,74537,0.0
92,74538,0.0
92,74539,0.0
92,74540,0.0
92,74541,0.0
92,74542,0.0
92,74543,0.0
92,74544,0.0
92,74545,0.0
92,74546,0.0
92,74547,0.0
92,74548,0.0
92,74601,0.0
92,74602,0.0
92,74603,0.0
92,74604,0.0
92,74605,0.0
92,74606,0.0
92,74607,0.0
92,74608,0.0
92,74609,0.0
92,74610,0.0
92,74611,0.0
92,74612,0.0
92,74613,0.0
92,74614,0.0
92,74615,0.0
92,74616,0.0
92,74617,0.0
92,74618,0.0
92,74619,0.0
92,74620,0.0
92,74621,0.0
92,74622,0.0
92,74623,0.0
92,74624,0.0
92,74625,0.0
92,74626,0.0
92,74627,0.0
92,74628,0.0
92,74629,0.0
92,74630,0.0
92,74631,0.0
92,74632,0.0
92,74633,0.0
92,74634,0.0
92,74635,0.0
92,74636,0.0
92,74637,0.0
92,74638,0.0
92,74639,0.0
92,74640,0.0
92,74641,0.0
92,74642,0.0
92,74643,0.0
92,74644,0.0
92,74645,0.0
92,74646,0.0
92,74647,0.0
92,74648,0.0
92,74701,0.0
92,74702,0.0
92,74703,0.0
92,74704,0.0
92,74705,0.0
92,74706,0.0
92,74707,0.0
92,74708,0.0
92,74709,0.0
92,74710,0.0
92,74711,0.0
92,74712,0.0
92,74713,0.0
92,74714,0.0
92,74715,0.0
92,74716,0.0
92,74717,0.0
92,74718,0.0
92,74719,0.0
92,74720,0.0
92,74721,0.0
92,74722,0.0
92,74723,0.0
92,74724,0.0
92,74725,0.0
92,74726,0.0
92,74727,0.0
92,74728,0.0
92,74729,0.0
92,74730,0.0
92,74731,0.0
92,74732,0.0
92,74733,0.0
92,74734,0.0
92,74735,0.0
92,74736,0.0
92,74737,0.0
92,74738,0.0
92,74739,0.0
92,74740,0.0
92,74741,0.0
92,74742,0.0
92,74743,0.0
92,74744,0.0
92,74745,0.0
92,74746,0.0
92,74747,0.0
92,74748,0.0
92,74801,0.0
92,74802,0.0
92,74803,0.0
92,74804,0.0
92,74805,0.0
92,74806,0.0
92,74807,0.0
92,74808,0.0
92,74809,0.0
92,74810,0.0
92,74811,0.0
92,74812,0.0
92,74813,0.0
92,74814,0.0
92,74815,0.0
92,74816,0.0
92,74817,0.0
92,74818,0.0
92,74819,0.0
92,74820,0.0
92,74821,0.0
92,74822,0.0
92,74823,0.0
92,74824,0.0
92,74825,0.0
92,74826,0.0
92,74827,0.0
92,74828,0.0
92,74829,0.0
92,74830,0.0
92,74831,0.0
92,74832,0.0
92,74833,0.0
92,74834,0.0
92,74835,0.0
92,74836,0.0
92,74837,0.0
92,74838,0.0
92,74839,0.0
92,74840,0.0
92,74841,0.0
92,74842,0.0
92,74843,0.0
92,74844,0.0
92,74845,0.0
92,74846,0.0
92,74847,0.0
92,74848,0.0
92,74901,0.0
92,74902,0.0
92,74903,0.0
92,74904,0.0
92,74905,0.0
92,74906,0.0
92,74907,0.0
92,74908,0.0
92,74909,0.0
92,74910,0.0
92,74911,0.0
92,74912,0.0
92,74913,0.0
92,74914,0.0
92,74915,0.0
92,74916,0.0
92,74917,0.0
92,74918,0.0
92,74919,0.0
92,74920,0.0
92,74921,0.0
92,74922,0.0
92,74923,0.0
92,74924,0.0
92,74925,0.0
92,74926,0.0
92,74927,0.0
92,74928,0.0
92,74929,0.0
92,74930,0.0
92,74931,0.0
92,74932,0.0
92,74933,0.0
92,74934,0.0
92,74935,0.0
92,74936,0.0
92,74937,0.0
92,74938,0.0
92,74939,0.0
92,74940,0.0
92,74941,0.0
92,74942,0.0
92,74943,0.0
92,74944,0.0
92,74945,0.0
92,74946,0.0
92,74947,0.0
92,74948,0.0
92,75001,0.0
92,75002,0.0
92,75003,0.0
92,75004,0.0
92,75005,0.0
92,75006,0.0
92,75007,0.0
92,75008,0.0
92,75009,0.0
92,75010,0.0
92,75011,0.0
92,75012,0.0
92,75013,0.0
92,75014,0.0
92,75015,0.0
92,75016,0.0
92,75017,0.0
92,75018,0.0
92,75019,0.0
92,75020,0.0
92,75021,0.0
92,75022,0.0
92,75023,0.0
92,75024,0.0
92,75025,0.0
92,75026,0.0
92,75027,0.0
92,75028,0.0
92,75029,0.0
92,75030,0.0
92,75031,0.0
92,75032,0.0
92,75033,0.0
92,75034,0.0
92,75035,0.0
92,75036,0.0
92,75037,0.0
92,75038,0.0
92,75039,0.0
92,75040,0.0
92,75041,0.0
92,75042,0.0
92,75043,0.0
92,75044,0.0
92,75045,0.0
92,75046,0.0
92,75047,0.0
92,75048,0.0
92,75101,0.0
92,75102,0.0
92,75103,0.0
92,75104,0.0
92,75105,0.0
92,75106,0.0
92,75107,0.0
92,75108,0.0
92,75109,0.0
92,75110,0.0
92,75111,0.0
92,75112,0.0
92,75113,0.0
92,75114,0.0
92,75115,0.0
92,75116,0.0
92,75117,0.0
92,75118,0.0
92,75119,0.0
92,75120,0.0
92,75121,0.0
92,75122,0.0
92,75123,0.0
92,75124,0.0
92,75125,0.0
92,75126,0.0
92,75127,0.0
92,75128,0.0
92,75129,0.0
92,75130,0.0
92,75131,0.0
92,75132,0.0
92,75133,0.0
92,75134,0.0
92,75135,0.0
92,75136,0.0
92,75137,0.0
92,75138,0.0
92,75139,0.0
92,75140,0.0
92,75141,0.0
92,75142,0.0
92,75143,0.0
92,75144,0.0
92,75145,0.0
92,75146,0.0
92,75147,0.0
92,75148,0.0
92,75201,0.0
92,75202,0.0
92,75203,0.0
92,75204,0.0
92,75205,0.0
92,75206,0.0
92,75207,0.0
92,75208,0.0
92,75209,0.0
92,75210,0.0
92,75211,0.0
92,75212,0.0
92,75213,0.0
92,75214,0.0
92,75215,0.0
92,75216,0.0
92,75217,0.0
92,75218,0.0
92,75219,0.0
92,75220,0.0
92,75221,0.0
92,75222,0.0
92,75223,0.0
92,75224,0.0
92,75225,0.0
92,75226,0.0
92,75227,0.0
92,75228,0.0
92,75229,0.0
92,75230,0.0
92,75231,0.0
92,75232,0.0
92,75233,0.0
92,75234,0.0
92,75235,0.0
92,75236,0.0
92,75237,0.0
92,75238,0.0
92,75239,0.0
92,75240,0.0
92,75241,0.0
92,75242,0.0
92,75243,0.0
92,75244,0.0
92,75245,0.0
92,75246,0.0
92,75247,0.0
92,75248,0.0
92,75301,0.0
92,75302,0.0
92,75303,0.0
92,75304,0.0
92,75305,0.0
92,75306,0.0
92,75307,0.0
92,75308,0.0
92,75309,0.0
92,75310,0.0
92,75311,0.0
92,75312,0.0
92,75313,0.0
92,75314,0.0
92,75315,0.0
92,75316,0.0
92,75317,0.0
92,75318,0.0
92,75319,0.0
92,75320,0.0
92,75321,0.0
92,75322,0.0
92,75323,0.0
92,75324,0.0
92,75325,0.0
92,75326,0.0
92,75327,0.0
92,75328,0.0
92,75329,0.0
92,75330,0.0
92,75331,0.0
92,75332,0.0
92,75333,0.0
92,75334,0.0
92,75335,0.0
92,75336,0.0
92,75337,0.0
92,75338,0.0
92,75339,0.0
92,75340,0.0
92,75341,0.0
92,75342,0.0
92,75343,0.0
92,75344,0.0
92,75345,0.0
92,75346,0.0
92,75347,0.0
92,75348,0.0
92,75401,0.0
92,75402,0.0
92,75403,0.0
92,75404,0.0
92,75405,0.0
92,75406,0.0
92,75407,0.0
92,75408,0.0
92,75409,0.0
92,75410,0.0
92,75411,0.0
92,75412,0.0
92,75413,0.0
92,75414,0.0
92,75415,0.0
92,75416,0.0
92,75417,0.0
92,75418,0.0
92,75419,0.0
92,75420,0.0
92,75421,0.0
92,75422,0.0
92,75423,0.0
92,75424,0.0
92,75425,0.0
92,75426,0.0
92,75427,0.0
92,75428,0.0
92,75429,0.0
92,75430,0.0
92,75431,0.0
92,75432,0.0
92,75433,0.0
92,75434,0.0
92,75435,0.0
92,75436,0.0
92,75437,0.0
92,75438,0.0
92,75439,0.0
92,75440,0.0
92,75441,0.0
92,75442,0.0
92,75443,0.0
92,75444,0.0
92,75445,0.0
92,75446,0.0
92,75447,0.0
92,75448,0.0
92,75501,0.0
92,75502,0.0
92,75503,0.0
92,75504,0.0
92,75505,0.0
92,75506,0.0
92,75507,0.0
92,75508,0.0
92,75509,0.0
92,75510,0.0
92,75511,0.0
92,75512,0.0
92,75513,0.0
92,75514,0.0
92,75515,0.0
92,75516,0.0
92,75517,0.0
92,75518,0.0
92,75519,0.0
92,75520,0.0
92,75521,0.0
92,75522,0.0
92,75523,0.0
92,75524,0.0
92,75525,0.0
92,75526,0.0
92,75527,0.0
92,75528,0.0
92,75529,0.0
92,75530,0.0
92,75531,0.0
92,75532,0.0
92,75533,0.0
92,75534,0.0
92,75535,0.0
92,75536,0.0
92,75537,0.0
92,75538,0.0
92,75539,0.0
92,75540,0.0
92,75541,0.0
92,75542,0.0
92,75543,0.0
92,75544,0.0
92,75545,0.0
92,75546,0.0
92,75547,0.0
92,75548,0.0
92,75601,0.0
92,75602,0.0
92,75603,0.0
92,75604,0.0
92,75605,0.0
92,75606,0.0
92,75607,0.0
92,75608,0.0
92,75609,0.0
92,75610,0.0
92,75611,0.0
92,75612,0.0
92,75613,0.0
92,75614,0.0
92,75615,0.0
92,75616,0.0
92,75617,0.0
92,75618,0.0
92,75619,0.0
92,75620,0.0
92,75621,0.0
92,75622,0.0
92,75623,0.0
92,75624,0.0
92,75625,0.0
92,75626,0.0
92,75627,0.0
92,75628,0.0
92,75629,0.0
92,75630,0.0
92,75631,0.0
92,75632,0.0
92,75633,0.0
92,75634,0.0
92,75635,0.0
92,75636,0.0
92,75637,0.0
92,75638,0.0
92,75639,0.0
92,75640,0.0
92,75641,0.0
92,75642,0.0
92,75643,0.0
92,75644,0.0
92,75645,0.0
92,75646,0.0
92,75647,0.0
92,75648,0.0
92,75701,0.0
92,75702,0.0
92,75703,0.0
92,75704,0.0
92,75705,0.0
92,75706,0.0
92,75707,0.0
92,75708,0.0
92,75709,0.0
92,75710,0.0
92,75711,0.0
92,75712,0.0
92,75713,0.0
92,75714,0.0
92,75715,0.0
92,75716,0.0
92,75717,0.0
92,75718,0.0
92,75719,0.0
92,75720,0.0
92,75721,0.0
92,75722,0.0
92,75723,0.0
92,75724,0.0
92,75725,0.0
92,75726,0.0
92,75727,0.0
92,75728,0.0
92,75729,0.0
92,75730,0.0
92,75731,0.0
92,75732,0.0
92,75733,0.0
92,75734,0.0
92,75735,0.0
92,75736,0.0
92,75737,0.0
92,75738,0.0
92,75739,0.0
92,75740,0.0
92,75741,0.0
92,75742,0.0
92,75743,0.0
92,75744,0.0
92,75745,0.0
92,75746,0.0
92,75747,0.0
92,75748,0.0
92,75801,0.0
92,75802,0.0
92,75803,0.0
92,75804,0.0
92,75805,0.0
92,75806,0.0
92,75807,0.0
92,75808,0.0
92,75809,0.0
92,75810,0.0
92,75811,0.0
92,75812,0.0
92,75813,0.0
92,75814,0.0
92,75815,0.0
92,75816,0.0
92,75817,0.0
92,75818,0.0
92,75819,0.0
92,75820,0.0
92,75821,0.0
92,75822,0.0
92,75823,0.0
92,75824,0.0
92,75825,0.0
92,75826,0.0
92,75827,0.0
92,75828,0.0
92,75829,0.0
92,75830,0.0
92,75831,0.0
92,75832,0.0
92,75833,0.0
92,75834,0.0
92,75835,0.0
92,75836,0.0
92,75837,0.0
92,75838,0.0
92,75839,0.0
92,75840,0.0
92,75841,0.0
92,75842,0.0
92,75843,0.0
92,75844,0.0
92,75845,0.0
92,75846,0.0
92,75847,0.0
92,75848,0.0
92,75901,0.0
92,75902,0.0
92,75903,0.0
92,75904,0.0
92,75905,0.0
92,75906,0.0
92,75907,0.0
92,75908,0.0
92,75909,0.0
92,75910,0.0
92,75911,0.0
92,75912,0.0
92,75913,0.0
92,75914,0.0
92,75915,0.0
92,75916,0.0
92,75917,0.0
92,75918,0.0
92,75919,0.0
92,75920,0.0
92,75921,0.0
92,75922,0.0
92,75923,0.0
92,75924,0.0
92,75925,0.0
92,75926,0.0
92,75927,0.0
92,75928,0.0
92,75929,0.0
92,75930,0.0
92,75931,0.0
92,75932,0.0
92,75933,0.0
92,75934,0.0
92,75935,0.0
92,75936,0.0
92,75937,0.0
92,75938,0.0
92,75939,0.0
92,75940,0.0
92,75941,0.0
92,75942,0.0
92,75943,0.0
92,75944,0.0
92,75945,0.0
92,75946,0.0
92,75947,0.0
92,75948,0.0
92,76001,0.0
92,76002,0.0
92,76003,0.0
92,76004,0.0
92,76005,0.0
92,76006,0.0
92,76007,0.0
92,76008,0.0
92,76009,0.0
92,76010,0.0
92,76011,0.0
92,76012,0.0
92,76013,0.0
92,76014,0.0
92,76015,0.0
92,76016,0.0
92,76017,0.0
92,76018,0.0
92,76019,0.0
92,76020,0.0
92,76021,0.0
92,76022,0.0
92,76023,0.0
92,76024,0.0
92,76025,0.0
92,76026,0.0
92,76027,0.0
92,76028,0.0
92,76029,0.0
92,76030,0.0
92,76031,0.0
92,76032,0.0
92,76033,0.0
92,76034,0.0
92,76035,0.0
92,76036,0.0
92,76037,0.0
92,76038,0.0
92,76039,0.0
92,76040,0.0
92,76041,0.0
92,76042,0.0
92,76043,0.0
92,76044,0.0
92,76045,0.0
92,76046,0.0
92,76047,0.0
92,76048,0.0
92,76101,0.0
92,76102,0.0
92,76103,0.0
92,76104,0.0
92,76105,0.0
92,76106,0.0
92,76107,0.0
92,76108,0.0
92,76109,0.0
92,76110,0.0
92,76111,0.0
92,76112,0.0
92,76113,0.0
92,76114,0.0
92,76115,0.0
92,76116,0.0
92,76117,0.0
92,76118,0.0
92,76119,0.0
92,76120,0.0
92,76121,0.0
92,76122,0.0
92,76123,0.0
92,76124,0.0
92,76125,0.0
92,76126,0.0
92,76127,0.0
92,76128,0.0
92,76129,0.0
92,76130,0.0
92,76131,0.0
92,76132,0.0
92,76133,0.0
92,76134,0.0
92,76135,0.0
92,76136,0.0
92,76137,0.0
92,76138,0.0
92,76139,0.0
92,76140,0.0
92,76141,0.0
92,76142,0.0
92,76143,0.0
92,76144,0.0
92,76145,0.0
92,76146,0.0
92,76147,0.0
92,76148,0.0
92,76201,0.0
92,76202,0.0
92,76203,0.0
92,76204,0.0
92,76205,0.0
92,76206,0.0
92,76207,0.0
92,76208,0.0
92,76209,0.0
92,76210,0.0
92,76211,0.0
92,76212,0.0
92,76213,0.0
92,76214,0.0
92,76215,0.0
92,76216,0.0
92,76217,0.0
92,76218,0.0
92,76219,0.0
92,76220,0.0
92,76221,0.0
92,76222,0.0
92,76223,0.0
92,76224,0.0
92,76225,0.0
92,76226,0.0
92,76227,0.0
92,76228,0.0
92,76229,0.0
92,76230,0.0
92,76231,0.0
92,76232,0.0
92,76233,0.0
92,76234,0.0
92,76235,0.0
92,76236,0.0
92,76237,0.0
92,76238,0.0
92,76239,0.0
92,76240,0.0
92,76241,0.0
92,76242,0.0
92,76243,0.0
92,76244,0.0
92,76245,0.0
92,76246,0.0
92,76247,0.0
92,76248,0.0
92,76301,0.0
92,76302,0.0
92,76303,0.0
92,76304,0.0
92,76305,0.0
92,76306,0.0
92,76307,0.0
92,76308,0.0
92,76309,0.0
92,76310,0.0
92,76311,0.0
92,76312,0.0
92,76313,0.0
92,76314,0.0
92,76315,0.0
92,76316,0.0
92,76317,0.0
92,76318,0.0
92,76319,0.0
92,76320,0.0
92,76321,0.0
92,76322,0.0
92,76323,0.0
92,76324,0.0
92,76325,0.0
92,76326,0.0
92,76327,0.0
92,76328,0.0
92,76329,0.0
92,76330,0.0
92,76331,0.0
92,76332,0.0
92,76333,0.0
92,76334,0.0
92,76335,0.0
92,76336,0.0
92,76337,0.0
92,76338,0.0
92,76339,0.0
92,76340,0.0
92,76341,0.0
92,76342,0.0
92,76343,0.0
92,76344,0.0
92,76345,0.0
92,76346,0.0
92,76347,0.0
92,76348,0.0
92,76401,0.0
92,76402,0.0
92,76403,0.0
92,76404,0.0
92,76405,0.0
92,76406,0.0
92,76407,0.0
92,76408,0.0
92,76409,0.0
92,76410,0.0
92,76411,0.0
92,76412,0.0
92,76413,0.0
92,76414,0.0
92,76415,0.0
92,76416,0.0
92,76417,0.0
92,76418,0.0
92,76419,0.0
92,76420,0.0
92,76421,0.0
92,76422,0.0
92,76423,0.0
92,76424,0.0
92,76425,0.0
92,76426,0.0
92,76427,0.0
92,76428,0.0
92,76429,0.0
92,76430,0.0
92,76431,0.0
92,76432,0.0
92,76433,0.0
92,76434,0.0
92,76435,0.0
92,76436,0.0
92,76437,0.0
92,76438,0.0
92,76439,0.0
92,76440,0.0
92,76441,0.0
92,76442,0.0
92,76443,0.0
92,76444,0.0
92,76445,0.0
92,76446,0.0
92,76447,0.0
92,76448,0.0
92,76501,0.0
92,76502,0.0
92,76503,0.0
92,76504,0.0
92,76505,0.0
92,76506,0.0
92,76507,0.0
92,76508,0.0
92,76509,0.0
92,76510,0.0
92,76511,0.0
92,76512,0.0
92,76513,0.0
92,76514,0.0
92,76515,0.0
92,76516,0.0
92,76517,0.0
92,76518,0.0
92,76519,0.0
92,76520,0.0
92,76521,0.0
92,76522,0.0
92,76523,0.0
92,76524,0.0
92,76525,0.0
92,76526,0.0
92,76527,0.0
92,76528,0.0
92,76529,0.0
92,76530,0.0
92,76531,0.0
92,76532,0.0
92,76533,0.0
92,76534,0.0
92,76535,0.0
92,76536,0.0
92,76537,0.0
92,76538,0.0
92,76539,0.0
92,76540,0.0
92,76541,0.0
92,76542,0.0
92,76543,0.0
92,76544,0.0
92,76545,0.0
92,76546,0.0
92,76547,0.0
92,76548,0.0
92,76601,0.0
92,76602,0.0
92,76603,0.0
92,76604,0.0
92,76605,0.0
92,76606,0.0
92,76607,0.0
92,76608,0.0
92,76609,0.0
92,76610,0.0
92,76611,0.0
92,76612,0.0
92,76613,0.0
92,76614,0.0
92,76615,0.0
92,76616,0.0
92,76617,0.0
92,76618,0.0
92,76619,0.0
92,76620,0.0
92,76621,0.0
92,76622,0.0
92,76623,0.0
92,76624,0.0
92,76625,0.0
92,76626,0.0
92,76627,0.0
92,76628,0.0
92,76629,0.0
92,76630,0.0
92,76631,0.0
92,76632,0.0
92,76633,0.0
92,76634,0.0
92,76635,0.0
92,76636,0.0
92,76637,0.0
92,76638,0.0
92,76639,0.0
92,76640,0.0
92,76641,0.0
92,76642,0.0
92,76643,0.0
92,76644,0.0
92,76645,0.0
92,76646,0.0
92,76647,0.0
92,76648,0.0
92,76701,0.0
92,76702,0.0
92,76703,0.0
92,76704,0.0
92,76705,0.0
92,76706,0.0
92,76707,0.0
92,76708,0.0
92,76709,0.0
92,76710,0.0
92,76711,0.0
92,76712,0.0
92,76713,0.0
92,76714,0.0
92,76715,0.0
92,76716,0.0
92,76717,0.0
92,76718,0.0
92,76719,0.0
92,76720,0.0
92,76721,0.0
92,76722,0.0
92,76723,0.0
92,76724,0.0
92,76725,0.0
92,76726,0.0
92,76727,0.0
92,76728,0.0
92,76729,0.0
92,76730,0.0
92,76731,0.0
92,76732,0.0
92,76733,0.0
92,76734,0.0
92,76735,0.0
92,76736,0.0
92,76737,0.0
92,76738,0.0
92,76739,0.0
92,76740,0.0
92,76741,0.0
92,76742,0.0
92,76743,0.0
92,76744,0.0
92,76745,0.0
92,76746,0.0
92,76747,0.0
92,76748,0.0
92,76801,0.0
92,76802,0.0
92,76803,0.0
92,76804,0.0
92,76805,0.0
92,76806,0.0
92,76807,0.0
92,76808,0.0
92,76809,0.0
92,76810,0.0
92,76811,0.0
92,76812,0.0
92,76813,0.0
92,76814,0.0
92,76815,0.0
92,76816,0.0
92,76817,0.0
92,76818,0.0
92,76819,0.0
92,76820,0.0
92,76821,0.0
92,76822,0.0
92,76823,0.0
92,76824,0.0
92,76825,0.0
92,76826,0.0
92,76827,0.0
92,76828,0.0
92,76829,0.0
92,76830,0.0
92,76831,0.0
92,76832,0.0
92,76833,0.0
92,76834,0.0
92,76835,0.0
92,76836,0.0
92,76837,0.0
92,76838,0.0
92,76839,0.0
92,76840,0.0
92,76841,0.0
92,76842,0.0
92,76843,0.0
92,76844,0.0
92,76845,0.0
92,76846,0.0
92,76847,0.0
92,76848,0.0
92,76901,0.0
92,76902,0.0
92,76903,0.0
92,76904,0.0
92,76905,0.0
92,76906,0.0
92,76907,0.0
92,76908,0.0
92,76909,0.0
92,76910,0.0
92,76911,0.0
92,76912,0.0
92,76913,0.0
92,76914,0.0
92,76915,0.0
92,76916,0.0
92,76917,0.0
92,76918,0.0
92,76919,0.0
92,76920,0.0
92,76921,0.0
92,76922,0.0
92,76923,0.0
92,76924,0.0
92,76925,0.0
92,76926,0.0
92,76927,0.0
92,76928,0.0
92,76929,0.0
92,76930,0.0
92,76931,0.0
92,76932,0.0
92,76933,0.0
92,76934,0.0
92,76935,0.0
92,76936,0.0
92,76937,0.0
92,76938,0.0
92,76939,0.0
92,76940,0.0
92,76941,0.0
92,76942,0.0
92,76943,0.0
92,76944,0.0
92,76945,0.0
92,76946,0.0
92,76947,0.0
92,76948,0.0
92,77001,0.0
92,77002,0.0
92,77003,0.0
92,77004,0.0
92,77005,0.0
92,77006,0.0
92,77007,0.0
92,77008,0.0
92,77009,0.0
92,77010,0.0
92,77011,0.0
92,77012,0.0
92,77013,0.0
92,77014,0.0
92,77015,0.0
92,77016,0.0
92,77017,0.0
92,77018,0.0
92,77019,0.0
92,77020,0.0
92,77021,0.0
92,77022,0.0
92,77023,0.0
92,77024,0.0
92,77025,0.0
92,77026,0.0
92,77027,0.0
92,77028,0.0
92,77029,0.0
92,77030,0.0
92,77031,0.0
92,77032,0.0
92,77033,0.0
92,77034,0.0
92,77035,0.0
92,77036,0.0
92,77037,0.0
92,77038,0.0
92,77039,0.0
92,77040,0.0
92,77041,0.0
92,77042,0.0
92,77043,0.0
92,77044,0.0
92,77045,0.0
92,77046,0.0
92,77047,0.0
92,77048,0.0
92,77101,0.0
92,77102,0.0
92,77103,0.0
92,77104,0.0
92,77105,0.0
92,77106,0.0
92,77107,0.0
92,77108,0.0
92,77109,0.0
92,77110,0.0
92,77111,0.0
92,77112,0.0
92,77113,0.0
92,77114,0.0
92,77115,0.0
92,77116,0.0
92,77117,0.0
92,77118,0.0
92,77119,0.0
92,77120,0.0
92,77121,0.0
92,77122,0.0
92,77123,0.0
92,77124,0.0
92,77125,0.0
92,77126,0.0
92,77127,0.0
92,77128,0.0
92,77129,0.0
92,77130,0.0
92,77131,0.0
92,77132,0.0
92,77133,0.0
92,77134,0.0
92,77135,0.0
92,77136,0.0
92,77137,0.0
92,77138,0.0
92,77139,0.0
92,77140,0.0
92,77141,0.0
92,77142,0.0
92,77143,0.0
92,77144,0.0
92,77145,0.0
92,77146,0.0
92,77147,0.0
92,77148,0.0
92,77201,0.0
92,77202,0.0
92,77203,0.0
92,77204,0.0
92,77205,0.0
92,77206,0.0
92,77207,0.0
92,77208,0.0
92,77209,0.0
92,77210,0.0
92,77211,0.0
92,77212,0.0
92,77213,0.0
92,77214,0.0
92,77215,0.0
92,77216,0.0
92,77217,0.0
92,77218,0.0
92,77219,0.0
92,77220,0.0
92,77221,0.0
92,77222,0.0
92,77223,0.0
92,77224,0.0
92,77225,0.0
92,77226,0.0
92,77227,0.0
92,77228,0.0
92,77229,0.0
92,77230,0.0
92,77231,0.0
92,77232,0.0
92,77233,0.0
92,77234,0.0
92,77235,0.0
92,77236,0.0
92,77237,0.0
92,77238,0.0
92,77239,0.0
92,77240,0.0
92,77241,0.0
92,77242,0.0
92,77243,0.0
92,77244,0.0
92,77245,0.0
92,77246,0.0
92,77247,0.0
92,77248,0.0
92,77301,0.0
92,77302,0.0
92,77303,0.0
92,77304,0.0
92,77305,0.0
92,77306,0.0
92,77307,0.0
92,77308,0.0
92,77309,0.0
92,77310,0.0
92,77311,0.0
92,77312,0.0
92,77313,0.0
92,77314,0.0
92,77315,0.0
92,77316,0.0
92,77317,0.0
92,77318,0.0
92,77319,0.0
92,77320,0.0
92,77321,0.0
92,77322,0.0
92,77323,0.0
92,77324,0.0
92,77325,0.0
92,77326,0.0
92,77327,0.0
92,77328,0.0
92,77329,0.0
92,77330,0.0
92,77331,0.0
92,77332,0.0
92,77333,0.0
92,77334,0.0
92,77335,0.0
92,77336,0.0
92,77337,0.0
92,77338,0.0
92,77339,0.0
92,77340,0.0
92,77341,0.0
92,77342,0.0
92,77343,0.0
92,77344,0.0
92,77345,0.0
92,77346,0.0
92,77347,0.0
92,77348,0.0
92,77401,0.0
92,77402,0.0
92,77403,0.0
92,77404,0.0
92,77405,0.0
92,77406,0.0
92,77407,0.0
92,77408,0.0
92,77409,0.0
92,77410,0.0
92,77411,0.0
92,77412,0.0
92,77413,0.0
92,77414,0.0
92,77415,0.0
92,77416,0.0
92,77417,0.0
92,77418,0.0
92,77419,0.0
92,77420,0.0
92,77421,0.0
92,77422,0.0
92,77423,0.0
92,77424,0.0
92,77425,0.0
92,77426,0.0
92,77427,0.0
92,77428,0.0
92,77429,0.0
92,77430,0.0
92,77431,0.0
92,77432,0.0
92,77433,0.0
92,77434,0.0
92,77435,0.0
92,77436,0.0
92,77437,0.0
92,77438,0.0
92,77439,0.0
92,77440,0.0
92,77441,0.0
92,77442,0.0
92,77443,0.0
92,77444,0.0
92,77445,0.0
92,77446,0.0
92,77447,0.0
92,77448,0.0
92,77501,0.0
92,77502,0.0
92,77503,0.0
92,77504,0.0
92,77505,0.0
92,77506,0.0
92,77507,0.0
92,77508,0.0
92,77509,0.0
92,77510,0.0
92,77511,0.0
92,77512,0.0
92,77513,0.0
92,77514,0.0
92,77515,0.0
92,77516,0.0
92,77517,0.0
92,77518,0.0
92,77519,0.0
92,77520,0.0
92,77521,0.0
92,77522,0.0
92,77523,0.0
92,77524,0.0
92,77525,0.0
92,77526,0.0
92,77527,0.0
92,77528,0.0
92,77529,0.0
92,77530,0.0
92,77531,0.0
92,77532,0.0
92,77533,0.0
92,77534,0.0
92,77535,0.0
92,77536,0.0
92,77537,0.0
92,77538,0.0
92,77539,0.0
92,77540,0.0
92,77541,0.0
92,77542,0.0
92,77543,0.0
92,77544,0.0
92,77545,0.0
92,77546,0.0
92,77547,0.0
92,77548,0.0
92,77601,0.0
92,77602,0.0
92,77603,0.0
92,77604,0.0
92,77605,0.0
92,77606,0.0
92,77607,0.0
92,77608,0.0
92,77609,0.0
92,77610,0.0
92,77611,0.0
92,77612,0.0
92,77613,0.0
92,77614,0.0
92,77615,0.0
92,77616,0.0
92,77617,0.0
92,77618,0.0
92,77619,0.0
92,77620,0.0
92,77621,0.0
92,77622,0.0
92,77623,0.0
92,77624,0.0
92,77625,0.0
92,77626,0.0
92,77627,0.0
92,77628,0.0
92,77629,0.0
92,77630,0.0
92,77631,0.0
92,77632,0.0
92,77633,0.0
92,77634,0.0
92,77635,0.0
92,77636,0.0
92,77637,0.0
92,77638,0.0
92,77639,0.0
92,77640,0.0
92,77641,0.0
92,77642,0.0
92,77643,0.0
92,77644,0.0
92,77645,0.0
92,77646,0.0
92,77647,0.0
92,77648,0.0
92,77701,0.0
92,77702,0.0
92,77703,0.0
92,77704,0.0
92,77705,0.0
92,77706,0.0
92,77707,0.0
92,77708,0.0
92,77709,0.0
92,77710,0.0
92,77711,0.0
92,77712,0.0
92,77713,0.0
92,77714,0.0
92,77715,0.0
92,77716,0.0
92,77717,0.0
92,77718,0.0
92,77719,0.0
92,77720,0.0
92,77721,0.0
92,77722,0.0
92,77723,0.0
92,77724,0.0
92,77725,0.0
92,77726,0.0
92,77727,0.0
92,77728,0.0
92,77729,0.0
92,77730,0.0
92,77731,0.0
92,77732,0.0
92,77733,0.0
92,77734,0.0
92,77735,0.0
92,77736,0.0
92,77737,0.0
92,77738,0.0
92,77739,0.0
92,77740,0.0
92,77741,0.0
92,77742,0.0
92,77743,0.0
92,77744,0.0
92,77745,0.0
92,77746,0.0
92,77747,0.0
92,77748,0.0
92,77801,0.0
92,77802,0.0
92,77803,0.0
92,77804,0.0
92,77805,0.0
92,77806,0.0
92,77807,0.0
92,77808,0.0
92,77809,0.0
92,77810,0.0
92,77811,0.0
92,77812,0.0
92,77813,0.0
92,77814,0.0
92,77815,0.0
92,77816,0.0
92,77817,0.0
92,77818,0.0
92,77819,0.0
92,77820,0.0
92,77821,0.0
92,77822,0.0
92,77823,0.0
92,77824,0.0
92,77825,0.0
92,77826,0.0
92,77827,0.0
92,77828,0.0
92,77829,0.0
92,77830,0.0
92,77831,0.0
92,77832,0.0
92,77833,0.0
92,77834,0.0
92,77835,0.0
92,77836,0.0
92,77837,0.0
92,77838,0.0
92,77839,0.0
92,77840,0.0
92,77841,0.0
92,77842,0.0
92,77843,0.0
92,77844,0.0
92,77845,0.0
92,77846,0.0
92,77847,0.0
92,77848,0.0
92,77901,0.0
92,77902,0.0
92,77903,0.0
92,77904,0.0
92,77905,0.0
92,77906,0.0
92,77907,0.0
92,77908,0.0
92,77909,0.0
92,77910,0.0
92,77911,0.0
92,77912,0.0
92,77913,0.0
92,77914,0.0
92,77915,0.0
92,77916,0.0
92,77917,0.0
92,77918,0.0
92,77919,0.0
92,77920,0.0
92,77921,0.0
92,77922,0.0
92,77923,0.0
92,77924,0.0
92,77925,0.0
92,77926,0.0
92,77927,0.0
92,77928,0.0
92,77929,0.0
92,77930,0.0
92,77931,0.0
92,77932,0.0
92,77933,0.0
92,77934,0.0
92,77935,0.0
92,77936,0.0
92,77937,0.0
92,77938,0.0
92,77939,0.0
92,77940,0.0
92,77941,0.0
92,77942,0.0
92,77943,0.0
92,77944,0.0
92,77945,0.0
92,77946,0.0
92,77947,0.0
92,77948,0.0
92,78001,0.0
92,78002,0.0
92,78003,0.0
92,78004,0.0
92,78005,0.0
92,78006,0.0
92,78007,0.0
92,78008,0.0
92,78009,0.0
92,78010,0.0
92,78011,0.0
92,78012,0.0
92,78013,0.0
92,78014,0.0
92,78015,0.0
92,78016,0.0
92,78017,0.0
92,78018,0.0
92,78019,0.0
92,78020,0.0
92,78021,0.0
92,78022,0.0
92,78023,0.0
92,78024,0.0
92,78025,0.0
92,78026,0.0
92,78027,0.0
92,78028,0.0
92,78029,0.0
92,78030,0.0
92,78031,0.0
92,78032,0.0
92,78033,0.0
92,78034,0.0
92,78035,0.0
92,78036,0.0
92,78037,0.0
92,78038,0.0
92,78039,0.0
92,78040,0.0
92,78041,0.0
92,78042,0.0
92,78043,0.0
92,78044,0.0
92,78045,0.0
92,78046,0.0
92,78047,0.0
92,78048,0.0
92,78101,0.0
92,78102,0.0
92,78103,0.0
92,78104,0.0
92,78105,0.0
92,78106,0.0
92,78107,0.0
92,78108,0.0
92,78109,0.0
92,78110,0.0
92,78111,0.0
92,78112,0.0
92,78113,0.0
92,78114,0.0
92,78115,0.0
92,78116,0.0
92,78117,0.0
92,78118,0.0
92,78119,0.0
92,78120,0.0
92,78121,0.0
92,78122,0.0
92,78123,0.0
92,78124,0.0
92,78125,0.0
92,78126,0.0
92,78127,0.0
92,78128,0.0
92,78129,0.0
92,78130,0.0
92,78131,0.0
92,78132,0.0
92,78133,0.0
92,78134,0.0
92,78135,0.0
92,78136,0.0
92,78137,0.0
92,78138,0.0
92,78139,0.0
92,78140,0.0
92,78141,0.0
92,78142,0.0
92,78143,0.0
92,78144,0.0
92,78145,0.0
92,78146,0.0
92,78147,0.0
92,78148,0.0
92,78201,0.0
92,78202,0.0
92,78203,0.0
92,78204,0.0
92,78205,0.0
92,78206,0.0
92,78207,0.0
92,78208,0.0
92,78209,0.0
92,78210,0.0
92,78211,0.0
92,78212,0.0
92,78213,0.0
92,78214,0.0
92,78215,0.0
92,78216,0.0
92,78217,0.0
92,78218,0.0
92,78219,0.0
92,78220,0.0
92,78221,0.0
92,78222,0.0
92,78223,0.0
92,78224,0.0
92,78225,0.0
92,78226,0.0
92,78227,0.0
92,78228,0.0
92,78229,0.0
92,78230,0.0
92,78231,0.0
92,78232,0.0
92,78233,0.0
92,78234,0.0
92,78235,0.0
92,78236,0.0
92,78237,0.0
92,78238,0.0
92,78239,0.0
92,78240,0.0
92,78241,0.0
92,78242,0.0
92,78243,0.0
92,78244,0.0
92,78245,0.0
92,78246,0.0
92,78247,0.0
92,78248,0.0
92,78301,0.0
92,78302,0.0
92,78303,0.0
92,78304,0.0
92,78305,0.0
92,78306,0.0
92,78307,0.0
92,78308,0.0
92,78309,0.0
92,78310,0.0
92,78311,0.0
92,78312,0.0
92,78313,0.0
92,78314,0.0
92,78315,0.0
92,78316,0.0
92,78317,0.0
92,78318,0.0
92,78319,0.0
92,78320,0.0
92,78321,0.0
92,78322,0.0
92,78323,0.0
92,78324,0.0
92,78325,0.0
92,78326,0.0
92,78327,0.0
92,78328,0.0
92,78329,0.0
92,78330,0.0
92,78331,0.0
92,78332,0.0
92,78333,0.0
92,78334,0.0
92,78335,0.0
92,78336,0.0
92,78337,0.0
92,78338,0.0
92,78339,0.0
92,78340,0.0
92,78341,0.0
92,78342,0.0
92,78343,0.0
92,78344,0.0
92,78345,0.0
92,78346,0.0
92,78347,0.0
92,78348,0.0
92,78401,0.0
92,78402,0.0
92,78403,0.0
92,78404,0.0
92,78405,0.0
92,78406,0.0
92,78407,0.0
92,78408,0.0
92,78409,0.0
92,78410,0.0
92,78411,0.0
92,78412,0.0
92,78413,0.0
92,78414,0.0
92,78415,0.0
92,78416,0.0
92,78417,0.0
92,78418,0.0
92,78419,0.0
92,78420,0.0
92,78421,0.0
92,78422,0.0
92,78423,0.0
92,78424,0.0
92,78425,0.0
92,78426,0.0
92,78427,0.0
92,78428,0.0
92,78429,0.0
92,78430,0.0
92,78431,0.0
92,78432,0.0
92,78433,0.0
92,78434,0.0
92,78435,0.0
92,78436,0.0
92,78437,0.0
92,78438,0.0
92,78439,0.0
92,78440,0.0
92,78441,0.0
92,78442,0.0
92,78443,0.0
92,78444,0.0
92,78445,0.0
92,78446,0.0
92,78447,0.0
92,78448,0.0
92,78501,0.0
92,78502,0.0
92,78503,0.0
92,78504,0.0
92,78505,0.0
92,78506,0.0
92,78507,0.0
92,78508,0.0
92,78509,0.0
92,78510,0.0
92,78511,0.0
92,78512,0.0
92,78513,0.0
92,78514,0.0
92,78515,0.0
92,78516,0.0
92,78517,0.0
92,78518,0.0
92,78519,0.0
92,78520,0.0
92,78521,0.0
92,78522,0.0
92,78523,0.0
92,78524,0.0
92,78525,0.0
92,78526,0.0
92,78527,0.0
92,78528,0.0
92,78529,0.0
92,78530,0.0
92,78531,0.0
92,78532,0.0
92,78533,0.0
92,78534,0.0
92,78535,0.0
92,78536,0.0
92,78537,0.0
92,78538,0.0
92,78539,0.0
92,78540,0.0
92,78541,0.0
92,78542,0.0
92,78543,0.0
92,78544,0.0
92,78545,0.0
92,78546,0.0
92,78547,0.0
92,78548,0.0
92,78601,0.0
92,78602,0.0
92,78603,0.0
92,78604,0.0
92,78605,0.0
92,78606,0.0
92,78607,0.0
92,78608,0.0
92,78609,0.0
92,78610,0.0
92,78611,0.0
92,78612,0.0
92,78613,0.0
92,78614,0.0
92,78615,0.0
92,78616,0.0
92,78617,0.0
92,78618,0.0
92,78619,0.0
92,78620,0.0
92,78621,0.0
92,78622,0.0
92,78623,0.0
92,78624,0.0
92,78625,0.0
92,78626,0.0
92,78627,0.0
92,78628,0.0
92,78629,0.0
92,78630,0.0
92,78631,0.0
92,78632,0.0
92,78633,0.0
92,78634,0.0
92,78635,0.0
92,78636,0.0
92,78637,0.0
92,78638,0.0
92,78639,0.0
92,78640,0.0
92,78641,0.0
92,78642,0.0
92,78643,0.0
92,78644,0.0
92,78645,0.0
92,78646,0.0
92,78647,0.0
92,78648,0.0
92,78701,0.0
92,78702,0.0
92,78703,0.0
92,78704,0.0
92,78705,0.0
92,78706,0.0
92,78707,0.0
92,78708,0.0
92,78709,0.0
92,78710,0.0
92,78711,0.0
92,78712,0.0
92,78713,0.0
92,78714,0.0
92,78715,0.0
92,78716,0.0
92,78717,0.0
92,78718,0.0
92,78719,0.0
92,78720,0.0
92,78721,0.0
92,78722,0.0
92,78723,0.0
92,78724,0.0
92,78725,0.0
92,78726,0.0
92,78727,0.0
92,78728,0.0
92,78729,0.0
92,78730,0.0
92,78731,0.0
92,78732,0.0
92,78733,0.0
92,78734,0.0
92,78735,0.0
92,78736,0.0
92,78737,0.0
92,78738,0.0
92,78739,0.0
92,78740,0.0
92,78741,0.0
92,78742,0.0
92,78743,0.0
92,78744,0.0
92,78745,0.0
92,78746,0.0
92,78747,0.0
92,78748,0.0
92,78801,0.0
92,78802,0.0
92,78803,0.0
92,78804,0.0
92,78805,0.0
92,78806,0.0
92,78807,0.0
92,78808,0.0
92,78809,0.0
92,78810,0.0
92,78811,0.0
92,78812,0.0
92,78813,0.0
92,78814,0.0
92,78815,0.0
92,78816,0.0
92,78817,0.0
92,78818,0.0
92,78819,0.0
92,78820,0.0
92,78821,0.0
92,78822,0.0
92,78823,0.0
92,78824,0.0
92,78825,0.0
92,78826,0.0
92,78827,0.0
92,78828,0.0
92,78829,0.0
92,78830,0.0
92,78831,0.0
92,78832,0.0
92,78833,0.0
92,78834,0.0
92,78835,0.0
92,78836,0.0
92,78837,0.0
92,78838,0.0
92,78839,0.0
92,78840,0.0
92,78841,0.0
92,78842,0.0
92,78843,0.0
92,78844,0.0
92,78845,0.0
92,78846,0.0
92,78847,0.0
92,78848,0.0
92,78901,0.0
92,78902,0.0
92,78903,0.0
92,78904,0.0
92,78905,0.0
92,78906,0.0
92,78907,0.0
92,78908,0.0
92,78909,0.0
92,78910,0.0
92,78911,0.0
92,78912,0.0
92,78913,0.0
92,78914,0.0
92,78915,0.0
92,78916,0.0
92,78917,0.0
92,78918,0.0
92,78919,0.0
92,78920,0.0
92,78921,0.0
92,78922,0.0
92,78923,0.0
92,78924,0.0
92,78925,0.0
92,78926,0.0
92,78927,0.0
92,78928,0.0
92,78929,0.0
92,78930,0.0
92,78931,0.0
92,78932,0.0
92,78933,0.0
92,78934,0.0
92,78935,0.0
92,78936,0.0
92,78937,0.0
92,78938,0.0
92,78939,0.0
92,78940,0.0
92,78941,0.0
92,78942,0.0
92,78943,0.0
92,78944,0.0
92,78945,0.0
92,78946,0.0
92,78947,0.0
92,78948,0.0
92,79001,0.0
92,79002,0.0
92,79003,0.0
92,79004,0.0
92,79005,0.0
92,79006,0.0
92,79007,0.0
92,79008,0.0
92,79009,0.0
92,79010,0.0
92,79011,0.0
92,79012,0.0
92,79013,0.0
92,79014,0.0
92,79015,0.0
92,79016,0.0
92,79017,0.0
92,79018,0.0
92,79019,0.0
92,79020,0.0
92,79021,0.0
92,79022,0.0
92,79023,0.0
92,79024,0.0
92,79025,0.0
92,79026,0.0
92,79027,0.0
92,79028,0.0
92,79029,0.0
92,79030,0.0
92,79031,0.0
92,79032,0.0
92,79033,0.0
92,79034,0.0
92,79035,0.0
92,79036,0.0
92,79037,0.0
92,79038,0.0
92,79039,0.0
92,79040,0.0
92,79041,0.0
92,79042,0.0
92,79043,0.0
92,79044,0.0
92,79045,0.0
92,79046,0.0
92,79047,0.0
92,79048,0.0
92,79101,0.0
92,79102,0.0
92,79103,0.0
92,79104,0.0
92,79105,0.0
92,79106,0.0
92,79107,0.0
92,79108,0.0
92,79109,0.0
92,79110,0.0
92,79111,0.0
92,79112,0.0
92,79113,0.0
92,79114,0.0
92,79115,0.0
92,79116,0.0
92,79117,0.0
92,79118,0.0
92,79119,0.0
92,79120,0.0
92,79121,0.0
92,79122,0.0
92,79123,0.0
92,79124,0.0
92,79125,0.0
92,79126,0.0
92,79127,0.0
92,79128,0.0
92,79129,0.0
92,79130,0.0
92,79131,0.0
92,79132,0.0
92,79133,0.0
92,79134,0.0
92,79135,0.0
92,79136,0.0
92,79137,0.0
92,79138,0.0
92,79139,0.0
92,79140,0.0
92,79141,0.0
92,79142,0.0
92,79143,0.0
92,79144,0.0
92,79145,0.0
92,79146,0.0
92,79147,0.0
92,79148,0.0
92,79201,0.0
92,79202,0.0
92,79203,0.0
92,79204,0.0
92,79205,0.0
92,79206,0.0
92,79207,0.0
92,79208,0.0
92,79209,0.0
92,79210,0.0
92,79211,0.0
92,79212,0.0
92,79213,0.0
92,79214,0.0
92,79215,0.0
92,79216,0.0
92,79217,0.0
92,79218,0.0
92,79219,0.0
92,79220,0.0
92,79221,0.0
92,79222,0.0
92,79223,0.0
92,79224,0.0
92,79225,0.0
92,79226,0.0
92,79227,0.0
92,79228,0.0
92,79229,0.0
92,79230,0.0
92,79231,0.0
92,79232,0.0
92,79233,0.0
92,79234,0.0
92,79235,0.0
92,79236,0.0
92,79237,0.0
92,79238,0.0
92,79239,0.0
92,79240,0.0
92,79241,0.0
92,79242,0.0
92,79243,0.0
92,79244,0.0
92,79245,0.0
92,79246,0.0
92,79247,0.0
92,79248,0.0
92,79301,0.0
92,79302,0.0
92,79303,0.0
92,79304,0.0
92,79305,0.0
92,79306,0.0
92,79307,0.0
92,79308,0.0
92,79309,0.0
92,79310,0.0
92,79311,0.0
92,79312,0.0
92,79313,0.0
92,79314,0.0
92,79315,0.0
92,79316,0.0
92,79317,0.0
92,79318,0.0
92,79319,0.0
92,79320,0.0
92,79321,0.0
92,79322,0.0
92,79323,0.0
92,79324,0.0
92,79325,0.0
92,79326,0.0
92,79327,0.0
92,79328,0.0
92,79329,0.0
92,79330,0.0
92,79331,0.0
92,79332,0.0
92,79333,0.0
92,79334,0.0
92,79335,0.0
92,79336,0.0
92,79337,0.0
92,79338,0.0
92,79339,0.0
92,79340,0.0
92,79341,0.0
92,79342,0.0
92,79343,0.0
92,79344,0.0
92,79345,0.0
92,79346,0.0
92,79347,0.0
92,79348,0.0
92,79401,0.0
92,79402,0.0
92,79403,0.0
92,79404,0.0
92,79405,0.0
92,79406,0.0
92,79407,0.0
92,79408,0.0
92,79409,0.0
92,79410,0.0
92,79411,0.0
92,79412,0.0
92,79413,0.0
92,79414,0.0
92,79415,0.0
92,79416,0.0
92,79417,0.0
92,79418,0.0
92,79419,0.0
92,79420,0.0
92,79421,0.0
92,79422,0.0
92,79423,0.0
92,79424,0.0
92,79425,0.0
92,79426,0.0
92,79427,0.0
92,79428,0.0
92,79429,0.0
92,79430,0.0
92,79431,0.0
92,79432,0.0
92,79433,0.0
92,79434,0.0
92,79435,0.0
92,79436,0.0
92,79437,0.0
92,79438,0.0
92,79439,0.0
92,79440,0.0
92,79441,0.0
92,79442,0.0
92,79443,0.0
92,79444,0.0
92,79445,0.0
92,79446,0.0
92,79447,0.0
92,79448,0.0
92,79501,0.0
92,79502,0.0
92,79503,0.0
92,79504,0.0
92,79505,0.0
92,79506,0.0
92,79507,0.0
92,79508,0.0
92,79509,0.0
92,79510,0.0
92,79511,0.0
92,79512,0.0
92,79513,0.0
92,79514,0.0
92,79515,0.0
92,79516,0.0
92,79517,0.0
92,79518,0.0
92,79519,0.0
92,79520,0.0
92,79521,0.0
92,79522,0.0
92,79523,0.0
92,79524,0.0
92,79525,0.0
92,79526,0.0
92,79527,0.0
92,79528,0.0
92,79529,0.0
92,79530,0.0
92,79531,0.0
92,79532,0.0
92,79533,0.0
92,79534,0.0
92,79535,0.0
92,79536,0.0
92,79537,0.0
92,79538,0.0
92,79539,0.0
92,79540,0.0
92,79541,0.0
92,79542,0.0
92,79543,0.0
92,79544,0.0
92,79545,0.0
92,79546,0.0
92,79547,0.0
92,79548,0.0
92,79601,0.0
92,79602,0.0
92,79603,0.0
92,79604,0.0
92,79605,0.0
92,79606,0.0
92,79607,0.0
92,79608,0.0
92,79609,0.0
92,79610,0.0
92,79611,0.0
92,79612,0.0
92,79613,0.0
92,79614,0.0
92,79615,0.0
92,79616,0.0
92,79617,0.0
92,79618,0.0
92,79619,0.0
92,79620,0.0
92,79621,0.0
92,79622,0.0
92,79623,0.0
92,79624,0.0
92,79625,0.0
92,79626,0.0
92,79627,0.0
92,79628,0.0
92,79629,0.0
92,79630,0.0
92,79631,0.0
92,79632,0.0
92,79633,0.0
92,79634,0.0
92,79635,0.0
92,79636,0.0
92,79637,0.0
92,79638,0.0
92,79639,0.0
92,79640,0.0
92,79641,0.0
92,79642,0.0
92,79643,0.0
92,79644,0.0
92,79645,0.0
92,79646,0.0
92,79647,0.0
92,79648,0.0
92,79701,0.0
92,79702,0.0
92,79703,0.0
92,79704,0.0
92,79705,0.0
92,79706,0.0
92,79707,0.0
92,79708,0.0
92,79709,0.0
92,79710,0.0
92,79711,0.0
92,79712,0.0
92,79713,0.0
92,79714,0.0
92,79715,0.0
92,79716,0.0
92,79717,0.0
92,79718,0.0
92,79719,0.0
92,79720,0.0
92,79721,0.0
92,79722,0.0
92,79723,0.0
92,79724,0.0
92,79725,0.0
92,79726,0.0
92,79727,0.0
92,79728,0.0
92,79729,0.0
92,79730,0.0
92,79731,0.0
92,79732,0.0
92,79733,0.0
92,79734,0.0
92,79735,0.0
92,79736,0.0
92,79737,0.0
92,79738,0.0
92,79739,0.0
92,79740,0.0
92,79741,0.0
92,79742,0.0
92,79743,0.0
92,79744,0.0
92,79745,0.0
92,79746,0.0
92,79747,0.0
92,79748,0.0
92,79801,0.0
92,79802,0.0
92,79803,0.0
92,79804,0.0
92,79805,0.0
92,79806,0.0
92,79807,0.0
92,79808,0.0
92,79809,0.0
92,79810,0.0
92,79811,0.0
92,79812,0.0
92,79813,0.0
92,79814,0.0
92,79815,0.0
92,79816,0.0
92,79817,0.0
92,79818,0.0
92,79819,0.0
92,79820,0.0
92,79821,0.0
92,79822,0.0
92,79823,0.0
92,79824,0.0
92,79825,0.0
92,79826,0.0
92,79827,0.0
92,79828,0.0
92,79829,0.0
92,79830,0.0
92,79831,0.0
92,79832,0.0
92,79833,0.0
92,79834,0.0
92,79835,0.0
92,79836,0.0
92,79837,0.0
92,79838,0.0
92,79839,0.0
92,79840,0.0
92,79841,0.0
92,79842,0.0
92,79843,0.0
92,79844,0.0
92,79845,0.0
92,79846,0.0
92,79847,0.0
92,79848,0.0
92,79901,0.0
92,79902,0.0
92,79903,0.0
92,79904,0.0
92,79905,0.0
92,79906,0.0
92,79907,0.0
92,79908,0.0
92,79909,0.0
92,79910,0.0
92,79911,0.0
92,79912,0.0
92,79913,0.0
92,79914,0.0
92,79915,0.0
92,79916,0.0
92,79917,0.0
92,79918,0.0
92,79919,0.0
92,79920,0.0
92,79921,0.0
92,79922,0.0
92,79923,0.0
92,79924,0.0
92,79925,0.0
92,79926,0.0
92,79927,0.0
92,79928,0.0
92,79929,0.0
92,79930,0.0
92,79931,0.0
92,79932,0.0
92,79933,0.0
92,79934,0.0
92,79935,0.0
92,79936,0.0
92,79937,0.0
92,79938,0.0
92,79939,0.0
92,79940,0.0
92,79941,0.0
92,79942,0.0
92,79943,0.0
92,79944,0.0
92,79945,0.0
92,79946,0.0
92,79947,0.0
92,79948,0.0
92,80001,0.0
92,80002,0.0
92,80003,0.0
92,80004,0.0
92,80005,0.0
92,80006,0.0
92,80007,0.0
92,80008,0.0
92,80009,0.0
92,80010,0.0
92,80011,0.0
92,80012,0.0
92,80013,0.0
92,80014,0.0
92,80015,0.0
92,80016,0.0
92,80017,0.0
92,80018,0.0
92,80019,0.0
92,80020,0.0
92,80021,0.0
92,80022,0.0
92,80023,0.0
92,80024,0.0
92,80025,0.0
92,80026,0.0
92,80027,0.0
92,80028,0.0
92,80029,0.0
92,80030,0.0
92,80031,0.0
92,80032,0.0
92,80033,0.0
92,80034,0.0
92,80035,0.0
92,80036,0.0
92,80037,0.0
92,80038,0.0
92,80039,0.0
92,80040,0.0
92,80041,0.0
92,80042,0.0
92,80043,0.0
92,80044,0.0
92,80045,0.0
92,80046,0.0
92,80047,0.0
92,80048,0.0
92,80101,0.0
92,80102,0.0
92,80103,0.0
92,80104,0.0
92,80105,0.0
92,80106,0.0
92,80107,0.0
92,80108,0.0
92,80109,0.0
92,80110,0.0
92,80111,0.0
92,80112,0.0
92,80113,0.0
92,80114,0.0
92,80115,0.0
92,80116,0.0
92,80117,0.0
92,80118,0.0
92,80119,0.0
92,80120,0.0
92,80121,0.0
92,80122,0.0
92,80123,0.0
92,80124,0.0
92,80125,0.0
92,80126,0.0
92,80127,0.0
92,80128,0.0
92,80129,0.0
92,80130,0.0
92,80131,0.0
92,80132,0.0
92,80133,0.0
92,80134,0.0
92,80135,0.0
92,80136,0.0
92,80137,0.0
92,80138,0.0
92,80139,0.0
92,80140,0.0
92,80141,0.0
92,80142,0.0
92,80143,0.0
92,80144,0.0
92,80145,0.0
92,80146,0.0
92,80147,0.0
92,80148,0.0
92,80201,0.0
92,80202,0.0
92,80203,0.0
92,80204,0.0
92,80205,0.0
92,80206,0.0
92,80207,0.0
92,80208,0.0
92,80209,0.0
92,80210,0.0
92,80211,0.0
92,80212,0.0
92,80213,0.0
92,80214,0.0
92,80215,0.0
92,80216,0.0
92,80217,0.0
92,80218,0.0
92,80219,0.0
92,80220,0.0
92,80221,0.0
92,80222,0.0
92,80223,0.0
92,80224,0.0
92,80225,0.0
92,80226,0.0
92,80227,0.0
92,80228,0.0
92,80229,0.0
92,80230,0.0
92,80231,0.0
92,80232,0.0
92,80233,0.0
92,80234,0.0
92,80235,0.0
92,80236,0.0
92,80237,0.0
92,80238,0.0
92,80239,0.0
92,80240,0.0
92,80241,0.0
92,80242,0.0
92,80243,0.0
92,80244,0.0
92,80245,0.0
92,80246,0.0
92,80247,0.0
92,80248,0.0
92,80301,0.0
92,80302,0.0
92,80303,0.0
92,80304,0.0
92,80305,0.0
92,80306,0.0
92,80307,0.0
92,80308,0.0
92,80309,0.0
92,80310,0.0
92,80311,0.0
92,80312,0.0
92,80313,0.0
92,80314,0.0
92,80315,0.0
92,80316,0.0
92,80317,0.0
92,80318,0.0
92,80319,0.0
92,80320,0.0
92,80321,0.0
92,80322,0.0
92,80323,0.0
92,80324,0.0
92,80325,0.0
92,80326,0.0
92,80327,0.0
92,80328,0.0
92,80329,0.0
92,80330,0.0
92,80331,0.0
92,80332,0.0
92,80333,0.0
92,80334,0.0
92,80335,0.0
92,80336,0.0
92,80337,0.0
92,80338,0.0
92,80339,0.0
92,80340,0.0
92,80341,0.0
92,80342,0.0
92,80343,0.0
92,80344,0.0
92,80345,0.0
92,80346,0.0
92,80347,0.0
92,80348,0.0
92,80401,0.0
92,80402,0.0
92,80403,0.0
92,80404,0.0
92,80405,0.0
92,80406,0.0
92,80407,0.0
92,80408,0.0
92,80409,0.0
92,80410,0.0
92,80411,0.0
92,80412,0.0
92,80413,0.0
92,80414,0.0
92,80415,0.0
92,80416,0.0
92,80417,0.0
92,80418,0.0
92,80419,0.0
92,80420,0.0
92,80421,0.0
92,80422,0.0
92,80423,0.0
92,80424,0.0
92,80425,0.0
92,80426,0.0
92,80427,0.0
92,80428,0.0
92,80429,0.0
92,80430,0.0
92,80431,0.0
92,80432,0.0
92,80433,0.0
92,80434,0.0
92,80435,0.0
92,80436,0.0
92,80437,0.0
92,80438,0.0
92,80439,0.0
92,80440,0.0
92,80441,0.0
92,80442,0.0
92,80443,0.0
92,80444,0.0
92,80445,0.0
92,80446,0.0
92,80447,0.0
92,80448,0.0
92,80501,0.0
92,80502,0.0
92,80503,0.0
92,80504,0.0
92,80505,0.0
92,80506,0.0
92,80507,0.0
92,80508,0.0
92,80509,0.0
92,80510,0.0
92,80511,0.0
92,80512,0.0
92,80513,0.0
92,80514,0.0
92,80515,0.0
92,80516,0.0
92,80517,0.0
92,80518,0.0
92,80519,0.0
92,80520,0.0
92,80521,0.0
92,80522,0.0
92,80523,0.0
92,80524,0.0
92,80525,0.0
92,80526,0.0
92,80527,0.0
92,80528,0.0
92,80529,0.0
92,80530,0.0
92,80531,0.0
92,80532,0.0
92,80533,0.0
92,80534,0.0
92,80535,0.0
92,80536,0.0
92,80537,0.0
92,80538,0.0
92,80539,0.0
92,80540,0.0
92,80541,0.0
92,80542,0.0
92,80543,0.0
92,80544,0.0
92,80545,0.0
92,80546,0.0
92,80547,0.0
92,80548,0.0
92,80601,0.0
92,80602,0.0
92,80603,0.0
92,80604,0.0
92,80605,0.0
92,80606,0.0
92,80607,0.0
92,80608,0.0
92,80609,0.0
92,80610,0.0
92,80611,0.0
92,80612,0.0
92,80613,0.0
92,80614,0.0
92,80615,0.0
92,80616,0.0
92,80617,0.0
92,80618,0.0
92,80619,0.0
92,80620,0.0
92,80621,0.0
92,80622,0.0
92,80623,0.0
92,80624,0.0
92,80625,0.0
92,80626,0.0
92,80627,0.0
92,80628,0.0
92,80629,0.0
92,80630,0.0
92,80631,0.0
92,80632,0.0
92,80633,0.0
92,80634,0.0
92,80635,0.0
92,80636,0.0
92,80637,0.0
92,80638,0.0
92,80639,0.0
92,80640,0.0
92,80641,0.0
92,80642,0.0
92,80643,0.0
92,80644,0.0
92,80645,0.0
92,80646,0.0
92,80647,0.0
92,80648,0.0
92,80701,0.0
92,80702,0.0
92,80703,0.0
92,80704,0.0
92,80705,0.0
92,80706,0.0
92,80707,0.0
92,80708,0.0
92,80709,0.0
92,80710,0.0
92,80711,0.0
92,80712,0.0
92,80713,0.0
92,80714,0.0
92,80715,0.0
92,80716,0.0
92,80717,0.0
92,80718,0.0
92,80719,0.0
92,80720,0.0
92,80721,0.0
92,80722,0.0
92,80723,0.0
92,80724,0.0
92,80725,0.0
92,80726,0.0
92,80727,0.0
92,80728,0.0
92,80729,0.0
92,80730,0.0
92,80731,0.0
92,80732,0.0
92,80733,0.0
92,80734,0.0
92,80735,0.0
92,80736,0.0
92,80737,0.0
92,80738,0.0
92,80739,0.0
92,80740,0.0
92,80741,0.0
92,80742,0.0
92,80743,0.0
92,80744,0.0
92,80745,0.0
92,80746,0.0
92,80747,0.0
92,80748,0.0
92,80801,0.0
92,80802,0.0
92,80803,0.0
92,80804,0.0
92,80805,0.0
92,80806,0.0
92,80807,0.0
92,80808,0.0
92,80809,0.0
92,80810,0.0
92,80811,0.0
92,80812,0.0
92,80813,0.0
92,80814,0.0
92,80815,0.0
92,80816,0.0
92,80817,0.0
92,80818,0.0
92,80819,0.0
92,80820,0.0
92,80821,0.0
92,80822,0.0
92,80823,0.0
92,80824,0.0
92,80825,0.0
92,80826,0.0
92,80827,0.0
92,80828,0.0
92,80829,0.0
92,80830,0.0
92,80831,0.0
92,80832,0.0
92,80833,0.0
92,80834,0.0
92,80835,0.0
92,80836,0.0
92,80837,0.0
92,80838,0.0
92,80839,0.0
92,80840,0.0
92,80841,0.0
92,80842,0.0
92,80843,0.0
92,80844,0.0
92,80845,0.0
92,80846,0.0
92,80847,0.0
92,80848,0.0
92,80901,0.0
92,80902,0.0
92,80903,0.0
92,80904,0.0
92,80905,0.0
92,80906,0.0
92,80907,0.0
92,80908,0.0
92,80909,0.0
92,80910,0.0
92,80911,0.0
92,80912,0.0
92,80913,0.0
92,80914,0.0
92,80915,0.0
92,80916,0.0
92,80917,0.0
92,80918,0.0
92,80919,0.0
92,80920,0.0
92,80921,0.0
92,80922,0.0
92,80923,0.0
92,80924,0.0
92,80925,0.0
92,80926,0.0
92,80927,0.0
92,80928,0.0
92,80929,0.0
92,80930,0.0
92,80931,0.0
92,80932,0.0
92,80933,0.0
92,80934,0.0
92,80935,0.0
92,80936,0.0
92,80937,0.0
92,80938,0.0
92,80939,0.0
92,80940,0.0
92,80941,0.0
92,80942,0.0
92,80943,0.0
92,80944,0.0
92,80945,0.0
92,80946,0.0
92,80947,0.0
92,80948,0.0
92,81001,0.0
92,81002,0.0
92,81003,0.0
92,81004,0.0
92,81005,0.0
92,81006,0.0
92,81007,0.0
92,81008,0.0
92,81009,0.0
92,81010,0.0
92,81011,0.0
92,81012,0.0
92,81013,0.0
92,81014,0.0
92,81015,0.0
92,81016,0.0
92,81017,0.0
92,81018,0.0
92,81019,0.0
92,81020,0.0
92,81021,0.0
92,81022,0.0
92,81023,0.0
92,81024,0.0
92,81025,0.0
92,81026,0.0
92,81027,0.0
92,81028,0.0
92,81029,0.0
92,81030,0.0
92,81031,0.0
92,81032,0.0
92,81033,0.0
92,81034,0.0
92,81035,0.0
92,81036,0.0
92,81037,0.0
92,81038,0.0
92,81039,0.0
92,81040,0.0
92,81041,0.0
92,81042,0.0
92,81043,0.0
92,81044,0.0
92,81045,0.0
92,81046,0.0
92,81047,0.0
92,81048,0.0
92,81101,0.0
92,81102,0.0
92,81103,0.0
92,81104,0.0
92,81105,0.0
92,81106,0.0
92,81107,0.0
92,81108,0.0
92,81109,0.0
92,81110,0.0
92,81111,0.0
92,81112,0.0
92,81113,0.0
92,81114,0.0
92,81115,0.0
92,81116,0.0
92,81117,0.0
92,81118,0.0
92,81119,0.0
92,81120,0.0
92,81121,0.0
92,81122,0.0
92,81123,0.0
92,81124,0.0
92,81125,0.0
92,81126,0.0
92,81127,0.0
92,81128,0.0
92,81129,0.0
92,81130,0.0
92,81131,0.0
92,81132,0.0
92,81133,0.0
92,81134,0.0
92,81135,0.0
92,81136,0.0
92,81137,0.0
92,81138,0.0
92,81139,0.0
92,81140,0.0
92,81141,0.0
92,81142,0.0
92,81143,0.0
92,81144,0.0
92,81145,0.0
92,81146,0.0
92,81147,0.0
92,81148,0.0
92,81201,0.0
92,81202,0.0
92,81203,0.0
92,81204,0.0
92,81205,0.0
92,81206,0.0
92,81207,0.0
92,81208,0.0
92,81209,0.0
92,81210,0.0
92,81211,0.0
92,81212,0.0
92,81213,0.0
92,81214,0.0
92,81215,0.0
92,81216,0.0
92,81217,0.0
92,81218,0.0
92,81219,0.0
92,81220,0.0
92,81221,0.0
92,81222,0.0
92,81223,0.0
92,81224,0.0
92,81225,0.0
92,81226,0.0
92,81227,0.0
92,81228,0.0
92,81229,0.0
92,81230,0.0
92,81231,0.0
92,81232,0.0
92,81233,0.0
92,81234,0.0
92,81235,0.0
92,81236,0.0
92,81237,0.0
92,81238,0.0
92,81239,0.0
92,81240,0.0
92,81241,0.0
92,81242,0.0
92,81243,0.0
92,81244,0.0
92,81245,0.0
92,81246,0.0
92,81247,0.0
92,81248,0.0
92,81301,0.0
92,81302,0.0
92,81303,0.0
92,81304,0.0
92,81305,0.0
92,81306,0.0
92,81307,0.0
92,81308,0.0
92,81309,0.0
92,81310,0.0
92,81311,0.0
92,81312,0.0
92,81313,0.0
92,81314,0.0
92,81315,0.0
92,81316,0.0
92,81317,0.0
92,81318,0.0
92,81319,0.0
92,81320,0.0
92,81321,0.0
92,81322,0.0
92,81323,0.0
92,81324,0.0
92,81325,0.0
92,81326,0.0
92,81327,0.0
92,81328,0.0
92,81329,0.0
92,81330,0.0
92,81331,0.0
92,81332,0.0
92,81333,0.0
92,81334,0.0
92,81335,0.0
92,81336,0.0
92,81337,0.0
92,81338,0.0
92,81339,0.0
92,81340,0.0
92,81341,0.0
92,81342,0.0
92,81343,0.0
92,81344,0.0
92,81345,0.0
92,81346,0.0
92,81347,0.0
92,81348,0.0
92,81401,0.0
92,81402,0.0
92,81403,0.0
92,81404,0.0
92,81405,0.0
92,81406,0.0
92,81407,0.0
92,81408,0.0
92,81409,0.0
92,81410,0.0
92,81411,0.0
92,81412,0.0
92,81413,0.0
92,81414,0.0
92,81415,0.0
92,81416,0.0
92,81417,0.0
92,81418,0.0
92,81419,0.0
92,81420,0.0
92,81421,0.0
92,81422,0.0
92,81423,0.0
92,81424,0.0
92,81425,0.0
92,81426,0.0
92,81427,0.0
92,81428,0.0
92,81429,0.0
92,81430,0.0
92,81431,0.0
92,81432,0.0
92,81433,0.0
92,81434,0.0
92,81435,0.0
92,81436,0.0
92,81437,0.0
92,81438,0.0
92,81439,0.0
92,81440,0.0
92,81441,0.0
92,81442,0.0
92,81443,0.0
92,81444,0.0
92,81445,0.0
92,81446,0.0
92,81447,0.0
92,81448,0.0
92,81501,0.0
92,81502,0.0
92,81503,0.0
92,81504,0.0
92,81505,0.0
92,81506,0.0
92,81507,0.0
92,81508,0.0
92,81509,0.0
92,81510,0.0
92,81511,0.0
92,81512,0.0
92,81513,0.0
92,81514,0.0
92,81515,0.0
92,81516,0.0
92,81517,0.0
92,81518,0.0
92,81519,0.0
92,81520,0.0
92,81521,0.0
92,81522,0.0
92,81523,0.0
92,81524,0.0
92,81525,0.0
92,81526,0.0
92,81527,0.0
92,81528,0.0
92,81529,0.0
92,81530,0.0
92,81531,0.0
92,81532,0.0
92,81533,0.0
92,81534,0.0
92,81535,0.0
92,81536,0.0
92,81537,0.0
92,81538,0.0
92,81539,0.0
92,81540,0.0
92,81541,0.0
92,81542,0.0
92,81543,0.0
92,81544,0.0
92,81545,0.0
92,81546,0.0
92,81547,0.0
92,81548,0.0
92,81601,0.0
92,81602,0.0
92,81603,0.0
92,81604,0.0
92,81605,0.0
92,81606,0.0
92,81607,0.0
92,81608,0.0
92,81609,0.0
92,81610,0.0
92,81611,0.0
92,81612,0.0
92,81613,0.0
92,81614,0.0
92,81615,0.0
92,81616,0.0
92,81617,0.0
92,81618,0.0
92,81619,0.0
92,81620,0.0
92,81621,0.0
92,81622,0.0
92,81623,0.0
92,81624,0.0
92,81625,0.0
92,81626,0.0
92,81627,0.0
92,81628,0.0
92,81629,0.0
92,81630,0.0
92,81631,0.0
92,81632,0.0
92,81633,0.0
92,81634,0.0
92,81635,0.0
92,81636,0.0
92,81637,0.0
92,81638,0.0
92,81639,0.0
92,81640,0.0
92,81641,0.0
92,81642,0.0
92,81643,0.0
92,81644,0.0
92,81645,0.0
92,81646,0.0
92,81647,0.0
92,81648,0.0
92,81701,0.0
92,81702,0.0
92,81703,0.0
92,81704,0.0
92,81705,0.0
92,81706,0.0
92,81707,0.0
92,81708,0.0
92,81709,0.0
92,81710,0.0
92,81711,0.0
92,81712,0.0
92,81713,0.0
92,81714,0.0
92,81715,0.0
92,81716,0.0
92,81717,0.0
92,81718,0.0
92,81719,0.0
92,81720,0.0
92,81721,0.0
92,81722,0.0
92,81723,0.0
92,81724,0.0
92,81725,0.0
92,81726,0.0
92,81727,0.0
92,81728,0.0
92,81729,0.0
92,81730,0.0
92,81731,0.0
92,81732,0.0
92,81733,0.0
92,81734,0.0
92,81735,0.0
92,81736,0.0
92,81737,0.0
92,81738,0.0
92,81739,0.0
92,81740,0.0
92,81741,0.0
92,81742,0.0
92,81743,0.0
92,81744,0.0
92,81745,0.0
92,81746,0.0
92,81747,0.0
92,81748,0.0
92,81801,0.0
92,81802,0.0
92,81803,0.0
92,81804,0.0
92,81805,0.0
92,81806,0.0
92,81807,0.0
92,81808,0.0
92,81809,0.0
92,81810,0.0
92,81811,0.0
92,81812,0.0
92,81813,0.0
92,81814,0.0
92,81815,0.0
92,81816,0.0
92,81817,0.0
92,81818,0.0
92,81819,0.0
92,81820,0.0
92,81821,0.0
92,81822,0.0
92,81823,0.0
92,81824,0.0
92,81825,0.0
92,81826,0.0
92,81827,0.0
92,81828,0.0
92,81829,0.0
92,81830,0.0
92,81831,0.0
92,81832,0.0
92,81833,0.0
92,81834,0.0
92,81835,0.0
92,81836,0.0
92,81837,0.0
92,81838,0.0
92,81839,0.0
92,81840,0.0
92,81841,0.0
92,81842,0.0
92,81843,0.0
92,81844,0.0
92,81845,0.0
92,81846,0.0
92,81847,0.0
92,81848,0.0
92,81901,0.0
92,81902,0.0
92,81903,0.0
92,81904,0.0
92,81905,0.0
92,81906,0.0
92,81907,0.0
92,81908,0.0
92,81909,0.0
92,81910,0.0
92,81911,0.0
92,81912,0.0
92,81913,0.0
92,81914,0.0
92,81915,0.0
92,81916,0.0
92,81917,0.0
92,81918,0.0
92,81919,0.0
92,81920,0.0
92,81921,0.0
92,81922,0.0
92,81923,0.0
92,81924,0.0
92,81925,0.0
92,81926,0.0
92,81927,0.0
92,81928,0.0
92,81929,0.0
92,81930,0.0
92,81931,0.0
92,81932,0.0
92,81933,0.0
92,81934,0.0
92,81935,0.0
92,81936,0.0
92,81937,0.0
92,81938,0.0
92,81939,0.0
92,81940,0.0
92,81941,0.0
92,81942,0.0
92,81943,0.0
92,81944,0.0
92,81945,0.0
92,81946,0.0
92,81947,0.0
92,81948,0.0
92,82001,0.0
92,82002,0.0
92,82003,0.0
92,82004,0.0
92,82005,0.0
92,82006,0.0
92,82007,0.0
92,82008,0.0
92,82009,0.0
92,82010,0.0
92,82011,0.0
92,82012,0.0
92,82013,0.0
92,82014,0.0
92,82015,0.0
92,82016,0.0
92,82017,0.0
92,82018,0.0
92,82019,0.0
92,82020,0.0
92,82021,0.0
92,82022,0.0
92,82023,0.0
92,82024,0.0
92,82025,0.0
92,82026,0.0
92,82027,0.0
92,82028,0.0
92,82029,0.0
92,82030,0.0
92,82031,0.0
92,82032,0.0
92,82033,0.0
92,82034,0.0
92,82035,0.0
92,82036,0.0
92,82037,0.0
92,82038,0.0
92,82039,0.0
92,82040,0.0
92,82041,0.0
92,82042,0.0
92,82043,0.0
92,82044,0.0
92,82045,0.0
92,82046,0.0
92,82047,0.0
92,82048,0.0
92,82101,0.0
92,82102,0.0
92,82103,0.0
92,82104,0.0
92,82105,0.0
92,82106,0.0
92,82107,0.0
92,82108,0.0
92,82109,0.0
92,82110,0.0
92,82111,0.0
92,82112,0.0
92,82113,0.0
92,82114,0.0
92,82115,0.0
92,82116,0.0
92,82117,0.0
92,82118,0.0
92,82119,0.0
92,82120,0.0
92,82121,0.0
92,82122,0.0
92,82123,0.0
92,82124,0.0
92,82125,0.0
92,82126,0.0
92,82127,0.0
92,82128,0.0
92,82129,0.0
92,82130,0.0
92,82131,0.0
92,82132,0.0
92,82133,0.0
92,82134,0.0
92,82135,0.0
92,82136,0.0
92,82137,0.0
92,82138,0.0
92,82139,0.0
92,82140,0.0
92,82141,0.0
92,82142,0.0
92,82143,0.0
92,82144,0.0
92,82145,0.0
92,82146,0.0
92,82147,0.0
92,82148,0.0
92,82201,0.0
92,82202,0.0
92,82203,0.0
92,82204,0.0
92,82205,0.0
92,82206,0.0
92,82207,0.0
92,82208,0.0
92,82209,0.0
92,82210,0.0
92,82211,0.0
92,82212,0.0
92,82213,0.0
92,82214,0.0
92,82215,0.0
92,82216,0.0
92,82217,0.0
92,82218,0.0
92,82219,0.0
92,82220,0.0
92,82221,0.0
92,82222,0.0
92,82223,0.0
92,82224,0.0
92,82225,0.0
92,82226,0.0
92,82227,0.0
92,82228,0.0
92,82229,0.0
92,82230,0.0
92,82231,0.0
92,82232,0.0
92,82233,0.0
92,82234,0.0
92,82235,0.0
92,82236,0.0
92,82237,0.0
92,82238,0.0
92,82239,0.0
92,82240,0.0
92,82241,0.0
92,82242,0.0
92,82243,0.0
92,82244,0.0
92,82245,0.0
92,82246,0.0
92,82247,0.0
92,82248,0.0
92,82301,0.0
92,82302,0.0
92,82303,0.0
92,82304,0.0
92,82305,0.0
92,82306,0.0
92,82307,0.0
92,82308,0.0
92,82309,0.0
92,82310,0.0
92,82311,0.0
92,82312,0.0
92,82313,0.0
92,82314,0.0
92,82315,0.0
92,82316,0.0
92,82317,0.0
92,82318,0.0
92,82319,0.0
92,82320,0.0
92,82321,0.0
92,82322,0.0
92,82323,0.0
92,82324,0.0
92,82325,0.0
92,82326,0.0
92,82327,0.0
92,82328,0.0
92,82329,0.0
92,82330,0.0
92,82331,0.0
92,82332,0.0
92,82333,0.0
92,82334,0.0
92,82335,0.0
92,82336,0.0
92,82337,0.0
92,82338,0.0
92,82339,0.0
92,82340,0.0
92,82341,0.0
92,82342,0.0
92,82343,0.0
92,82344,0.0
92,82345,0.0
92,82346,0.0
92,82347,0.0
92,82348,0.0
92,82401,0.0
92,82402,0.0
92,82403,0.0
92,82404,0.0
92,82405,0.0
92,82406,0.0
92,82407,0.0
92,82408,0.0
92,82409,0.0
92,82410,0.0
92,82411,0.0
92,82412,0.0
92,82413,0.0
92,82414,0.0
92,82415,0.0
92,82416,0.0
92,82417,0.0
92,82418,0.0
92,82419,0.0
92,82420,0.0
92,82421,0.0
92,82422,0.0
92,82423,0.0
92,82424,0.0
92,82425,0.0
92,82426,0.0
92,82427,0.0
92,82428,0.0
92,82429,0.0
92,82430,0.0
92,82431,0.0
92,82432,0.0
92,82433,0.0
92,82434,0.0
92,82435,0.0
92,82436,0.0
92,82437,0.0
92,82438,0.0
92,82439,0.0
92,82440,0.0
92,82441,0.0
92,82442,0.0
92,82443,0.0
92,82444,0.0
92,82445,0.0
92,82446,0.0
92,82447,0.0
92,82448,0.0
