ID,DT,Usage
141,18601,0.11533307562967797
141,18602,0.23997849925158898
141,18603,0.12171998258537867
141,18604,0.11360164185461363
141,18605,0.1563629138118906
141,18606,0.2631048033186796
141,18607,0.16009469345883606
141,18608,0.13804540689896475
141,18609,0.26666701809056875
141,18610,0.21390029356196202
141,18611,0.0988073748399864
141,18612,0.24071626333052482
141,18613,0.2513244742690031
141,18614,0.2773702272596714
141,18615,0.1922117552703754
141,18616,0.28392600039159405
141,18617,0.09495791303222591
141,18618,0.12360543673661145
141,18619,0.2515027039290095
141,18620,0.643573479378065
141,18621,0.942991339836726
141,18622,1.449184718489636
141,18623,0.6450917515586228
141,18624,0.9153498870826698
141,18625,0.9805868771720956
141,18626,0.9586932996532777
141,18627,0.26392260336187184
141,18628,0.6050635558227673
141,18629,0.9912847143339728
141,18630,0.9430391403649675
141,18631,0.6069611025493835
141,18632,1.0981119504074563
141,18633,0.7142885191951621
141,18634,1.0859402812373524
141,18635,0.39663856317806967
141,18636,0.7188808240260044
141,18637,0.4652016751418555
141,18638,0.2917340894192456
141,18639,0.818393922188737
141,18640,0.15022532500120755
141,18641,0.150337763711463
141,18642,0.5746497375283065
141,18643,0.4778161719351629
141,18644,0.3986098274852813
141,18645,0.25305803719874664
141,18646,0.37534318437521186
141,18647,0.14646046098916682
141,18648,0.3304499960574731
141,18701,0.2400518626928108
141,18702,0.21658071780948165
141,18703,0.11449556603239852
141,18704,0.294653916509524
141,18705,0.17616898272921586
141,18706,0.18666577876854729
141,18707,0.11304891966786082
141,18708,0.2875071875267541
141,18709,0.12887940967884715
141,18710,0.35967060477850266
141,18711,0.2569632492993598
141,18712,0.260075999149155
141,18713,0.2605917796894991
141,18714,0.20558165561048988
141,18715,0.10165053037353104
141,18716,0.2387723787191723
141,18717,0.11476096964679844
141,18718,0.215291910271029
141,18719,0.5795405388763342
141,18720,0.44460591202934624
141,18721,0.36849218705258113
141,18722,1.254815067968641
141,18723,0.9495773821573561
141,18724,1.560609918000351
141,18725,0.6432422044752869
141,18726,0.33240551032601356
141,18727,0.8524122106793753
141,18728,0.760386630133767
141,18729,0.7571386214702347
141,18730,0.6562229440510869
141,18731,0.7013414347242272
141,18732,1.4675763573054512
141,18733,0.6051012753209568
141,18734,0.5594831091651633
141,18735,0.45471121949666377
141,18736,0.43626304625762413
141,18737,0.25849106777836134
141,18738,0.8753313466704157
141,18739,0.773075804026709
141,18740,0.3120480699387722
141,18741,0.295670965964748
141,18742,0.24982317538058663
141,18743,0.6723884865016397
141,18744,0.5060832274514249
141,18745,0.37125680512764425
141,18746,0.4086273304261003
141,18747,0.16576756810957335
141,18748,0.42123360396099974
141,18801,0.2428527091770602
141,18802,0.1953394423461394
141,18803,0.3415676547888504
141,18804,0.129724729614837
141,18805,0.33022246743485756
141,18806,0.11369724744763111
141,18807,0.07779935776547257
141,18808,0.27384684710450474
141,18809,0.2890203347049694
141,18810,0.24211655941156898
141,18811,0.0
141,18812,0.0
141,18813,0.0
141,18814,0.0
141,18815,0.0
141,18816,0.0
141,18817,0.0
141,18818,0.0
141,18819,0.10986324040296752
141,18820,0.41673967073926516
141,18821,0.07683858824748468
141,18822,0.1296870330151147
141,18823,0.1635712639553069
141,18824,0.14351185671861952
141,18825,0.08217652955709562
141,18826,0.10632743177711611
141,18827,0.1281078210636257
141,18828,0.32964821532054145
141,18829,0.7118518878109582
141,18830,0.5044697707016219
141,18831,0.3230857323860838
141,18832,0.913333504583079
141,18833,1.0515017200727044
141,18834,0.28987191949749097
141,18835,0.29748796243857306
141,18836,0.3995794897330989
141,18837,0.7819847335114182
141,18838,0.47996168474571727
141,18839,0.531339925583475
141,18840,0.5549398959106996
141,18841,0.978063381822972
141,18842,0.6588934321198078
141,18843,0.4858910876701124
141,18844,0.18700062456494213
141,18845,0.4895368146478567
141,18846,0.24424564549232983
141,18847,0.3817147541288672
141,18848,0.48858611107571753
141,18901,0.28404157569957245
141,18902,0.774233097918039
141,18903,0.08980807616497488
141,18904,0.18872058226672578
141,18905,0.2854774532543433
141,18906,0.24092602338097638
141,18907,0.07164589733387401
141,18908,0.20906089205441405
141,18909,0.07151674917649889
141,18910,0.17227592133726286
141,18911,0.25029000339235086
141,18912,0.07225927689160838
141,18913,0.15447521554629215
141,18914,0.15990556328542357
141,18915,0.1076390154625187
141,18916,0.08039019528263354
141,18917,0.19048994255864865
141,18918,0.12901894457323218
141,18919,0.1511718309666292
141,18920,0.1814672611375707
141,18921,0.10036791253739094
141,18922,0.1488271527887216
141,18923,0.08901209034786522
141,18924,0.19827271581635436
141,18925,0.22024714626487124
141,18926,0.08404736375022742
141,18927,0.2845298689700014
141,18928,0.3685867152090521
141,18929,0.3332457546296596
141,18930,0.6494919472851199
141,18931,1.336417894047617
141,18932,0.4382053006889535
141,18933,0.6547968901997119
141,18934,0.9337164998887606
141,18935,0.6585246659377126
141,18936,0.4696205366312928
141,18937,0.4705768765265976
141,18938,0.8701518861229749
141,18939,0.3365670015148997
141,18940,0.7366749365756922
141,18941,0.9535089582854063
141,18942,0.7816734427899255
141,18943,0.3809485982016563
141,18944,0.5647576270682056
141,18945,0.4195098050597576
141,18946,0.1637596228277996
141,18947,0.2386017665582206
141,18948,0.542281374683335
141,19001,0.31312417839530743
141,19002,0.315199849017755
141,19003,0.20297230788329096
141,19004,0.17836366433004128
141,19005,0.2886995952768867
141,19006,0.3598605971590692
141,19007,0.13237290073293811
141,19008,0.1646754922092234
141,19009,0.2871720177584893
141,19010,0.19192085329043046
141,19011,0.09850496346099004
141,19012,0.10653427272124079
141,19013,0.11256219861841159
141,19014,0.20229500788427804
141,19015,0.4274191732705412
141,19016,0.1507773496696076
141,19017,0.3034535057659287
141,19018,0.16567504475487818
141,19019,0.13445981941381477
141,19020,0.23197454476756568
141,19021,0.060807495021847284
141,19022,0.19039720559393677
141,19023,0.17058588499490035
141,19024,0.22201908747055968
141,19025,0.0977589552249656
141,19026,0.20792485815205153
141,19027,0.21008160751104132
141,19028,0.6803119325607351
141,19029,0.6922939147172015
141,19030,0.7691705259751431
141,19031,0.4817410719549495
141,19032,0.28268062142496975
141,19033,0.2527159013726583
141,19034,0.8935468785333495
141,19035,0.9254246639563055
141,19036,0.3009463176963039
141,19037,0.32217979493039317
141,19038,0.5713246686820349
141,19039,0.7518578134753873
141,19040,0.23048845017978983
141,19041,0.8122091325758354
141,19042,0.4208527814639423
141,19043,0.25616966394346724
141,19044,0.18791791218443102
141,19045,0.24881861069914155
141,19046,0.08521401673317813
141,19047,0.1999018469704505
141,19048,0.2603685447193694
141,19101,0.17299833194482006
141,19102,0.39886196847586286
141,19103,0.3235307930584507
141,19104,0.18509112947092765
141,19105,0.24824110797367505
141,19106,0.10237117048820991
141,19107,0.21529355697076524
141,19108,0.20178172178143977
141,19109,0.21476052968916912
141,19110,0.19072203072943977
141,19111,0.23247266876301217
141,19112,0.29437012506384347
141,19113,0.20707805800761914
141,19114,0.2277941120455093
141,19115,0.20580533771081655
141,19116,0.10780562164578994
141,19117,0.09219549252758834
141,19118,0.1703781104725667
141,19119,0.0859266574585584
141,19120,0.16809270910656393
141,19121,0.1679917477007375
141,19122,0.08850759217796021
141,19123,0.2753674710471353
141,19124,0.08101320294200348
141,19125,0.20625823154059766
141,19126,0.2712075863761827
141,19127,0.15488532315630946
141,19128,0.5378688963327363
141,19129,0.7335920543019164
141,19130,0.36235118266520966
141,19131,0.7342425663341741
141,19132,0.2689269369248229
141,19133,0.4913683550208905
141,19134,0.8910282676688959
141,19135,0.9468279470142813
141,19136,0.4564197140793848
141,19137,1.1112994883879985
141,19138,1.0779036928332597
141,19139,1.9691108489432327
141,19140,1.0012643919799835
141,19141,1.1300662750869463
141,19142,0.8098182827969562
141,19143,1.0968287406005595
141,19144,0.39818696762996664
141,19145,0.32113586552145956
141,19146,0.36104307299744226
141,19147,0.5434842023180808
141,19148,0.18641460616319017
141,19201,0.169095226270803
141,19202,0.4262971583739026
141,19203,0.3239776278456836
141,19204,0.16789605159248241
141,19205,0.2155703068766464
141,19206,0.1174100213838062
141,19207,0.22481488035136696
141,19208,0.26237841707535114
141,19209,0.29777272354095724
141,19210,0.31396068291865986
141,19211,0.19201887138140544
141,19212,0.27432885530342815
141,19213,0.27945409539174176
141,19214,0.19796862725694234
141,19215,0.33772320326815514
141,19216,0.27563841700155994
141,19217,0.23148052026647614
141,19218,0.1500471594486594
141,19219,0.0734383836368941
141,19220,0.09047515662571756
141,19221,0.08913768388844842
141,19222,0.164378783716905
141,19223,0.16553672280065057
141,19224,0.20722648690520282
141,19225,0.07390406110998773
141,19226,0.1170767232545904
141,19227,0.12956309163830237
141,19228,0.2670959348136726
141,19229,0.5780856519282955
141,19230,0.609053158911595
141,19231,0.7005547722742448
141,19232,0.984439411137707
141,19233,0.9005815615295063
141,19234,0.7662213753930726
141,19235,0.6367700787390778
141,19236,0.7442384068974024
141,19237,0.3242889311516348
141,19238,1.076512942848264
141,19239,0.5227487741973063
141,19240,0.7935218345943004
141,19241,0.7902030848014492
141,19242,0.5490612438140443
141,19243,0.5475787131869186
141,19244,0.6203449350567912
141,19245,0.36769901027684526
141,19246,0.39042093355595275
141,19247,0.5608686758004425
141,19248,0.11883958083948226
141,19301,0.20059133513708488
141,19302,0.1297623328801167
141,19303,0.30345097774839674
141,19304,0.08875091897870532
141,19305,0.13682381690206022
141,19306,0.2926803741664853
141,19307,0.13322859718803493
141,19308,0.2687068079059596
141,19309,0.20349714778057593
141,19310,0.24751953036247318
141,19311,0.10910408651971015
141,19312,0.1604597899686256
141,19313,0.40431263486936786
141,19314,0.14007579231275397
141,19315,0.2514971149056512
141,19316,0.07648828917787612
141,19317,0.10735373886347827
141,19318,0.2879823909152231
141,19319,0.21577252894045723
141,19320,0.17029229444208738
141,19321,0.17936492928888656
141,19322,0.19073683341192074
141,19323,0.1807256604237745
141,19324,0.11378087885053735
141,19325,0.06681562246507099
141,19326,0.2505528024753923
141,19327,0.2774465548088172
141,19328,0.6273810318498548
141,19329,0.7854730065797242
141,19330,0.3776314831406724
141,19331,0.7941022570581935
141,19332,0.5758295253765356
141,19333,0.8492158905895928
141,19334,0.545377351840006
141,19335,0.4361590422282135
141,19336,0.8162322689526611
141,19337,1.3378160697847152
141,19338,0.7393790767116665
141,19339,1.0673103732423637
141,19340,0.5859933326164243
141,19341,0.43131888884171843
141,19342,0.6578414817654068
141,19343,0.16581474746877947
141,19344,0.3597417133408888
141,19345,0.12384280478176318
141,19346,0.18569487659108352
141,19347,0.15179878412725328
141,19348,0.3066148805457552
141,19401,0.29444200375931956
141,19402,0.28765959658267554
141,19403,0.08826191736176342
141,19404,0.2560082853883835
141,19405,0.2787147463842394
141,19406,0.23191577305018782
141,19407,0.0965773540477104
141,19408,0.15744976173357803
141,19409,0.2288778407696705
141,19410,0.16574098161810882
141,19411,0.2190574791286082
141,19412,0.24212434115235687
141,19413,0.3856686450828885
141,19414,0.23636750008075397
141,19415,0.22464023001061148
141,19416,0.1381028286256094
141,19417,0.1655263941312543
141,19418,0.24931594105985794
141,19419,0.33424727064029763
141,19420,0.38960984800253856
141,19421,0.1973450583072073
141,19422,0.10532019871948713
141,19423,0.312517916831061
141,19424,0.7129506143342744
141,19425,0.21568210455131118
141,19426,0.0570224158043226
141,19427,0.13120598477275325
141,19428,1.173840654774545
141,19429,0.7059039291839154
141,19430,1.1877475188996705
141,19431,0.9812216418014947
141,19432,0.33486451418308205
141,19433,1.752865064455561
141,19434,0.3932041020269928
141,19435,0.5343130001735705
141,19436,0.710202377881174
141,19437,0.8742590496892936
141,19438,0.8887325538057489
141,19439,0.8450070252219848
141,19440,1.0308225313457098
141,19441,1.2993590591300257
141,19442,0.5428372135659509
141,19443,0.37659762557811893
141,19444,0.24229163257306688
141,19445,0.5678703151110175
141,19446,0.1503182537722928
141,19447,0.24792383281630198
141,19448,0.1928996052970225
141,19501,0.11551137479867109
141,19502,0.27235609046150305
141,19503,0.22634714250141535
141,19504,0.07785306439764052
141,19505,0.1975762576569094
141,19506,0.13058335724170236
141,19507,0.180740421377382
141,19508,0.1898208186713265
141,19509,0.14229068341006845
141,19510,0.33840324996131516
141,19511,0.07992053112437324
141,19512,0.18163139549639534
141,19513,0.1866030297630202
141,19514,0.36827009487481727
141,19515,0.29441546842609007
141,19516,0.1344944664941834
141,19517,0.20677571182610252
141,19518,0.0761312522616847
141,19519,0.23558347280898317
141,19520,0.24408284964266266
141,19521,0.11468737728271435
141,19522,0.0933689815630779
141,19523,0.12466422461601193
141,19524,0.16083346407468918
141,19525,0.08155101261921269
141,19526,0.15033027742697713
141,19527,0.2663576857720036
141,19528,0.13399056931925954
141,19529,0.7952401646323487
141,19530,0.5046817138323026
141,19531,1.0465726017571035
141,19532,0.5057955548937348
141,19533,0.8859952121038515
141,19534,0.6598385181273589
141,19535,0.919517617985622
141,19536,0.3379969963529018
141,19537,0.9231322958303756
141,19538,0.8418556343147946
141,19539,1.2337166912232171
141,19540,0.3836749827511563
141,19541,1.2334207346738804
141,19542,0.8114080388184115
141,19543,0.22937363349564954
141,19544,0.5943717676286412
141,19545,0.4090442366029891
141,19546,0.5303721139809116
141,19547,0.17833500025439952
141,19548,0.18088102948221907
141,19601,0.2909784783913627
141,19602,0.27463381621703004
141,19603,0.08759525738594146
141,19604,0.13283157969107734
141,19605,0.22715329050340227
141,19606,0.24601946681394288
141,19607,0.33294401097719284
141,19608,0.3370852932268167
141,19609,0.11619687024666053
141,19610,0.09223455409151651
141,19611,0.2252843952786925
141,19612,0.28976382297250336
141,19613,0.2698120850884597
141,19614,0.24426358573348977
141,19615,0.2300651525890035
141,19616,0.3221666008022975
141,19617,0.13424593831265652
141,19618,0.06949314835320265
141,19619,0.08788440650905328
141,19620,0.29627623029595346
141,19621,0.20392999952243512
141,19622,0.11090279331881196
141,19623,0.17063489269223742
141,19624,0.34798382459662663
141,19625,0.31251765649029584
141,19626,0.815005741030882
141,19627,0.3938157881506244
141,19628,0.20103418649288216
141,19629,0.407632359265483
141,19630,0.9414427964479655
141,19631,0.5464628174535041
141,19632,1.0260579904950842
141,19633,0.26894802037093485
141,19634,0.2743145772153157
141,19635,1.0286551262910961
141,19636,0.4459245452680204
141,19637,0.7361375132338377
141,19638,1.0909921668515883
141,19639,1.1550284984990102
141,19640,1.052506367319067
141,19641,0.6239397391476343
141,19642,0.5567407966238931
141,19643,0.6111845247055061
141,19644,0.5303380619659918
141,19645,0.5034731708662735
141,19646,0.22197275115152457
141,19647,0.4926748887973937
141,19648,0.1241258261532287
141,19701,0.1799447219411106
141,19702,0.19123851656243615
141,19703,0.17728290456619228
141,19704,0.11427551523784832
141,19705,0.32647180674364384
141,19706,0.1789783009133656
141,19707,0.2558520753842823
141,19708,0.21210499795853174
141,19709,0.337911424709408
141,19710,0.07069704731753047
141,19711,0.2517155779046196
141,19712,0.1495058122110566
141,19713,0.2114219931685762
141,19714,0.06112161494574056
141,19715,0.47830151796668463
141,19716,0.07633973825162768
141,19717,0.058041637653160616
141,19718,0.117593299348997
141,19719,0.31721806685479137
141,19720,0.2759695830441501
141,19721,0.20282874093943518
141,19722,0.17841358330092053
141,19723,0.23224218530192264
141,19724,0.11746955317672277
141,19725,0.11821950577126702
141,19726,0.7001309105531657
141,19727,0.6964980249742592
141,19728,0.44871411845552983
141,19729,0.580568465706432
141,19730,0.6704638938027249
141,19731,0.5859830636836736
141,19732,0.5541125996690035
141,19733,0.6975162202531081
141,19734,1.0500932293806313
141,19735,1.1972818821938995
141,19736,0.6899563327494226
141,19737,0.9151427311866257
141,19738,1.8382308910870875
141,19739,2.0941934168012906
141,19740,1.28645096448394
141,19741,1.55950991572495
141,19742,0.9957108301530894
141,19743,0.43630056983214466
141,19744,0.6729687886218614
141,19745,0.5308526015842923
141,19746,0.4030117041932813
141,19747,0.38757861373628094
141,19748,0.21008715377634485
141,19801,0.2931031565747908
141,19802,0.15874960111475372
141,19803,0.1538368636213385
141,19804,0.15364715203070423
141,19805,0.3364191312455799
141,19806,0.2770644868021957
141,19807,0.23348681479578184
141,19808,0.1495059362179228
141,19809,0.2622326207141074
141,19810,0.14389710402080264
141,19811,0.28586285438100284
141,19812,0.14156903951099956
141,19813,0.49936313136771515
141,19814,1.3487085313930096
141,19815,1.991891254467347
141,19816,2.17501329346206
141,19817,0.7435287696825569
141,19818,1.0287665907397616
141,19819,0.35175224320534787
141,19820,0.33485061144048867
141,19821,0.1907921276812053
141,19822,0.7248747676399603
141,19823,0.37776480849912264
141,19824,0.19955882082828952
141,19825,0.6663127218332007
141,19826,0.1693933254377152
141,19827,0.20682173440257462
141,19828,0.1807150792306553
141,19829,0.751906414680642
141,19830,1.033848762781509
141,19831,0.25796773389656924
141,19832,0.7060249713380918
141,19833,0.5958820902418349
141,19834,1.0086872017728619
141,19835,0.8698518238941588
141,19836,0.77691495873311
141,19837,1.267801919308475
141,19838,0.6722310933859361
141,19839,0.3532270099047747
141,19840,1.157884443734409
141,19841,0.9376103257533989
141,19842,0.644156503209627
141,19843,0.38520210241677416
141,19844,0.3922986098422054
141,19845,0.5199927478378517
141,19846,0.4147436940706412
141,19847,0.6343701518113964
141,19848,0.22640680070739794
141,19901,0.17392049143280758
141,19902,0.3256773368287172
141,19903,0.21273963939279072
141,19904,0.11154532067815777
141,19905,0.24950628377348197
141,19906,0.22577067590354458
141,19907,0.21588023412352617
141,19908,0.34268370554701083
141,19909,0.24230106010548666
141,19910,0.14698700415579463
141,19911,0.3237438412222858
141,19912,0.20565753306866316
141,19913,0.7328773923977748
141,19914,0.7326310763058824
141,19915,1.0601946451179067
141,19916,1.7149412482805775
141,19917,0.15645300439970797
141,19918,0.11906374574378745
141,19919,0.1586199359367516
141,19920,0.24975416373002898
141,19921,0.24899164620297926
141,19922,0.29576820486022143
141,19923,0.7317809610406896
141,19924,0.09903146908239785
141,19925,0.1589378687327674
141,19926,0.3614046441803612
141,19927,0.35272390927150954
141,19928,0.4813986953176397
141,19929,1.0220424889984119
141,19930,0.5260840770321552
141,19931,0.4028115638485985
141,19932,0.5910425168532871
141,19933,0.8741501626452428
141,19934,0.3223295530486453
141,19935,0.6549087136257152
141,19936,0.6669471510004438
141,19937,0.6163533395445284
141,19938,0.4996453148031515
141,19939,1.5167184072176931
141,19940,0.3457644434238913
141,19941,0.631397353975785
141,19942,0.6292569666266641
141,19943,0.21852035725066138
141,19944,0.4616974230422741
141,19945,0.1967964576087823
141,19946,0.09845924056517945
141,19947,0.21614387583314923
141,19948,0.1523951680136969
141,20001,0.2859497472870953
141,20002,0.430359131728105
141,20003,0.1565785923963364
141,20004,0.17732512619951024
141,20005,0.13726448691678445
141,20006,0.2165200521134342
141,20007,0.2601785708950036
141,20008,0.1335915875090658
141,20009,0.18548782137062098
141,20010,0.16599518281049164
141,20011,0.1079883353315161
141,20012,0.2555814938853103
141,20013,0.28254534013110005
141,20014,0.30043454537178166
141,20015,0.355334433568848
141,20016,0.24828296708983952
141,20017,0.19077039682522762
141,20018,0.07685924595270326
141,20019,0.19636662948215
141,20020,0.7164561722479764
141,20021,0.27535352717295236
141,20022,0.11821454106665696
141,20023,0.2855886472775888
141,20024,0.19065558326233237
141,20025,0.19391920328100296
141,20026,0.1269847160813626
141,20027,0.22183154887949144
141,20028,0.5359471602269397
141,20029,0.5406801924160359
141,20030,0.3378123560992941
141,20031,0.35581241250180956
141,20032,0.43632746873610007
141,20033,0.49647370312714034
141,20034,0.5900813127153581
141,20035,0.48705667627344545
141,20036,0.7622542981185827
141,20037,1.104368576392509
141,20038,0.7507752632486686
141,20039,1.3293932577716592
141,20040,1.2613899700541598
141,20041,1.1521923603546995
141,20042,0.3273736626839404
141,20043,0.4485567527280452
141,20044,0.6297161790787698
141,20045,0.293964322660841
141,20046,0.23527666729006477
141,20047,0.418284142751348
141,20048,0.235590593200996
141,20101,0.2844711359160813
141,20102,0.2676521641294092
141,20103,0.3722259665340402
141,20104,0.17047542032523547
141,20105,0.29353599904913213
141,20106,0.1557281529230785
141,20107,0.24807430987485574
141,20108,0.21973310088925455
141,20109,0.09091006401831667
141,20110,0.16211297111264011
141,20111,0.24961601613580436
141,20112,0.14028361778834658
141,20113,0.0814948357773028
141,20114,0.09418020335100194
141,20115,0.19916528618023294
141,20116,0.25186288744920277
141,20117,0.33467394693266866
141,20118,0.17262029125756775
141,20119,0.0631502108148848
141,20120,0.45943398599859014
141,20121,0.36218160517938414
141,20122,0.12001027855796784
141,20123,0.1804758209835444
141,20124,0.21086417163595003
141,20125,0.26224933623336044
141,20126,0.1576629735672992
141,20127,0.14833060377553253
141,20128,0.39002093008160976
141,20129,0.8907515566620893
141,20130,0.7773472409384914
141,20131,0.8879907333363427
141,20132,0.5656080704228541
141,20133,0.8018086082022947
141,20134,0.5143478426203081
141,20135,0.8277543131928895
141,20136,1.1333748412800262
141,20137,1.1003448722973914
141,20138,0.9398472574570073
141,20139,1.13073656878572
141,20140,0.639943084077653
141,20141,0.562084507313267
141,20142,0.2864243967258327
141,20143,0.20217537829223076
141,20144,0.558898565419771
141,20145,0.14536318987708455
141,20146,0.37359420545288546
141,20147,0.19980748075609098
141,20148,0.29643775041397163
141,20201,0.18155643974917324
141,20202,0.3989141980732287
141,20203,0.20701548345727563
141,20204,0.09625681873551054
141,20205,0.08713561149953088
141,20206,0.08855674899997086
141,20207,0.2396081029243719
141,20208,0.3238015481598921
141,20209,0.1648405318253878
141,20210,0.5844627219508153
141,20211,2.569704731112931
141,20212,0.8790777751094057
141,20213,0.8624905559113012
141,20214,1.9991403836321178
141,20215,1.4187381747882213
141,20216,1.5986192619167972
141,20217,0.13800738627016126
141,20218,0.11670783636060267
141,20219,0.12366404384277979
141,20220,0.165178847198206
141,20221,0.12936478645963886
141,20222,0.18559294472464366
141,20223,0.30088001640912454
141,20224,0.04934854093625939
141,20225,0.17685525746689384
141,20226,0.2897709012027782
141,20227,0.07127486038614671
141,20228,0.3090518298411694
141,20229,0.5067774015067834
141,20230,0.29836267523305404
141,20231,0.6618617993059842
141,20232,0.3705943786419411
141,20233,0.3742641180767324
141,20234,0.8335494738495535
141,20235,0.42275590027084975
141,20236,0.8007360348175672
141,20237,0.33990908052229873
141,20238,1.053892894658694
141,20239,0.7552997835130467
141,20240,0.41988833267506537
141,20241,0.35976116463421925
141,20242,0.5972455315088142
141,20243,0.24245438515006745
141,20244,0.34316487973778087
141,20245,0.575783847772422
141,20246,0.34394449452251
141,20247,0.3627640401338924
141,20248,0.16032219226587766
141,20301,0.32946307442159156
141,20302,0.265622646363747
141,20303,0.1788370102895698
141,20304,0.26003979459809135
141,20305,0.13670595024219478
141,20306,0.36168009747483265
141,20307,0.3791616477353362
141,20308,0.27521297382077836
141,20309,0.12335476758155717
141,20310,0.2347017656388926
141,20311,0.20693368126088174
141,20312,0.2964204154465921
141,20313,0.1390543384807985
141,20314,0.07576624015563689
141,20315,0.11276811982387643
141,20316,0.3722644105948009
141,20317,0.2971492736758406
141,20318,0.2003473631844826
141,20319,0.30052770931580725
141,20320,0.22571251414585364
141,20321,0.1621908880619578
141,20322,0.17981857293130002
141,20323,0.40823446117046175
141,20324,0.11416449429334555
141,20325,0.18882156925578636
141,20326,0.23569616970098087
141,20327,0.2048415315963199
141,20328,0.31401129408315887
141,20329,0.5853079194303993
141,20330,0.49386250389637226
141,20331,0.39043699930508596
141,20332,0.5146341445085105
141,20333,0.4280010368377329
141,20334,0.2723914439777007
141,20335,0.38487964867635505
141,20336,0.35154195483376527
141,20337,1.106487928650729
141,20338,0.5000559219631696
141,20339,1.6008077672498249
141,20340,1.4320558779454844
141,20341,1.3620634738603095
141,20342,0.2737681350540182
141,20343,0.21699618130272683
141,20344,0.4909551999243724
141,20345,0.31341160028399834
141,20346,0.5564195743326207
141,20347,0.13001331516423809
141,20348,0.30186913562031437
141,20401,0.23614831504774064
141,20402,0.36125128160018904
141,20403,0.23268027670378116
141,20404,0.25986835218877424
141,20405,0.17090779862318606
141,20406,0.13568191490810624
141,20407,0.24934356224020693
141,20408,0.17375703782843605
141,20409,0.33200159445104144
141,20410,0.728335500750034
141,20411,1.0016252953705538
141,20412,0.8672504630106758
141,20413,0.7239802151650164
141,20414,2.443073445717475
141,20415,0.7123195574639553
141,20416,2.239948689756496
141,20417,2.293110229594511
141,20418,0.7647677669318828
141,20419,2.0554760211049765
141,20420,0.5680870720830814
141,20421,0.10987127034225194
141,20422,0.27297818152845804
141,20423,0.2895035416736743
141,20424,0.24422379099879565
141,20425,0.10640015316476176
141,20426,0.07412738696780706
141,20427,0.38116605139192505
141,20428,0.4621940330831187
141,20429,0.6809382247153631
141,20430,1.004300628023791
141,20431,0.6902885907826882
141,20432,0.6683685174417111
141,20433,0.9124047281062293
141,20434,0.733946150098746
141,20435,0.5019340261103706
141,20436,0.9785825239456231
141,20437,0.3677042615795254
141,20438,0.6587522379992752
141,20439,1.2828415535326647
141,20440,0.6622970595954687
141,20441,0.4073910061775782
141,20442,0.2944226346898054
141,20443,0.22084545252995905
141,20444,0.3832884585713345
141,20445,0.6323797978060114
141,20446,0.5199553443120506
141,20447,0.21662837454148587
141,20448,0.1468289973818454
141,20501,0.09651676913448728
141,20502,0.18776252732478202
141,20503,0.12760895094896854
141,20504,0.19089143712845733
141,20505,0.23461160797491312
141,20506,0.1074593399559366
141,20507,0.2578914215882047
141,20508,0.10794851767924452
141,20509,0.22785222518904907
141,20510,0.2022148549162041
141,20511,0.28978920193111274
141,20512,0.09787142935678628
141,20513,0.169263542653746
141,20514,0.2350255273656732
141,20515,0.24701451201840774
141,20516,0.22452509329305673
141,20517,0.09688646074444876
141,20518,0.2603304775603835
141,20519,0.3706872307901695
141,20520,1.1357912021616159
141,20521,0.36518408233925004
141,20522,0.4663203458507515
141,20523,1.7107436705676755
141,20524,0.7332666635238267
141,20525,1.0682820310763876
141,20526,1.1030307026551096
141,20527,0.23969987217024796
141,20528,0.24992513324708898
141,20529,0.4606931757514237
141,20530,0.18296825314114995
141,20531,0.3348449474321481
141,20532,0.18105043156237868
141,20533,0.13353839717028423
141,20534,0.3132515191188044
141,20535,0.22145572283859258
141,20536,0.6713944188832754
141,20537,0.6676255212876804
141,20538,0.24492373015584545
141,20539,0.3049342219529202
141,20540,0.1446666762479123
141,20541,0.3267787175570713
141,20542,0.16260655768811016
141,20543,0.37000308686734523
141,20544,0.3029502069726543
141,20545,2.365214786245353
141,20546,1.0278158813906966
141,20547,0.23428387973898718
141,20548,0.23519752396235272
141,20601,0.19794490758120256
141,20602,0.5142359868825156
141,20603,0.24107142170991872
141,20604,0.40966807619314505
141,20605,0.25988112036477246
141,20606,0.2345305300067098
141,20607,0.2017204411549859
141,20608,0.284327875274999
141,20609,0.30268563920583
141,20610,0.32049768125361866
141,20611,0.1273351366490759
141,20612,0.23606874947791434
141,20613,0.13720202131410994
141,20614,0.2093136764854664
141,20615,0.1805280503943069
141,20616,0.17952985306636196
141,20617,0.45525810544328255
141,20618,0.7749383198859223
141,20619,0.29421314705359874
141,20620,0.6621592529096575
141,20621,1.26626312366562
141,20622,1.0530610353755312
141,20623,0.47734874752945866
141,20624,0.6077652402159629
141,20625,0.3814438240473829
141,20626,0.29871111472786305
141,20627,0.9205639485177507
141,20628,0.6533856405655503
141,20629,0.37794443279163853
141,20630,0.9342941898930072
141,20631,0.3563282190244053
141,20632,0.8451870948968807
141,20633,0.9144224411280895
141,20634,0.45810498323476834
141,20635,0.3183828871598484
141,20636,0.5605107731568004
141,20637,0.4797134106030814
141,20638,0.1866748288893321
141,20639,0.5490933206104105
141,20640,0.43649429538411233
141,20641,0.7110469723482081
141,20642,0.4890045343966361
141,20643,0.2617201753242882
141,20644,0.6864200504071334
141,20645,0.5790841983944477
141,20646,0.3249605402901983
141,20647,0.29645639019560627
141,20648,0.3247818366221748
141,20701,0.1763690920171301
141,20702,0.36678367687213526
141,20703,0.232158237562192
141,20704,0.10684231715036463
141,20705,0.48862701148668686
141,20706,0.1608965275355172
141,20707,0.21223817898736502
141,20708,0.13045182609408423
141,20709,0.06397395648671361
141,20710,0.289991940711871
141,20711,0.18265659323320177
141,20712,0.13717492550060856
141,20713,0.380821497903251
141,20714,0.07703180601803049
141,20715,0.28389187039791075
141,20716,0.12079552879026018
141,20717,0.5724772223524615
141,20718,0.5147789795898566
141,20719,0.42613981281543145
141,20720,0.8387974625042496
141,20721,0.8808632034762304
141,20722,0.8705510269439091
141,20723,0.38602945189205945
141,20724,0.9260867950014444
141,20725,0.2728820648289076
141,20726,0.3583258570178783
141,20727,0.7456480831194194
141,20728,0.523337794188555
141,20729,0.16912097837503084
141,20730,0.17661272376398895
141,20731,0.45984165511232605
141,20732,0.20323611026156307
141,20733,0.19792364025759293
141,20734,0.09168313701222051
141,20735,0.12040286947407529
141,20736,0.3214208678802805
141,20737,0.5413007778137893
141,20738,0.6458238810461118
141,20739,0.22461137913603688
141,20740,0.35386080970639827
141,20741,0.11876547523856543
141,20742,0.26697285593507925
141,20743,0.15056344142496622
141,20744,0.37228253267175077
141,20745,0.20982732456963707
141,20746,0.19587950337594545
141,20747,0.20537328264127497
141,20748,0.08215099846600273
141,20801,0.22574558122283334
141,20802,0.0861155897326059
141,20803,0.2229857783253279
141,20804,0.11301799502865713
141,20805,0.09145717884131455
141,20806,0.18567196752469892
141,20807,0.17384412203099658
141,20808,0.23223558331337332
141,20809,0.10723925769640319
141,20810,0.12162562009878418
141,20811,0.2664925568712643
141,20812,0.19586013885519835
141,20813,0.3038118719386494
141,20814,0.2887595323536935
141,20815,1.0351105774193348
141,20816,2.245013177734931
141,20817,1.252660274964565
141,20818,0.9917974841699014
141,20819,2.2232728763816514
141,20820,0.9472233500566557
141,20821,1.1230929401897558
141,20822,0.48530607563256384
141,20823,1.24619590292132
141,20824,2.3823695711773474
141,20825,0.7211067827506783
141,20826,0.8648972938436753
141,20827,0.7348270481470942
141,20828,0.434270468443653
141,20829,0.27999983998341277
141,20830,0.6113418089556922
141,20831,0.32528970617765524
141,20832,0.4794949832304076
141,20833,1.3539059642266533
141,20834,0.948188542136181
141,20835,0.28044392955966013
141,20836,0.18782207102998727
141,20837,0.39882604036525454
141,20838,0.38501617322830695
141,20839,0.6179489652100975
141,20840,0.553802221134086
141,20841,0.2185828809059706
141,20842,0.1863321553003562
141,20843,0.30642929755905707
141,20844,0.4573234782286045
141,20845,0.1730327478226314
141,20846,0.24019501869177573
141,20847,0.27522214531371453
141,20848,0.46804818767182
141,20901,0.11627417710830791
141,20902,0.10616814803762367
141,20903,0.1657578170149065
141,20904,0.22289683209380254
141,20905,0.11988658839593995
141,20906,0.11852752185014181
141,20907,0.3137955799104272
141,20908,0.2854294130173839
141,20909,0.1342571164135327
141,20910,0.2875182136282878
141,20911,0.19598126528410004
141,20912,1.1490791983226925
141,20913,0.8868488562614091
141,20914,1.2048769939399273
141,20915,0.939485949542267
141,20916,0.9631621529180205
141,20917,0.4021332727432529
141,20918,0.7062326526487799
141,20919,0.2776314826742543
141,20920,0.36067066511836726
141,20921,0.7724594039630998
141,20922,0.7508254809545055
141,20923,0.5081247048366319
141,20924,0.9443980511475373
141,20925,0.5641033712918294
141,20926,0.9161620801802965
141,20927,0.36158849156710765
141,20928,0.2813917384187397
141,20929,0.1960885323685629
141,20930,0.19486842840684987
141,20931,0.17539276529672154
141,20932,0.1333550762973586
141,20933,0.2884388169673297
141,20934,0.34043102147537624
141,20935,0.14221725564177912
141,20936,0.28215600427749554
141,20937,0.9782544767574481
141,20938,0.4197594522198774
141,20939,1.2488243948763866
141,20940,0.6856126710793188
141,20941,0.21974890948777065
141,20942,0.3043481151024611
141,20943,0.46260331724807363
141,20944,0.46164959611685646
141,20945,0.22066445465978438
141,20946,0.33336240349594837
141,20947,0.4672234289412479
141,20948,0.19061060283646333
141,21001,0.11713311353459377
141,21002,0.362328682614846
141,21003,0.08010797674882472
141,21004,0.19394229319971304
141,21005,0.15944146376122212
141,21006,0.1882214146640062
141,21007,0.09559363661093741
141,21008,0.18436406706767083
141,21009,0.31750695574047955
141,21010,0.05780249051626599
141,21011,0.23643016824524335
141,21012,0.06255594429164056
141,21013,0.06925597435703504
141,21014,0.22038093105795192
141,21015,0.1054795865045643
141,21016,0.24622910875628878
141,21017,0.2834813209349679
141,21018,0.6242762136122315
141,21019,0.8076776905439392
141,21020,0.8958092534630363
141,21021,0.6806610182904129
141,21022,0.9184711722076178
141,21023,1.0596869259822217
141,21024,0.7273877763000995
141,21025,1.3119048186543267
141,21026,0.5710132430470073
141,21027,0.8081494797550817
141,21028,0.531123206760425
141,21029,0.2871242997588213
141,21030,0.2712548397988904
141,21031,0.22545185058030698
141,21032,0.1311078342894093
141,21033,0.32796477104379673
141,21034,0.41474741716409375
141,21035,0.34158133249821515
141,21036,0.5606798195795265
141,21037,0.2744437595144056
141,21038,0.6260198350207413
141,21039,0.8728042585016954
141,21040,0.3301959914516408
141,21041,0.680030631672368
141,21042,0.2726114598343508
141,21043,0.9754975677919657
141,21044,0.534834489109698
141,21045,0.4661067339108855
141,21046,0.6191442088055477
141,21047,0.31039034021674616
141,21048,0.17907187643759329
141,21101,0.2940801869088089
141,21102,0.09811499511125643
141,21103,0.23591320049921294
141,21104,0.23358463863574636
141,21105,0.15358263165112898
141,21106,0.20617347001798444
141,21107,0.17250804978352294
141,21108,0.13354529783751068
141,21109,0.16134513920310511
141,21110,0.3158111664416749
141,21111,0.20808515762007662
141,21112,0.20744001166521725
141,21113,0.1990903143477082
141,21114,0.08456797897686374
141,21115,0.11455111216069022
141,21116,0.3084121301351373
141,21117,0.3377359345936718
141,21118,0.8083608544736991
141,21119,0.3659800221552045
141,21120,0.6025296606997897
141,21121,0.4151466766094226
141,21122,0.907098545587943
141,21123,0.9851044767582502
141,21124,0.9147927750854098
141,21125,0.8822568520071868
141,21126,0.7542493564564641
141,21127,0.9365901382751496
141,21128,0.9417655301687184
141,21129,0.4009875856053199
141,21130,0.12922168943375342
141,21131,0.1406232736660142
141,21132,0.22389269020124802
141,21133,0.41014931240300945
141,21134,0.6141146222795104
141,21135,0.14022449227615533
141,21136,0.1863512352463431
141,21137,0.3040125014273767
141,21138,0.8351208457322241
141,21139,0.935871459531924
141,21140,0.17456086639911741
141,21141,0.3058097735491799
141,21142,0.21733641703184786
141,21143,0.19466109419929978
141,21144,0.26077400971353515
141,21145,0.171158047440556
141,21146,0.3392298619399876
141,21147,0.22264003836369697
141,21148,0.13298321263913265
141,21201,0.17958704636793002
141,21202,0.28456317274356313
141,21203,0.1682081218252063
141,21204,0.25639173429904116
141,21205,0.08889124447791631
141,21206,0.3030061026052155
141,21207,0.3214584162652949
141,21208,0.13853480095591253
141,21209,0.19962043953739134
141,21210,0.3672111105663351
141,21211,0.3387560594590153
141,21212,0.13517994247021237
141,21213,0.11327324688149082
141,21214,0.07307436617967619
141,21215,0.12478579741376833
141,21216,0.19000858212019162
141,21217,0.7389127546284779
141,21218,0.7343073879260361
141,21219,0.8123924077756374
141,21220,0.3281585738145947
141,21221,0.9759886331018715
141,21222,0.4999621009711041
141,21223,0.5306615304648711
141,21224,0.7414536621728258
141,21225,1.1972380877028272
141,21226,1.026820788944329
141,21227,0.9206244876999693
141,21228,0.9306686004551801
141,21229,0.47993871591891346
141,21230,0.09307608337861616
141,21231,0.2869993287298298
141,21232,0.24439977591781997
141,21233,0.13141664443978684
141,21234,0.08016129720656322
141,21235,0.31424884669129416
141,21236,0.22565517111519037
141,21237,0.27547006491102616
141,21238,0.1761307644300498
141,21239,0.1950487466996731
141,21240,0.5158299932132946
141,21241,0.8101046231854715
141,21242,0.46276807554344146
141,21243,0.15918133341866172
141,21244,0.2994149236146955
141,21245,0.1543912692110356
141,21246,0.22342917495966133
141,21247,0.17474010881820595
141,21248,0.17953783095023104
141,21301,0.2708335587873174
141,21302,0.16105293564808967
141,21303,0.2266969697893636
141,21304,0.23149244422422327
141,21305,0.15537689680961445
141,21306,0.2015537614782469
141,21307,0.17033433192760178
141,21308,0.1083260388904267
141,21309,0.11435552448885761
141,21310,0.10416990628606593
141,21311,0.11318652401890972
141,21312,0.21749442934023855
141,21313,0.12142310506066721
141,21314,0.2429615494238288
141,21315,0.3190140364619103
141,21316,0.14533749917251904
141,21317,0.5123788431614228
141,21318,0.5480635436674522
141,21319,0.35568004500528555
141,21320,0.5502876033177659
141,21321,0.5101812710032415
141,21322,0.5128608830197181
141,21323,0.6864189029742092
141,21324,0.3339631344424158
141,21325,0.9207888078451273
141,21326,0.9331873109344427
141,21327,1.4248784780664203
141,21328,0.2658813614119649
141,21329,0.5717714561463484
141,21330,0.1839551367610904
141,21331,0.3059060765549692
141,21332,0.0710922349184512
141,21333,0.07695414743802834
141,21334,0.11519640091819001
141,21335,0.17366060342996145
141,21336,0.2267125366386715
141,21337,0.4263423350158242
141,21338,0.24947064475904157
141,21339,0.2596628896127326
141,21340,0.5951898786915283
141,21341,0.1820125390980771
141,21342,0.3345212872516683
141,21343,0.24317465944692698
141,21344,0.2820856867108144
141,21345,0.31895582652187576
141,21346,0.3938645912864339
141,21347,0.18277619271377304
141,21348,0.2536707416403381
141,21401,0.15115961637705272
141,21402,0.3140523720729539
141,21403,0.06484028831121094
141,21404,0.17621275749677626
141,21405,0.07978349259935283
141,21406,0.17925239277367888
141,21407,0.14951075038733672
141,21408,0.1802221273616943
141,21409,0.29802246335159116
141,21410,0.22516531938582668
141,21411,0.14679189735128886
141,21412,0.07029225065243933
141,21413,0.24788637180188425
141,21414,0.22057075040728852
141,21415,0.1871009786271958
141,21416,0.143223451501346
141,21417,0.29416497244685225
141,21418,0.8159780589415044
141,21419,0.6555112943209008
141,21420,0.3443026135088795
141,21421,0.5960271707159741
141,21422,0.9566804468076038
141,21423,0.6275363893070133
141,21424,0.32042016875794005
141,21425,0.8555646141825585
141,21426,0.7844286892812901
141,21427,0.9962815493871229
141,21428,0.5055488517535288
141,21429,0.2370996253675225
141,21430,0.4094103692742966
141,21431,0.2776927247020715
141,21432,0.24496992280870936
141,21433,0.31850954675213167
141,21434,0.28058613969060275
141,21435,0.3291648031661182
141,21436,0.23988827930713907
141,21437,0.2502869455570317
141,21438,1.4346689348465809
141,21439,0.21577410554863613
141,21440,0.31265839314212085
141,21441,0.29768416679768034
141,21442,0.5130338766625631
141,21443,0.35319974850224134
141,21444,0.29215946127596826
141,21445,0.28667187953838724
141,21446,0.16874220925408895
141,21447,0.11152729461139207
141,21448,0.1896966566866601
141,21501,0.3898567438190222
141,21502,0.14216734015154564
141,21503,0.2178380792307916
141,21504,0.17073948627648802
141,21505,0.19807130407011725
141,21506,0.07893672351493577
141,21507,0.2827989452582461
141,21508,0.3331538355082091
141,21509,0.23477138590068156
141,21510,0.1419084062371046
141,21511,0.09297035668911682
141,21512,0.22845475874119398
141,21513,0.14346003704114796
141,21514,0.12977318510699257
141,21515,0.07344005445273148
141,21516,0.16768645932998577
141,21517,1.5332426697079942
141,21518,1.046641061944469
141,21519,2.751927322491968
141,21520,1.713756938881277
141,21521,1.5599624771845972
141,21522,1.859179287836445
141,21523,1.0020977836280398
141,21524,0.7699149800431783
141,21525,1.3270007652260787
141,21526,0.9764638129499699
141,21527,0.5281740600352771
141,21528,1.0879898071793925
141,21529,1.1028275955549511
141,21530,0.26045787188034897
141,21531,0.40465176825656063
141,21532,0.21230301814163124
141,21533,0.214228406044572
141,21534,0.6704022176300115
141,21535,0.20619867721980148
141,21536,0.3791706010948688
141,21537,0.40412461416275836
141,21538,0.5481632267820123
141,21539,0.38112835151452185
141,21540,0.252989310906862
141,21541,0.11800669426634357
141,21542,0.3150738640103243
141,21543,0.6017734594226912
141,21544,0.5053735539072302
141,21545,0.4844865807141973
141,21546,0.3088683133398301
141,21547,0.32951460245280056
141,21548,0.1324555551411699
141,21601,0.14696085760707772
141,21602,0.09633856832469422
141,21603,0.3020127446827941
141,21604,0.08567853042887943
141,21605,0.18873824061098712
141,21606,0.30252501998025344
141,21607,0.32191520919661354
141,21608,0.16093690395739962
141,21609,0.23190164381726508
141,21610,0.11659566703968798
141,21611,0.5119987789581134
141,21612,0.9716576345020206
141,21613,1.6117992674383483
141,21614,1.3017484624716558
141,21615,0.9226950444400568
141,21616,1.3670761964826714
141,21617,1.5295820268514138
141,21618,0.8650830155870255
141,21619,0.9501903555222908
141,21620,0.38673026423236107
141,21621,0.35123886797815007
141,21622,0.5906995594311201
141,21623,0.26114966536953416
141,21624,0.49711243610095546
141,21625,0.37607023650242866
141,21626,0.25091225810163964
141,21627,0.3808713909307151
141,21628,0.6663878195656092
141,21629,0.1267160495093401
141,21630,0.0830792705118395
141,21631,0.18781931452128311
141,21632,0.12078671819686844
141,21633,0.2505404996567454
141,21634,0.1594710195713713
141,21635,0.22368401709637956
141,21636,0.6632477752634371
141,21637,0.20780079153825184
141,21638,0.5539335975278612
141,21639,0.3156347706732842
141,21640,0.3399599269169303
141,21641,0.4954487611007144
141,21642,0.46848112647191703
141,21643,0.31068674933253315
141,21644,0.13830091440193043
141,21645,0.27842514721728273
141,21646,0.31134410134042384
141,21647,0.3631282182889312
141,21648,0.09911992539836806
141,21701,0.2720336378381729
141,21702,0.1525678284766331
141,21703,0.13681611721692993
141,21704,0.18117511080995458
141,21705,0.1459690962862486
141,21706,0.31014842266562037
141,21707,0.24638972297390643
141,21708,0.17830162098564273
141,21709,0.35364733284387867
141,21710,0.19218315354545998
141,21711,0.2998374548521892
141,21712,0.24082286317009885
141,21713,0.2906962547173724
141,21714,0.2388910592402131
141,21715,0.15699264177072614
141,21716,0.21740837386595996
141,21717,0.9046658283077756
141,21718,0.6021724047072485
141,21719,0.3747748673673376
141,21720,0.672295168385134
141,21721,0.7900975798105335
141,21722,0.9720831036933827
141,21723,1.0250350993586073
141,21724,0.8007577157543894
141,21725,0.8076480638333956
141,21726,0.9703008105829933
141,21727,0.8255915131859013
141,21728,0.892809902125356
141,21729,0.23775244812506924
141,21730,0.3318292674749527
141,21731,0.40045808018491036
141,21732,0.24577796432224092
141,21733,0.2657336963144083
141,21734,0.22074505465427144
141,21735,0.10149171891231265
141,21736,0.17446520814266525
141,21737,0.09494974223606904
141,21738,0.2301572534983988
141,21739,0.5221406218217369
141,21740,0.2756153887840613
141,21741,0.31279898088619157
141,21742,0.6133671772537082
141,21743,0.6910836412418764
141,21744,0.2002936649671127
141,21745,0.4523995690434599
141,21746,0.3083181796602845
141,21747,0.20579935978507113
141,21748,0.11803025080087853
141,21801,0.21311132210305828
141,21802,0.1930294226208444
141,21803,0.14262238729214047
141,21804,0.2076693060607571
141,21805,0.2538384157257407
141,21806,0.15043362329274687
141,21807,0.26192499080782006
141,21808,0.15334673998716902
141,21809,0.30254855279701387
141,21810,0.16583907745876028
141,21811,0.14186995440805983
141,21812,0.09898741037786662
141,21813,0.2547088113585792
141,21814,0.23471692456570406
141,21815,0.14380285145523128
141,21816,0.15654534639382775
141,21817,0.2573360455502936
141,21818,0.4646825911014455
141,21819,0.47727876473602177
141,21820,1.0531134948327052
141,21821,0.49192310453973037
141,21822,0.6486315808811595
141,21823,0.7209025783971762
141,21824,0.8624626155542147
141,21825,0.3158673870714812
141,21826,0.28965086746951263
141,21827,0.28636019781779376
141,21828,0.6801950288420098
141,21829,0.4440636743690702
141,21830,0.14514413813815844
141,21831,0.6478113451529779
141,21832,0.26558669642232013
141,21833,0.1733111739367622
141,21834,0.35296876316568937
141,21835,0.5176215350011076
141,21836,0.18566147853588555
141,21837,0.43616771373756785
141,21838,0.4744322344613022
141,21839,0.7041274047053707
141,21840,0.2241083282410083
141,21841,0.5234249599151322
141,21842,0.31954619684578517
141,21843,0.5501777949543833
141,21844,0.6866747932897249
141,21845,0.49436951145019303
141,21846,0.2217422967214332
141,21847,0.12209868760427289
141,21848,0.1851201433368644
141,21901,0.2880343342837771
141,21902,0.2962908730339467
141,21903,0.20361443430322237
141,21904,0.27115126483601776
141,21905,0.24406107826517484
141,21906,0.12173742903906133
141,21907,0.3159137096684604
141,21908,0.2545363092815741
141,21909,0.1154413612365863
141,21910,0.19042087865416193
141,21911,0.19593985383346774
141,21912,0.2686254103397732
141,21913,0.25457543186135095
141,21914,0.24620843168373874
141,21915,0.18065481584204274
141,21916,0.15002853680297262
141,21917,0.6272975301524013
141,21918,0.5799255427034158
141,21919,1.8470115829019083
141,21920,2.041520103279734
141,21921,1.9337660967143533
141,21922,0.6032834011316659
141,21923,0.859379709684205
141,21924,0.7343685857688117
141,21925,0.8701524059597974
141,21926,0.5516842104810207
141,21927,0.8781196089769283
141,21928,1.8264845952331408
141,21929,0.3125290927563485
141,21930,0.3150599527354267
141,21931,0.2874661359383623
141,21932,0.09949648296220143
141,21933,0.22483653425545233
141,21934,0.09850363436754427
141,21935,0.2419529611843363
141,21936,0.32406333941765614
141,21937,0.07767666726376839
141,21938,0.10105111505603323
141,21939,0.30737698112736295
141,21940,0.17489814599434986
141,21941,0.6319065472698967
141,21942,0.4687664306759879
141,21943,0.7078299630444972
141,21944,0.28327669174960063
141,21945,0.42620019869500697
141,21946,0.5615905195941335
141,21947,0.6036021882591621
141,21948,0.18806827242168608
141,22001,0.43658828914589015
141,22002,0.19801047760719898
141,22003,0.1300635195784641
141,22004,0.24371090048869268
141,22005,0.3049225687731507
141,22006,0.15179272081421427
141,22007,0.3544356338013968
141,22008,0.2614018360958308
141,22009,0.21730167425079627
141,22010,0.14625652528851685
141,22011,0.4110119183836197
141,22012,0.10245521834802523
141,22013,0.1515880627179354
141,22014,0.33300085222643544
141,22015,2.3921836572545367
141,22016,0.6223725131007046
141,22017,2.0520420056806894
141,22018,2.637003180454922
141,22019,3.203743553088624
141,22020,2.8100999393716495
141,22021,1.2425990543209402
141,22022,0.7207764720123054
141,22023,1.0231558064460535
141,22024,0.2603392581238583
141,22025,0.8757651997084538
141,22026,1.021186847511932
141,22027,0.3399321030319724
141,22028,0.5363348498083306
141,22029,0.251412944692893
141,22030,0.3597047641548704
141,22031,0.10316940041758453
141,22032,0.20763375795335215
141,22033,0.2149066826920252
141,22034,0.20066141266261808
141,22035,0.358108317484211
141,22036,0.5311610324071678
141,22037,0.42029321720293134
141,22038,0.5490831445329406
141,22039,0.9978771969182456
141,22040,0.4308404826399577
141,22041,0.27549051656043283
141,22042,0.4366887893298803
141,22043,0.31496906507775696
141,22044,0.1905676626016656
141,22045,0.2725468940898169
141,22046,0.4712446322365563
141,22047,0.4865859262390852
141,22048,0.41762414772787726
141,22101,0.19923487830183956
141,22102,0.08303449016485713
141,22103,0.18737712146716404
141,22104,0.11634291735552725
141,22105,0.11517903180466751
141,22106,0.08618787747141815
141,22107,0.2195337249360504
141,22108,0.3373183193618742
141,22109,0.09619632802850421
141,22110,0.06554402721589976
141,22111,0.2873210681272715
141,22112,0.24379757020554105
141,22113,0.13405171955938006
141,22114,0.26673735441694013
141,22115,0.07984851689884713
141,22116,0.22097798288268133
141,22117,0.3522666699352064
141,22118,0.2240919738684864
141,22119,2.157381529537874
141,22120,2.861112944561641
141,22121,2.97375362051788
141,22122,0.8392433822322395
141,22123,0.49694848947435233
141,22124,1.090202072877999
141,22125,0.5950638271639231
141,22126,0.7880280855053453
141,22127,0.8259442265341341
141,22128,0.9190199584595125
141,22129,0.31901943802080934
141,22130,0.18606145366025953
141,22131,0.12588324056100958
141,22132,0.09709493768988196
141,22133,0.25322454242030723
141,22134,0.11794905260149126
141,22135,0.5618461879708105
141,22136,0.3864742417525601
141,22137,0.6441188086673918
141,22138,0.3493615920816363
141,22139,0.5307623276563376
141,22140,0.5577434254584639
141,22141,0.3738531209408197
141,22142,0.20250660715909527
141,22143,0.446481927217
141,22144,0.32377011954175644
141,22145,0.34809635234449343
141,22146,0.10867454937763509
141,22147,0.08515007890147491
141,22148,0.1590902989904649
141,22201,0.10995688976888986
141,22202,0.17556815253318436
141,22203,0.2768801797192954
141,22204,0.2320022583159411
141,22205,0.2503254143632728
141,22206,0.19876064951157602
141,22207,0.28484823144759147
141,22208,0.1795930703613849
141,22209,0.10955052098838114
141,22210,0.28046080383818295
141,22211,0.27802817110430783
141,22212,0.11277990673442362
141,22213,0.25461310020182
141,22214,0.4746037155292023
141,22215,0.21069192631648848
141,22216,0.24460065377988
141,22217,0.08509645944638583
141,22218,0.1595494263850992
141,22219,0.2764674694587257
141,22220,0.2711104721155867
141,22221,0.38669132310320664
141,22222,0.28420510526058107
141,22223,0.1830688310314923
141,22224,1.8094726854851222
141,22225,1.1858349873005964
141,22226,0.2182766796578016
141,22227,0.29558848269379034
141,22228,0.42722242992349074
141,22229,0.8761008925910595
141,22230,0.8913520819696189
141,22231,0.4090396037435426
141,22232,0.8816161199272217
141,22233,0.4762288388836198
141,22234,0.5684187002240876
141,22235,1.0049177217431147
141,22236,0.24939720869017545
141,22237,0.29793486384831763
141,22238,0.5127580271102563
141,22239,1.0145097653155175
141,22240,0.3612674210425795
141,22241,0.5245722555261663
141,22242,0.591839152626729
141,22243,0.3729176912435429
141,22244,0.35363479464682607
141,22245,0.47779712058674606
141,22246,0.40372450117578995
141,22247,0.31956634457293953
141,22248,0.15935249194168738
141,22301,0.3013611834153378
141,22302,0.0806742006457802
141,22303,0.44872437152848005
141,22304,0.38178000895694686
141,22305,0.3080638798456789
141,22306,0.19668312684054207
141,22307,0.17963421406184915
141,22308,0.177111445125122
141,22309,0.1808144412884338
141,22310,0.10230547368276668
141,22311,0.14349724916552575
141,22312,0.30992963437888704
141,22313,2.3327935001069173
141,22314,2.0749872331754697
141,22315,0.5623824940484854
141,22316,2.3057336361680223
141,22317,0.3017620524946671
141,22318,0.28229373918449374
141,22319,0.2713533240845934
141,22320,0.19586805430671636
141,22321,0.20889998670498458
141,22322,0.050734761005125986
141,22323,0.2774812059547185
141,22324,0.21765498378596115
141,22325,0.1605223931215045
141,22326,0.13132844850663097
141,22327,0.1733762467375012
141,22328,0.2071784359175893
141,22329,0.1684579865920185
141,22330,0.15631922551332453
141,22331,0.07505067127728468
141,22332,0.322515000802566
141,22333,0.3499955398352029
141,22334,0.8406248973898119
141,22335,0.7756912919678501
141,22336,0.8196109909876856
141,22337,0.7054586482438544
141,22338,0.41672126157218964
141,22339,1.1358838031976088
141,22340,0.2808405905369942
141,22341,0.3288973276956577
141,22342,0.395052467070502
141,22343,0.5514304606448506
141,22344,0.17169209323096954
141,22345,0.15909134785260956
141,22346,0.5147380725676367
141,22347,0.3794326782627646
141,22348,0.10876133198279392
141,22401,0.11828064958226435
141,22402,0.22739391284637375
141,22403,0.13258193346486133
141,22404,0.1555668718447759
141,22405,0.23570609023445313
141,22406,0.18223496061024566
141,22407,0.22390565413393548
141,22408,0.09554768259182733
141,22409,0.2295679234996735
141,22410,0.19424932021438238
141,22411,0.1697921221313685
141,22412,0.1585457731858957
141,22413,0.3403749307771893
141,22414,0.3122974041635766
141,22415,0.11446907534809503
141,22416,0.08237328311354042
141,22417,0.0860284738700071
141,22418,0.06942610231323613
141,22419,0.13910386896127677
141,22420,0.07667876181559928
141,22421,0.3251629113196045
141,22422,0.3149362995197998
141,22423,0.1617897949006131
141,22424,1.0839037870299069
141,22425,0.18696046003164268
141,22426,0.3463477705557526
141,22427,0.31081175470829436
141,22428,0.19547705829418785
141,22429,0.45127635442184805
141,22430,0.5430830436118583
141,22431,0.5093330996300611
141,22432,0.4680131688680266
141,22433,0.2364840485642081
141,22434,0.36616560052530206
141,22435,0.20139839487883737
141,22436,0.16941688932024185
141,22437,0.17083300875245894
141,22438,0.3297809614669965
141,22439,0.4628423389877613
141,22440,0.15848708501972014
141,22441,1.1246592260943862
141,22442,0.36402407223452515
141,22443,0.4532007534287934
141,22444,0.31600051386265315
141,22445,0.14788167533447266
141,22446,0.34120770641249076
141,22447,0.16295155894623292
141,22448,0.24408834662593948
141,22501,0.2755292607957536
141,22502,0.27554550744154443
141,22503,0.2572685484151542
141,22504,0.12567642723114775
141,22505,0.1797829753771412
141,22506,0.2039149918639178
141,22507,0.10268869378748902
141,22508,0.1707874070489831
141,22509,0.27917022479610787
141,22510,0.17926024675810606
141,22511,0.24993350231926167
141,22512,0.22811970269366097
141,22513,0.11966190823647821
141,22514,0.1916320538314439
141,22515,0.23169050323834048
141,22516,0.10904363833589095
141,22517,0.16826534139024976
141,22518,0.15861274111267473
141,22519,0.3025570303014007
141,22520,0.293728257667741
141,22521,0.25010039547438484
141,22522,0.181188487586249
141,22523,0.06089292237915357
141,22524,0.21568895202110655
141,22525,0.12994135382815525
141,22526,0.1505659107127309
141,22527,0.14968376067205316
141,22528,0.13601291758016884
141,22529,0.11953732337531488
141,22530,0.16363230621036143
141,22531,0.1282509880153512
141,22532,0.38503620438438013
141,22533,0.12679032044263655
141,22534,0.22308034838800936
141,22535,0.28049126594862717
141,22536,0.3203011719038219
141,22537,0.497230162274188
141,22538,0.8151483709864915
141,22539,0.6377583834881244
141,22540,0.3149225769424446
141,22541,0.35764450289149313
141,22542,0.4508737149096338
141,22543,0.3368002940925216
141,22544,0.27129575489352437
141,22545,0.21392924826897608
141,22546,0.32140546879626547
141,22547,0.2972233380240919
141,22548,0.26491231865499465
141,22601,0.32388873769050863
141,22602,0.3299026969873507
141,22603,0.3590693652819889
141,22604,0.1955752438854318
141,22605,0.06277094504151684
141,22606,0.3015603732198324
141,22607,0.19660120976054035
141,22608,0.0872909769871154
141,22609,0.06998381815147747
141,22610,0.1313281426168922
141,22611,0.24785176821527788
141,22612,0.12137197974058493
141,22613,0.32403646064399905
141,22614,0.1015414349923459
141,22615,0.25283077229780754
141,22616,0.10690435934899936
141,22617,0.26461015909381325
141,22618,0.19784841603535502
141,22619,0.11737690381011368
141,22620,0.30302533089095585
141,22621,0.3158930991214771
141,22622,0.1533927205069073
141,22623,0.9333261619435366
141,22624,0.500388652836765
141,22625,0.33699267165833796
141,22626,0.8539448148111413
141,22627,0.23732845021383875
141,22628,0.22187068242640276
141,22629,0.08481177020391556
141,22630,0.4492390952502245
141,22631,0.47413729165257384
141,22632,0.3263735873318881
141,22633,0.4778308894645638
141,22634,0.23052385208669296
141,22635,0.3480341927686526
141,22636,0.8173491442811237
141,22637,0.2602973551649879
141,22638,0.0947926076714875
141,22639,0.1972230919780799
141,22640,0.2552800403482645
141,22641,0.09217053834369375
141,22642,0.3890560014171082
141,22643,0.23881856752321787
141,22644,1.7026860665239854
141,22645,0.29090991979661385
141,22646,0.5169818765783393
141,22647,0.6477043897905371
141,22648,0.15238485342316907
141,22701,0.5356479810108404
141,22702,0.11032780266747524
141,22703,0.11800593500448184
141,22704,0.18429431844607047
141,22705,0.1386571398187251
141,22706,0.1868991416400502
141,22707,0.4101748409858746
141,22708,0.08713706489839024
141,22709,0.1560911398664082
141,22710,0.2086610299928494
141,22711,0.20122750601026015
141,22712,0.23915860207551307
141,22713,0.36098123820652217
141,22714,0.2184012809116456
141,22715,0.17684658251282
141,22716,0.11729677275151286
141,22717,0.058930396866754435
141,22718,0.10734362970411224
141,22719,0.32062348611523905
141,22720,0.15367007952446232
141,22721,0.1146539423799623
141,22722,0.35269377655903705
141,22723,0.4437811712990802
141,22724,0.3040735311410872
141,22725,0.408277101186909
141,22726,0.488415165257889
141,22727,0.4792943611506694
141,22728,0.7060824285821232
141,22729,0.40700645945235764
141,22730,0.23986325439060546
141,22731,0.13716848156600342
141,22732,0.5228704299703196
141,22733,0.16256298117449527
141,22734,0.14278188685784893
141,22735,0.2263348140853178
141,22736,0.43529451260595137
141,22737,0.19277892819688722
141,22738,0.46884193875272906
141,22739,1.5394846093454235
141,22740,0.6676636420192458
141,22741,0.4281239939864
141,22742,0.49394673206540596
141,22743,0.46552782240177765
141,22744,0.23981957844084656
141,22745,0.1308501841311534
141,22746,0.2620040685777209
141,22747,0.08619117749474085
141,22748,0.2911845488242699
141,22801,0.10346395381639613
141,22802,0.2528854124607365
141,22803,0.408902337634427
141,22804,0.335862775638264
141,22805,0.4007766200107347
141,22806,0.26328380736882634
141,22807,0.34759971110070603
141,22808,0.2598586167417674
141,22809,0.27583448732360616
141,22810,0.11607492427296544
141,22811,0.08565986867790251
141,22812,0.08507000135261415
141,22813,0.25414259997853744
141,22814,0.2629924288877625
141,22815,0.12738725655962457
141,22816,0.3362839817473728
141,22817,0.6011131710793138
141,22818,0.3882858849827806
141,22819,0.3028566825545191
141,22820,0.30961082668487183
141,22821,0.3215775559422107
141,22822,0.7957979519198293
141,22823,0.6404495755133257
141,22824,0.450056190528708
141,22825,0.34978638665733564
141,22826,0.5277463884834369
141,22827,0.9752027639519161
141,22828,0.9732543621872082
141,22829,0.5708769474391628
141,22830,0.6554338400678678
141,22831,0.40133229727756414
141,22832,0.15432013261945554
141,22833,0.3227786198439896
141,22834,0.3821124490631374
141,22835,0.2746851111427881
141,22836,0.22621061449261332
141,22837,0.45703775049173573
141,22838,0.17303503383459778
141,22839,0.3959019542394205
141,22840,0.46521145288253013
141,22841,0.594903686035596
141,22842,0.6098443574018118
141,22843,0.2664501212615667
141,22844,0.2766775146192144
141,22845,0.13906970965155818
141,22846,0.1566545297463073
141,22847,0.4049949427622663
141,22848,0.44087097483400783
141,22901,0.1803743658952193
141,22902,0.1649332985546017
141,22903,0.23306587502406564
141,22904,0.1983814859108574
141,22905,0.07884100108025457
141,22906,0.21120927414535087
141,22907,0.3305628009661245
141,22908,0.10965044803157398
141,22909,0.2218861647214785
141,22910,0.20123757008009527
141,22911,0.3816615315441814
141,22912,0.2979951429756804
141,22913,0.41312209522037174
141,22914,0.2673909277299382
141,22915,0.1838109840111202
141,22916,0.20399118810254985
141,22917,0.47985909384645864
141,22918,0.6283128099376455
141,22919,0.8718377320416626
141,22920,1.2115784506178084
141,22921,0.9106099650054855
141,22922,0.8309573308092134
141,22923,1.1453053602330048
141,22924,0.4315246672551166
141,22925,0.6443083528458567
141,22926,0.26863197464639077
141,22927,0.2744617591444516
141,22928,0.9612580586221695
141,22929,0.25344784660314607
141,22930,0.22515211687509146
141,22931,0.3661328173148942
141,22932,0.3059411607558199
141,22933,0.09063547811702843
141,22934,0.39594775381310715
141,22935,0.4648125476056802
141,22936,0.18683859720368867
141,22937,0.3628314458216463
141,22938,0.561679366324194
141,22939,0.6982162870753417
141,22940,0.21835911200339916
141,22941,0.4341241922622716
141,22942,0.19959627980284342
141,22943,0.4678297626534002
141,22944,0.5760311899631562
141,22945,0.40432904296952
141,22946,0.11007668800188206
141,22947,0.11954245454311652
141,22948,0.1495442227616225
141,23001,0.27227228828347094
141,23002,0.2636618962639196
141,23003,0.23883777146840404
141,23004,0.07481443919401011
141,23005,0.32271486231787067
141,23006,0.2490916491851603
141,23007,0.22362547547915382
141,23008,0.1554159045487272
141,23009,0.15299463807040126
141,23010,0.3011137368115869
141,23011,1.2428760504718643
141,23012,1.5426173101068692
141,23013,1.7481397586038685
141,23014,1.2682461758119583
141,23015,1.2091917073025953
141,23016,0.6122098831774243
141,23017,0.6358144989890316
141,23018,0.5671930538168285
141,23019,0.8826046948259717
141,23020,0.5978605010209356
141,23021,0.4288256152028878
141,23022,0.5649268825525128
141,23023,0.5466596162322825
141,23024,0.24112050862627926
141,23025,0.9821979702086071
141,23026,0.774407300465135
141,23027,0.34479814280208043
141,23028,0.5526653581095652
141,23029,0.3208314287537675
141,23030,0.13788367052609848
141,23031,0.09436457904294408
141,23032,0.3639108955506887
141,23033,0.25382700959996424
141,23034,0.18338651635419995
141,23035,0.11515475931033836
141,23036,0.28458632440786463
141,23037,0.18520536400456408
141,23038,0.2853021707807828
141,23039,1.046318855962528
141,23040,0.9732637925604981
141,23041,0.37904219190785876
141,23042,0.5321296909893818
141,23043,0.5009061710731418
141,23044,0.5447248788717165
141,23045,0.13813790033594003
141,23046,0.32834056073079215
141,23047,0.4095357031373418
141,23048,0.3567890428941002
141,23101,0.3755545203567621
141,23102,0.34057476328630726
141,23103,0.11414833362806807
141,23104,0.295311749961553
141,23105,0.20329456418673475
141,23106,0.12925144782874062
141,23107,0.19196398413751853
141,23108,0.3466592754880235
141,23109,0.24246999805795094
141,23110,0.15279134089229265
141,23111,0.2283555122052413
141,23112,0.28014976392080926
141,23113,0.0781308237449622
141,23114,0.3166555662893074
141,23115,0.19262265078991633
141,23116,0.1641106748410551
141,23117,0.6682950315234176
141,23118,0.7283868092523417
141,23119,0.8120863850735686
141,23120,0.6508353941812166
141,23121,0.8478192649253228
141,23122,1.3735386874995814
141,23123,0.4862856367393403
141,23124,0.8408975046756249
141,23125,0.6864671210941979
141,23126,0.630846296498005
141,23127,0.6687379754466733
141,23128,0.9759733182211777
141,23129,0.5427377185608468
141,23130,0.5886106675295326
141,23131,0.4662526696735362
141,23132,0.16253716725688486
141,23133,0.15038234665685607
141,23134,0.20750364175565986
141,23135,0.17440607343815218
141,23136,0.3655398540785692
141,23137,0.41814474136010416
141,23138,0.37432447596134366
141,23139,0.7359646099798336
141,23140,0.30110606993367084
141,23141,0.6348734133725068
141,23142,0.35356078478302627
141,23143,0.8876983766435566
141,23144,0.8034532347398305
141,23145,0.5889293341011657
141,23146,0.5431785265960293
141,23147,0.40485939088127904
141,23148,0.35746576904413274
141,23201,0.2680097566304677
141,23202,0.3002507330183644
141,23203,0.08462299290587838
141,23204,0.1752975251559112
141,23205,0.4226528281540616
141,23206,0.16282385526012647
141,23207,0.11690588719388155
141,23208,0.20132810692837264
141,23209,0.20144537643892554
141,23210,0.2800015480086699
141,23211,0.20806351923004063
141,23212,0.475766101167006
141,23213,0.3617739828820729
141,23214,0.1100394020881726
141,23215,0.37779326190047535
141,23216,0.15318348264116374
141,23217,0.2642688782016247
141,23218,0.9717776685532397
141,23219,0.5260287925159588
141,23220,0.39488005968605255
141,23221,0.7899666017368093
141,23222,0.7402349437981308
141,23223,0.6805738800503233
141,23224,0.6835706710124226
141,23225,0.5373265036600035
141,23226,0.7217712456977988
141,23227,0.36061963122587465
141,23228,0.8112153031655804
141,23229,0.4940426342385083
141,23230,0.21945531452414271
141,23231,0.317630965372903
141,23232,0.18917181479249934
141,23233,0.22572740439015213
141,23234,0.44590958932984026
141,23235,0.2358497834614522
141,23236,0.7858980303163483
141,23237,0.7347635555007647
141,23238,0.7266686520606954
141,23239,0.5283643035813017
141,23240,0.3799391773202631
141,23241,0.1872797678977569
141,23242,0.3074969634947524
141,23243,0.6192744727121636
141,23244,0.21640189046872318
141,23245,0.28710990854449003
141,23246,0.5466865571746112
141,23247,0.15679411458851478
141,23248,0.19566985317878646
141,23301,0.1977226870460289
141,23302,0.1495194325708954
141,23303,0.26768462874997795
141,23304,0.235518124264446
141,23305,0.13433576093155608
141,23306,0.21560240624879992
141,23307,0.30643090310363474
141,23308,0.2740447720981709
141,23309,0.29576983023039605
141,23310,0.19934484122336305
141,23311,0.22817790762092813
141,23312,0.12538065281169752
141,23313,0.3024141616254138
141,23314,0.17561770987948985
141,23315,0.3411014948557631
141,23316,0.20765070143934275
141,23317,0.3570586754701449
141,23318,0.8304025477846673
141,23319,0.816151578996459
141,23320,0.8927218514389955
141,23321,1.1373755614611023
141,23322,1.0264794981755194
141,23323,0.2225663986077394
141,23324,0.7459392174402661
141,23325,1.0568370552452482
141,23326,0.4462625552776046
141,23327,0.46443614446191406
141,23328,1.1914917509659513
141,23329,0.22883701438549856
141,23330,0.24626919291306482
141,23331,0.06451776475164128
141,23332,0.19903673876462863
141,23333,0.12380409003358883
141,23334,0.11519649489011345
141,23335,0.07488615062531129
141,23336,0.10706038048886249
141,23337,0.11087436519295193
141,23338,0.18691494973719752
141,23339,0.3482059705794084
141,23340,0.30434025326219477
141,23341,0.12418764368149592
141,23342,0.2520253268342514
141,23343,0.0908346427877237
141,23344,0.24213854487247977
141,23345,0.1953996800330004
141,23346,0.21276361908205002
141,23347,0.5404917176820355
141,23348,0.12154260712280841
141,23401,0.22888276860312762
141,23402,0.21066207452560715
141,23403,0.13580437977946933
141,23404,0.23126524965982154
141,23405,0.10058661340102758
141,23406,0.25314723192134503
141,23407,0.1515619844583857
141,23408,0.15626768473833375
141,23409,0.2338302275519998
141,23410,0.08143748010332966
141,23411,0.24879991241685434
141,23412,0.135572511825033
141,23413,0.1697394896209074
141,23414,0.1561177070724961
141,23415,0.1207382406060487
141,23416,0.1619487428876112
141,23417,0.2493328332693102
141,23418,0.655309392556149
141,23419,0.7623935139253366
141,23420,0.23890342230290104
141,23421,0.3899500719575147
141,23422,0.8802629973699418
141,23423,0.6859627083615597
141,23424,0.4966829070680941
141,23425,0.4441350418278508
141,23426,0.9316375777727421
141,23427,0.49071491230037273
141,23428,0.9446339524222425
141,23429,0.25348659705211934
141,23430,0.21930690755524532
141,23431,0.10644199196871307
141,23432,0.12145365168593206
141,23433,0.10736188750956188
141,23434,0.055230671722303226
141,23435,0.20718354111931872
141,23436,0.21641315098109656
141,23437,0.5649436572215063
141,23438,0.322094032738478
141,23439,0.3080697107382593
141,23440,0.6668031334005998
141,23441,0.28059809657576673
141,23442,0.36055083243987773
141,23443,0.5117128372288744
141,23444,0.3993820538983134
141,23445,0.4010589806251265
141,23446,0.1134521091012655
141,23447,0.1387241204728247
141,23448,0.21093119758346593
141,23501,0.20136887584733548
141,23502,0.2731580947319933
141,23503,0.16184560389387037
141,23504,0.07231628145706749
141,23505,0.325177412015939
141,23506,0.20748020304053616
141,23507,0.25944966848333373
141,23508,0.2914601210667937
141,23509,0.2003703235144645
141,23510,0.14320549611049568
141,23511,0.44009171850814627
141,23512,0.15328051543517934
141,23513,0.18837637323690806
141,23514,0.2176295108295847
141,23515,0.10739313340938623
141,23516,0.1601029415981859
141,23517,0.6620754989447525
141,23518,0.8391643117287106
141,23519,0.27475931797873804
141,23520,0.28788873185361474
141,23521,0.7254050594313535
141,23522,0.8025163990055132
141,23523,0.5050023983082838
141,23524,0.41211239294632157
141,23525,0.834792468485364
141,23526,0.6364516937823982
141,23527,1.076288028331756
141,23528,0.8935229826292935
141,23529,0.25180857809877055
141,23530,0.15536044942701246
141,23531,0.6387322427365114
141,23532,0.3542058656334727
141,23533,0.13204873444122014
141,23534,0.23947044707494014
141,23535,0.2815339305706808
141,23536,0.36906334602243973
141,23537,0.3272088606490359
141,23538,0.17367423177722152
141,23539,0.3617050472555074
141,23540,0.46093121784837954
141,23541,0.3899263497019712
141,23542,0.5726532812616685
141,23543,0.2632261128530824
141,23544,0.516954575316868
141,23545,0.2069803561054206
141,23546,0.40723287240154565
141,23547,0.22424380672400895
141,23548,0.15921949626776224
141,23601,0.1333874093433642
141,23602,0.181179338158946
141,23603,0.13947319738985695
141,23604,0.16874639512886683
141,23605,0.23048802421159073
141,23606,0.06451996020683659
141,23607,0.3213860600292484
141,23608,0.21020013188313766
141,23609,0.13759316202081387
141,23610,0.14561545931789335
141,23611,0.30860241532650456
141,23612,0.26260264198300365
141,23613,0.1962588260388368
141,23614,0.16883378231880317
141,23615,0.24601143364061565
141,23616,0.16292600808064195
141,23617,0.22591913328679727
141,23618,0.8580821278581093
141,23619,0.3326285956994258
141,23620,1.1586214030002266
141,23621,0.4040246990558386
141,23622,0.41084291464122397
141,23623,0.5041261611564849
141,23624,0.38097201905497846
141,23625,1.0250530994287064
141,23626,0.6801533599784512
141,23627,1.3552647559412638
141,23628,1.3125097955697849
141,23629,0.8111841518198932
141,23630,0.18286888630657921
141,23631,0.7536490319743882
141,23632,0.13083416769496178
141,23633,0.24623589511425092
141,23634,0.47266887068104496
141,23635,0.3646638834365028
141,23636,0.5235342074970196
141,23637,0.2039830460268248
141,23638,0.2452643788106753
141,23639,0.1597944546971919
141,23640,0.10187558772886643
141,23641,0.42977939685019206
141,23642,0.1905623956032774
141,23643,0.3000135603286143
141,23644,0.5063694619783684
141,23645,0.3760620953378981
141,23646,0.21131592819592585
141,23647,0.24774231236465974
141,23648,0.16595043772133114
141,23701,0.23116820429455728
141,23702,0.173707151803463
141,23703,0.2668677197553784
141,23704,0.09245120544663106
141,23705,0.09320639537061914
141,23706,0.12662697728340488
141,23707,0.18863908499161408
141,23708,0.08015592132823429
141,23709,0.1520399333929862
141,23710,0.06067395566898325
141,23711,0.1137673187638248
141,23712,0.19038704791537706
141,23713,0.17280399870138852
141,23714,0.2550988872554806
141,23715,0.2181917034768409
141,23716,0.1929303243597419
141,23717,0.6757151493823825
141,23718,0.4179076850798724
141,23719,0.6206608020711578
141,23720,0.2928100797334698
141,23721,0.6428638544157077
141,23722,0.8672737939028026
141,23723,1.004413311499049
141,23724,0.4069397684575171
141,23725,0.39059197298361154
141,23726,0.30474853506581884
141,23727,0.4216407698461761
141,23728,0.3820804448631022
141,23729,0.2310278877150423
141,23730,0.1723195571430536
141,23731,0.1468544042965355
141,23732,0.26370799490731306
141,23733,0.1853933552205991
141,23734,0.16930634300186967
141,23735,0.2516479161825855
141,23736,0.37837516230405294
141,23737,0.5411265901654874
141,23738,0.8735951708811002
141,23739,0.26308638824470587
141,23740,0.4409922307854802
141,23741,0.39872018942967674
141,23742,0.49490497319005716
141,23743,0.17813256071917283
141,23744,0.21382766649118373
141,23745,0.5416387785545018
141,23746,0.1321414048394738
141,23747,0.1049899816435413
141,23748,0.21605635817580562
141,23801,0.1603651340365371
141,23802,0.12843511774384908
141,23803,0.21670428364614144
141,23804,0.2869283063574741
141,23805,0.24787874288884562
141,23806,0.29026054289225867
141,23807,0.1447134011233061
141,23808,0.21996913124593317
141,23809,0.14640861684751366
141,23810,0.10022226555486809
141,23811,0.18049056180380268
141,23812,0.1092650069323497
141,23813,0.21421387765531164
141,23814,0.08226497212054801
141,23815,0.31969597956806567
141,23816,0.1728664517801957
141,23817,0.5598965757527046
141,23818,0.8281425239394641
141,23819,0.4866678272561381
141,23820,0.5055315511582135
141,23821,1.1397777595612164
141,23822,0.48307203537373616
141,23823,0.9554259618434415
141,23824,0.9170839605144695
141,23825,1.1053823047218296
141,23826,0.7727334962680805
141,23827,0.9780382151609573
141,23828,0.37650834021775487
141,23829,0.49121313234322334
141,23830,0.28546595859251006
141,23831,0.3972377173913801
141,23832,0.37949184431018
141,23833,0.18845798415646073
141,23834,0.13092677028761351
141,23835,0.21858798043607852
141,23836,0.1515520276266467
141,23837,0.3249080985569525
141,23838,0.7202699670186816
141,23839,0.890213164749224
141,23840,0.2488819137226173
141,23841,0.24448097612701097
141,23842,0.5110070060680487
141,23843,0.5108843709824498
141,23844,0.8276893214457886
141,23845,0.19888232171373318
141,23846,0.48021439604995736
141,23847,0.2105602406125118
141,23848,0.4878005887611648
141,23901,0.20249356587791162
141,23902,0.16118332382813383
141,23903,0.34038657073358275
141,23904,0.30030512122309005
141,23905,0.26699756301934446
141,23906,0.28679208066585443
141,23907,0.20271448232423991
141,23908,0.14767246351041188
141,23909,0.2244856188465143
141,23910,0.24130573616399753
141,23911,0.13831091803280315
141,23912,0.2680716282658105
141,23913,0.23010586999590288
141,23914,0.09312054006231119
141,23915,0.1727183664741357
141,23916,0.263915898746877
141,23917,0.5789759843773356
141,23918,0.7132503166731329
141,23919,0.4302326539104301
141,23920,0.5410186685236039
141,23921,0.29597349091024105
141,23922,0.8555678300175805
141,23923,0.9001735373645942
141,23924,0.25334640819750537
141,23925,0.41449156722789027
141,23926,0.7061796523714894
141,23927,0.7892651358653132
141,23928,0.3005430113967523
141,23929,0.26234415361453906
141,23930,0.18565087693631907
141,23931,0.24119598070441553
141,23932,0.16524012717225123
141,23933,0.11028791580143253
141,23934,0.1783011990530411
141,23935,0.3803079762005376
141,23936,0.16194729165101793
141,23937,0.7601299260932871
141,23938,0.33086582169120066
141,23939,0.4417096746068954
141,23940,0.3764622883071734
141,23941,0.5600323813742374
141,23942,0.27465734258663366
141,23943,0.4473405901987094
141,23944,0.669183797343918
141,23945,0.3016391617475516
141,23946,0.41954363589414534
141,23947,0.21441316524983275
141,23948,0.22888327816932236
141,24001,0.2764713366427127
141,24002,0.15039626431423228
141,24003,0.30537304778731783
141,24004,0.11609073134528115
141,24005,0.11600547186739014
141,24006,0.4855409701025536
141,24007,0.289909100377228
141,24008,0.325680673862726
141,24009,0.1504382991259136
141,24010,0.3626261600624041
141,24011,0.11907022240296693
141,24012,0.23926979488035882
141,24013,0.2762416417487455
141,24014,0.10458618659311515
141,24015,0.2519587741978795
141,24016,0.08097309430361328
141,24017,0.7194654885903666
141,24018,0.5797735331067077
141,24019,0.40263260498997716
141,24020,1.3508212165527451
141,24021,0.9335265394805077
141,24022,0.8112527077273526
141,24023,0.5468061411093736
141,24024,1.5324066088288626
141,24025,1.3538571305702158
141,24026,0.6458070308112936
141,24027,0.4201758404855688
141,24028,0.4670662542885903
141,24029,0.4310806914664766
141,24030,0.36920810946410826
141,24031,0.2719292029444964
141,24032,0.5977241792640929
141,24033,0.47744789826367096
141,24034,0.6040443353635507
141,24035,0.2701838923281333
141,24036,0.18757185806663895
141,24037,0.25290774613359535
141,24038,0.1995220288900255
141,24039,0.26534798294658557
141,24040,0.0927391467138901
141,24041,0.11542373797045227
141,24042,0.3140397429174564
141,24043,0.27556899222267445
141,24044,0.322413746775774
141,24045,0.18426374273969853
141,24046,0.2876382844891165
141,24047,0.31288583676063436
141,24048,0.43271120881505665
141,24101,0.27840984327250995
141,24102,0.13630340430687543
141,24103,0.29739829713444704
141,24104,0.30869788573708595
141,24105,0.22692449342471194
141,24106,0.103252346743684
141,24107,0.29347970386940136
141,24108,0.3516431746004825
141,24109,0.26387136978462056
141,24110,0.2464084060614633
141,24111,0.16568551291117703
141,24112,0.13052318420921796
141,24113,0.2969167380885092
141,24114,0.26235743588072163
141,24115,0.13995121992024084
141,24116,0.2660899883922698
141,24117,0.7760308779885634
141,24118,0.7702719331964345
141,24119,0.8599197488536131
141,24120,0.5350463551073625
141,24121,0.9701204336470165
141,24122,0.9026809221559045
141,24123,1.3774840200470313
141,24124,0.6358185334557979
141,24125,0.3426187509745224
141,24126,0.3062142943840925
141,24127,0.8012717034738838
141,24128,0.40064921599104925
141,24129,0.3971978383344713
141,24130,0.31663644612039804
141,24131,0.08443285568887306
141,24132,0.4564873596283853
141,24133,0.2260434901551255
141,24134,0.3709184802554699
141,24135,0.25774567994265396
141,24136,0.5720009020728352
141,24137,0.2167777706294874
141,24138,0.6280431181058351
141,24139,0.8349431375383078
141,24140,0.9463854201668345
141,24141,0.9782997774242026
141,24142,0.287527208478618
141,24143,0.3269798225577242
141,24144,0.5002674863716307
141,24145,0.23436331316726766
141,24146,0.556257982086936
141,24147,0.47501528770477003
141,24148,0.2786298812080827
141,24201,0.2081353375702941
141,24202,0.27356940720009504
141,24203,0.11803942858898285
141,24204,0.2845396609387013
141,24205,0.2516154768306338
141,24206,0.18280607810089558
141,24207,0.23948474868129274
141,24208,0.2071173874237841
141,24209,0.13002611179436158
141,24210,0.13290593520237579
141,24211,0.12111572354201067
141,24212,0.36817342982857965
141,24213,0.1841231898452901
141,24214,0.1636075520939982
141,24215,0.22617984991056567
141,24216,0.11958736682329289
141,24217,0.7128688270066047
141,24218,0.2388004870474145
141,24219,0.7930491636857083
141,24220,0.6242364884111377
141,24221,0.6746043147818025
141,24222,0.33466112934012127
141,24223,0.39268036600184963
141,24224,0.6613384940366198
141,24225,1.0042858669022476
141,24226,0.7340746733361088
141,24227,0.5428605007808357
141,24228,0.44339253288663144
141,24229,0.359911106060668
141,24230,0.44352374046360765
141,24231,0.1475079728201875
141,24232,0.1543247539253488
141,24233,0.3414768001196756
141,24234,0.15961040318007538
141,24235,0.4574409671418412
141,24236,0.2725362454223048
141,24237,0.4488986977413115
141,24238,0.24758751979776888
141,24239,0.7283721319738753
141,24240,0.22799328649117612
141,24241,0.3790194260203233
141,24242,0.31868468756873825
141,24243,0.2189105843372918
141,24244,0.32015464796287835
141,24245,0.2328669140489532
141,24246,0.5817891481650843
141,24247,0.16516090819382376
141,24248,0.3350090747595554
141,24301,0.4948537786927442
141,24302,0.24434956418111825
141,24303,0.17966442818010855
141,24304,0.2195753180682512
141,24305,0.4084120808394356
141,24306,0.2473023547075526
141,24307,0.33581422799769145
141,24308,0.1768823313712759
141,24309,0.14896277975279648
141,24310,0.2268132285890745
141,24311,0.24806530291302253
141,24312,0.15962323388710944
141,24313,0.342445064800514
141,24314,0.18596122573654775
141,24315,0.13628035312463666
141,24316,0.14933143623308692
141,24317,0.6048757276021001
141,24318,0.9147509523925467
141,24319,0.7490915046968558
141,24320,0.7139672518043814
141,24321,0.3261113382031354
141,24322,0.9520064397149753
141,24323,0.5008588012640595
141,24324,0.3152586839886451
141,24325,0.9673260202703359
141,24326,1.0774729681589916
141,24327,1.0868556492996724
141,24328,0.3119919305494135
141,24329,0.12442823652789357
141,24330,0.15194157594878496
141,24331,0.2674578674765148
141,24332,0.46501937645951724
141,24333,0.3772132173192744
141,24334,0.4333932710627704
141,24335,0.456486076768759
141,24336,0.29434806478911674
141,24337,0.7220984855248722
141,24338,0.6474220582687255
141,24339,1.043070838861776
141,24340,0.7823521946204902
141,24341,0.3894335958318916
141,24342,0.7092002036965821
141,24343,0.5443388626954783
141,24344,0.6955571475587538
141,24345,0.5435046793772674
141,24346,0.34668720511387524
141,24347,0.41562608154176617
141,24348,0.27991778612236895
141,24401,0.28016571824911835
141,24402,0.2470776405359097
141,24403,0.09315608914123304
141,24404,0.22595721837136948
141,24405,0.16486753488579306
141,24406,0.23783695620941755
141,24407,0.28859376035074824
141,24408,0.1058280664999239
141,24409,0.3707873393038355
141,24410,0.1230535376847617
141,24411,0.17054779169627146
141,24412,0.3017873471066841
141,24413,0.2780739132725155
141,24414,0.37209267957407066
141,24415,0.4324744108510617
141,24416,0.4929172495320348
141,24417,0.2131329306187032
141,24418,0.25301025823686574
141,24419,0.22089014423380024
141,24420,0.5216990150736662
141,24421,0.448679459551356
141,24422,0.8279373792408615
141,24423,0.768844480881247
141,24424,0.555569503801498
141,24425,0.5970830605769338
141,24426,0.5448968071294155
141,24427,0.7395941580240489
141,24428,0.8254352198386502
141,24429,0.30099888202655395
141,24430,0.28563451413403657
141,24431,0.23106749241925206
141,24432,0.22861579350962835
141,24433,0.26777804536202154
141,24434,0.3298637013218169
141,24435,0.314317964260719
141,24436,0.15559335647575157
141,24437,0.41408870990211
141,24438,0.4216127035238117
141,24439,0.6964966988622862
141,24440,0.8726576930596638
141,24441,0.24323145221807224
141,24442,0.2835901162345051
141,24443,0.5075522556933987
141,24444,0.31634281969042505
141,24445,0.5934773544297757
141,24446,0.5881938424000208
141,24447,0.407764913384604
141,24448,0.23569019651872053
141,24501,0.2245704223406283
141,24502,0.2759750659901914
141,24503,0.0877837049017152
141,24504,0.12052094981626428
141,24505,0.2063561258929197
141,24506,0.3690264542789164
141,24507,0.19567840184135943
141,24508,0.2124343328053887
141,24509,0.16784881500242868
141,24510,0.23200112790792324
141,24511,0.39789897677891184
141,24512,0.1677590390693645
141,24513,0.27584821965102885
141,24514,0.33699558424414955
141,24515,0.18453580587707813
141,24516,0.20187221755983809
141,24517,0.6797113497415717
141,24518,1.091083576767236
141,24519,1.1665543124058533
141,24520,0.38476495304874697
141,24521,0.5917263413216339
141,24522,0.8755303656589953
141,24523,0.7832847330612679
141,24524,0.7356452091926917
141,24525,0.6958188249599312
141,24526,0.48831282418192073
141,24527,0.5477568658162766
141,24528,0.4728658042767717
141,24529,0.23077943799417153
141,24530,0.2615704189263522
141,24531,0.4134023074459493
141,24532,0.6657713986667089
141,24533,0.45000993081077983
141,24534,0.2767118100388315
141,24535,0.6226712873062833
141,24536,0.463342927849216
141,24537,0.22590352784363624
141,24538,0.49823051897917525
141,24539,0.26922651643938783
141,24540,0.24601491649086846
141,24541,0.13253067281315972
141,24542,0.15111404135019532
141,24543,0.32777465059681876
141,24544,0.20412096306020555
141,24545,0.3811097862031961
141,24546,0.3283493367657511
141,24547,0.3245176214343029
141,24548,0.27505907867128504
141,24601,0.3043006472543695
141,24602,0.17923394822002742
141,24603,0.21435420920139084
141,24604,0.2931116527622666
141,24605,0.19983397992705915
141,24606,0.09070770068903013
141,24607,0.26901271623926953
141,24608,0.1753428334761621
141,24609,0.10295233293578866
141,24610,0.22700882996305513
141,24611,0.21427897588452857
141,24612,0.21389818390531987
141,24613,0.07840566244948788
141,24614,0.11200507993431574
141,24615,0.33904360997660904
141,24616,0.08677962400021672
141,24617,0.7122346562954126
141,24618,0.6043216158330152
141,24619,0.4649163582017472
141,24620,0.888460948481055
141,24621,0.45237096276183514
141,24622,0.5298430726305152
141,24623,0.5802165351482766
141,24624,1.9116096687386634
141,24625,0.6885718238745467
141,24626,0.6515838426231324
141,24627,0.26118770404453934
141,24628,0.971093005660553
141,24629,0.7050290041748418
141,24630,0.4046852709358406
141,24631,0.47640012943117455
141,24632,0.24677297688930827
141,24633,0.1725339549814942
141,24634,0.31687560355811667
141,24635,0.39271052472174084
141,24636,0.3750642691759077
141,24637,0.6474922732564272
141,24638,0.7611168046142701
141,24639,0.5531942338848824
141,24640,1.138757206326299
141,24641,0.8710342600441386
141,24642,0.22367098313886846
141,24643,0.47008235735915377
141,24644,0.8330169633234599
141,24645,0.4060073955752151
141,24646,0.46693465127986106
141,24647,0.1622201631081284
141,24648,0.14608317282025973
141,24701,0.12245047334908994
141,24702,0.2871299244501944
141,24703,0.21641208582351693
141,24704,0.2699225490412529
141,24705,0.1471418713795846
141,24706,0.12901524819768145
141,24707,0.30813379439554134
141,24708,0.21327695786726
141,24709,0.16529966142923086
141,24710,0.2355640410416788
141,24711,0.22998537254571877
141,24712,0.31773724405331927
141,24713,0.21394036581043754
141,24714,0.08890716777683831
141,24715,0.250324844455348
141,24716,0.20017583198576536
141,24717,0.32649372518607295
141,24718,1.1324660343813375
141,24719,0.3999179808924592
141,24720,0.6697027777829652
141,24721,0.4429046733372526
141,24722,0.525980201845308
141,24723,0.47432815893292946
141,24724,0.7192904960867925
141,24725,0.7670654483002652
141,24726,0.5276214771307065
141,24727,0.9137671265566771
141,24728,0.942408737180454
141,24729,0.48281941020139424
141,24730,0.12535432735599294
141,24731,0.5720990368330976
141,24732,0.2522732384936118
141,24733,0.3735310803030924
141,24734,0.2579016656393721
141,24735,0.4121752834830022
141,24736,0.21145534928671883
141,24737,0.5333743352353227
141,24738,0.23385569673018905
141,24739,0.16387763772927486
141,24740,0.31594072448821764
141,24741,0.513610336093625
141,24742,0.47782298776329263
141,24743,0.1820536797642818
141,24744,0.2760007816369891
141,24745,0.5223403135219857
141,24746,0.7715324372955534
141,24747,0.12706354529660635
141,24748,0.34292413187589305
141,24801,0.451185960697618
141,24802,0.17212649523047227
141,24803,0.23591341804205843
141,24804,0.19254050628580693
141,24805,0.11136706860957574
141,24806,0.43169121511836284
141,24807,0.39255307110428395
141,24808,0.3649252025336876
141,24809,0.08064712057853843
141,24810,0.32926320267317677
141,24811,0.15854316181409206
141,24812,0.13561755653148863
141,24813,0.27765748024184833
141,24814,0.244106142373751
141,24815,0.1848552923896805
141,24816,0.08364528432146402
141,24817,0.44303911728616335
141,24818,0.27026281109423667
141,24819,0.620695999591899
141,24820,0.7220195589721756
141,24821,0.8257021057772334
141,24822,0.5769577353839579
141,24823,1.1391166921322162
141,24824,0.7862305576657966
141,24825,0.6781366655961473
141,24826,1.3475508548242248
141,24827,0.5551447069724456
141,24828,0.850737232669396
141,24829,0.18846729228412493
141,24830,0.13219537379031507
141,24831,0.2225569684873924
141,24832,0.10169630428351478
141,24833,0.13892118185198934
141,24834,0.09802940877917181
141,24835,0.07281459464239835
141,24836,0.31689432714696325
141,24837,0.10025366194383169
141,24838,0.42198192421255454
141,24839,0.4783447125604907
141,24840,0.3090925654278064
141,24841,0.4947346795481223
141,24842,0.5097466775559165
141,24843,0.29369767029484106
141,24844,0.6243007134847446
141,24845,0.23963023573826772
141,24846,0.17852668141836892
141,24847,0.4318166249494052
141,24848,0.42635227313149243
141,24901,0.11561513602035353
141,24902,0.5117120451895582
141,24903,0.5044205058231107
141,24904,0.23170705940214129
141,24905,0.3480444729810318
141,24906,0.1244925586138553
141,24907,0.22276448610158248
141,24908,0.4294727732632034
141,24909,0.28149424348656427
141,24910,0.23495730271462945
141,24911,0.31126643579234364
141,24912,0.21808188040342794
141,24913,0.2624126039723235
141,24914,0.2617243735474888
141,24915,0.24011503218509667
141,24916,0.16223255453685473
141,24917,0.24833004615416104
141,24918,0.3322022223641231
141,24919,0.6105884226563063
141,24920,0.638305460142425
141,24921,0.4751892123767763
141,24922,0.7304416514286699
141,24923,0.7635633039179325
141,24924,0.6847767746114829
141,24925,0.49797149790392997
141,24926,0.5196538818094266
141,24927,0.7290599052157904
141,24928,0.42934399436184506
141,24929,0.32834090624229056
141,24930,0.20349598010285608
141,24931,0.13528980207171343
141,24932,0.2219853048270333
141,24933,0.4862615829411831
141,24934,0.15906856153033005
141,24935,0.46436964032121725
141,24936,0.19059515725104184
141,24937,0.7561930538000837
141,24938,1.3013278055069735
141,24939,0.805795025529781
141,24940,0.2880568856774608
141,24941,0.3771155060141974
141,24942,0.180209812597795
141,24943,0.6002615306705227
141,24944,0.8367494824642533
141,24945,0.5957513356852295
141,24946,0.292910898927135
141,24947,0.2225837851580399
141,24948,0.33584886524314234
141,25001,0.27312467736461626
141,25002,0.1702558303411376
141,25003,0.23613063838256249
141,25004,0.14255253426963752
141,25005,0.1634859730390452
141,25006,0.27457804967076593
141,25007,0.09352808110249608
141,25008,0.28118313410390716
141,25009,0.1089367794352472
141,25010,0.23679201530842406
141,25011,0.21333773209333834
141,25012,0.14251015979817497
141,25013,0.33977283751313064
141,25014,0.3131853502289955
141,25015,0.5687692866967848
141,25016,0.2981188426996076
141,25017,0.6174410659977616
141,25018,0.4275678497725699
141,25019,0.42941687206154844
141,25020,0.3602824998446957
141,25021,0.46335078601045504
141,25022,0.7556001940126426
141,25023,0.3925890165072269
141,25024,0.8871867972978137
141,25025,0.6667651723372653
141,25026,0.7450588097571295
141,25027,0.7523253255471186
141,25028,0.48220570865613743
141,25029,0.5823672494889173
141,25030,0.706820106383452
141,25031,0.33774439550638374
141,25032,0.8034474647661196
141,25033,0.33578855079251796
141,25034,0.6368106254933427
141,25035,0.4224749694168448
141,25036,0.5120153676207237
141,25037,0.4732371656612001
141,25038,0.35473503180623317
141,25039,0.7924448619429983
141,25040,0.6758327764651684
141,25041,0.3846941131856985
141,25042,0.21558532381371776
141,25043,0.40251064374590073
141,25044,0.7698165730362343
141,25045,0.6190755915371963
141,25046,0.16508991594775943
141,25047,0.36341038880031207
141,25048,0.16094150859125575
141,25101,0.17822765820206016
141,25102,0.1709271806026389
141,25103,0.19750236166480045
141,25104,0.250043220420107
141,25105,0.30897103415947685
141,25106,0.1052527744379155
141,25107,0.1368158415501453
141,25108,0.1499016530847812
141,25109,0.30993493962815294
141,25110,0.15015232859831723
141,25111,0.21170070858084783
141,25112,0.11053752277359943
141,25113,0.19781082833925356
141,25114,0.5423524381469587
141,25115,0.43839169676086487
141,25116,0.322220034572225
141,25117,0.4897467971492049
141,25118,0.42477756321300303
141,25119,0.29550037707078547
141,25120,0.32383787162989613
141,25121,0.7140097344160297
141,25122,0.9764996709271269
141,25123,0.48330177740084307
141,25124,0.3331214854271645
141,25125,0.20732361648563608
141,25126,0.45849729185152144
141,25127,0.8901346739978786
141,25128,0.22870509989081533
141,25129,0.3079380610447155
141,25130,0.15174387850282053
141,25131,0.17773475551281434
141,25132,0.08826009644657044
141,25133,0.1957164913324514
141,25134,0.22538663510255016
141,25135,1.0140148987317814
141,25136,0.4452071847911748
141,25137,0.9049470357635544
141,25138,0.5702021505683533
141,25139,0.9606185469694264
141,25140,0.7588305644127801
141,25141,0.5152415485156296
141,25142,0.3568882054953491
141,25143,0.35319738977887966
141,25144,0.44518185603999944
141,25145,0.5498917472981598
141,25146,0.3016681940239221
141,25147,0.2768357293047555
141,25148,0.26979457486497593
141,25201,0.225999245266981
141,25202,0.1037783147898059
141,25203,0.23587356573665
141,25204,0.09110522748320424
141,25205,0.24670627278217022
141,25206,0.1688863152884968
141,25207,0.19132475132134918
141,25208,0.2513459326623847
141,25209,0.3349308541128129
141,25210,0.22363540775345167
141,25211,0.251793815340728
141,25212,0.11217878253138552
141,25213,0.3215167831664792
141,25214,0.13061937883102545
141,25215,0.32275325691250345
141,25216,0.1964700577749772
141,25217,0.5382630348371478
141,25218,0.8694226299772964
141,25219,0.43191766819069466
141,25220,0.629854188671104
141,25221,0.42639354223598125
141,25222,0.2490683072766038
141,25223,0.2546875317858626
141,25224,0.7358512513203014
141,25225,0.826700908718834
141,25226,0.4182636595522491
141,25227,0.616110666096024
141,25228,0.5083406284964299
141,25229,0.23382354495669852
141,25230,0.37536241672620274
141,25231,0.16817133040732074
141,25232,0.1831432499432185
141,25233,0.5428976747773179
141,25234,0.22990226761296914
141,25235,0.6534251485440781
141,25236,0.29362497738230875
141,25237,0.26566802792665006
141,25238,0.8497525245564637
141,25239,0.26175704026498287
141,25240,1.590270718814403
141,25241,0.43127696816933775
141,25242,0.6990383106333492
141,25243,0.3822707607008509
141,25244,0.8856866367411078
141,25245,0.730762217846267
141,25246,0.47584786833161286
141,25247,0.18515398673133532
141,25248,0.24098916469513967
141,25301,0.25433770586205423
141,25302,0.32686526334245086
141,25303,0.20392401945534785
141,25304,0.24950876427874272
141,25305,0.23656726502708456
141,25306,0.2148520391055385
141,25307,0.2737812404302596
141,25308,0.1477595974531712
141,25309,0.2793503818458948
141,25310,0.17586698756373534
141,25311,0.30398435369346727
141,25312,0.19889599998636295
141,25313,0.21116971955264607
141,25314,0.1387205596428122
141,25315,0.13970129783837001
141,25316,0.36538794562168264
141,25317,0.3508593582791086
141,25318,0.42682653951557115
141,25319,0.6961393520509022
141,25320,0.5203440967103518
141,25321,1.3349948839513957
141,25322,1.388982380052941
141,25323,1.7871902947451799
141,25324,1.2475489183813473
141,25325,0.6224516261961603
141,25326,0.8230429301124309
141,25327,0.5080486088385202
141,25328,0.26248097867056386
141,25329,0.39351694438023727
141,25330,0.4270135687173025
141,25331,0.43818333232455237
141,25332,0.3168298345763785
141,25333,0.6341145501482366
141,25334,0.23975084455101703
141,25335,0.5130344057652303
141,25336,0.41638131103582876
141,25337,0.6166889667850532
141,25338,1.0178148336273878
141,25339,0.592287358926719
141,25340,0.45459804660476166
141,25341,0.43156964958256855
141,25342,0.3211447958826285
141,25343,0.46896404226050775
141,25344,0.5289935749435782
141,25345,0.5322819810712739
141,25346,0.7049269982113311
141,25347,0.24153849805987473
141,25348,0.5061693099736523
141,25401,0.5769652492595024
141,25402,0.16059511483955582
141,25403,0.1323249104358227
141,25404,0.5131800475163402
141,25405,0.5440176794910567
141,25406,0.33317074735445323
141,25407,0.4124159794534075
141,25408,0.22155863166278966
141,25409,0.36519608006607623
141,25410,0.19557892832220358
141,25411,0.16577355610180391
141,25412,0.518571549008645
141,25413,0.36497593286281527
141,25414,0.25538447732603414
141,25415,0.149094006882557
141,25416,0.17410552280706154
141,25417,0.5500585197068577
141,25418,1.0938769638031967
141,25419,1.140860759971117
141,25420,1.062454280617637
141,25421,0.7544929715830577
141,25422,0.5191445122209201
141,25423,0.7739455528918984
141,25424,0.5149138171287788
141,25425,0.9117881959092922
141,25426,0.29007969343308354
141,25427,0.6200176835497042
141,25428,0.8228023278610321
141,25429,0.16247152960068512
141,25430,0.22607955531321552
141,25431,0.30174879568532315
141,25432,0.20773195299510422
141,25433,0.04926898831848874
141,25434,0.17287099676483117
141,25435,0.21060248945786286
141,25436,0.18757852706391046
141,25437,0.39002463358580974
141,25438,0.16222371041508282
141,25439,0.48138919076098935
141,25440,0.16087236832851187
141,25441,0.540569387654924
141,25442,0.2367607510429345
141,25443,0.5449698746163849
141,25444,0.7575917448299498
141,25445,0.6609148921416598
141,25446,0.18913825475447815
141,25447,0.32012752546329604
141,25448,0.2245175488042983
141,25501,0.3261735839342359
141,25502,0.4455960230160356
141,25503,0.4485771194659134
141,25504,0.29445109256173635
141,25505,0.27019222432110906
141,25506,0.2736885077841401
141,25507,0.08761915446764958
141,25508,0.33730862404295947
141,25509,0.2329072649776899
141,25510,0.24104000696174055
141,25511,0.3530967005883988
141,25512,0.185666123555753
141,25513,0.27761341965283565
141,25514,0.11566058226160675
141,25515,0.25633795423455025
141,25516,0.20244353755647213
141,25517,0.27170947022533304
141,25518,0.34045167646299573
141,25519,0.5602895888313641
141,25520,0.7096968226975099
141,25521,0.8867043528880443
141,25522,0.33231732432768385
141,25523,0.33258760278386434
141,25524,0.6220553501606573
141,25525,0.7896990171871288
141,25526,0.8796410548196159
141,25527,0.8076337555283181
141,25528,0.4155455156432392
141,25529,0.42935726833553606
141,25530,0.9908059180254392
141,25531,0.4024632496578398
141,25532,0.226649969934295
141,25533,0.5156848210728137
141,25534,0.31243177228804786
141,25535,0.4328987662192855
141,25536,0.6616499566031414
141,25537,0.4071477067485437
141,25538,0.6373916918765778
141,25539,0.2848801757402233
141,25540,0.8343375537597512
141,25541,0.30158552759367707
141,25542,0.39726895859313566
141,25543,0.41132494184832574
141,25544,0.1796532670134513
141,25545,0.1829061425982797
141,25546,0.28209700044706
141,25547,0.2658331849322843
141,25548,0.2089161343247204
141,25601,0.1608282089370047
141,25602,0.15049358400319898
141,25603,0.37139287808595656
141,25604,0.2307046686602178
141,25605,0.23923461203782045
141,25606,0.22653442746378957
141,25607,0.1828178938450563
141,25608,0.17552921359454693
141,25609,0.19724788374679225
141,25610,0.2553278437368706
141,25611,0.18306176332069565
141,25612,0.18991871391278867
141,25613,0.21345594692741546
141,25614,0.08466684764521143
141,25615,0.19578586987299315
141,25616,0.11549073732740157
141,25617,0.6559670380548006
141,25618,0.5567588329652928
141,25619,0.2588508415897586
141,25620,0.6465659529531504
141,25621,0.5239894393407709
141,25622,0.5722980419061894
141,25623,0.5922741541550854
141,25624,0.41571282701540513
141,25625,0.6059060212348644
141,25626,0.6469275323769073
141,25627,0.8135751801287184
141,25628,0.3745359051831556
141,25629,0.3842708763605245
141,25630,0.49091944208319765
141,25631,0.34292990617655894
141,25632,0.2383464596062566
141,25633,0.0840854480006131
141,25634,0.2786346474984532
141,25635,0.2944542884536689
141,25636,0.39314602096337786
141,25637,0.3777657942799847
141,25638,1.0363661879908372
141,25639,0.7968438124464057
141,25640,0.1907257710052646
141,25641,0.6700953674844599
141,25642,0.28328709466181395
141,25643,0.6380732593437333
141,25644,0.2454069240923194
141,25645,0.5150211845799006
141,25646,0.323670162687063
141,25647,0.1895322765801086
141,25648,0.33866559718378214
141,25701,0.1280138259460752
141,25702,0.16801324295075046
141,25703,0.2797911754394792
141,25704,0.14122112231559364
141,25705,0.26844189186227113
141,25706,0.38740229661055653
141,25707,0.1850302250792813
141,25708,0.36492763584940097
141,25709,0.11990753129021069
141,25710,0.1721956259776127
141,25711,0.2149052973675697
141,25712,0.2269597766171977
141,25713,0.21272114574556603
141,25714,0.35235340284216726
141,25715,0.09814566943805543
141,25716,0.2221767489943772
141,25717,0.181492618029789
141,25718,0.7332674725467091
141,25719,0.5294157326336983
141,25720,0.685263369542499
141,25721,0.5547110399238397
141,25722,0.9209390908650746
141,25723,1.1834044715156171
141,25724,0.9421400673938992
141,25725,1.3739374642699218
141,25726,0.9506328155342098
141,25727,0.647954824736345
141,25728,0.6531910629578718
141,25729,0.47105285762114435
141,25730,0.5164377157080238
141,25731,0.2984180875636121
141,25732,0.13949218576162065
141,25733,0.6394820850005528
141,25734,0.3300253082010765
141,25735,0.2253279394979901
141,25736,0.5078825378677944
141,25737,0.7165461146224548
141,25738,0.5113828388933991
141,25739,0.24003584562652497
141,25740,0.6139491933044374
141,25741,0.19302836472380885
141,25742,0.5546089429828531
141,25743,0.5446256664695008
141,25744,0.4630719081119761
141,25745,0.2725270010386561
141,25746,0.4169602017307342
141,25747,0.37733370623762164
141,25748,0.3873603340792053
141,25801,0.3736203096269348
141,25802,0.1796947885330138
141,25803,0.3475449245644905
141,25804,0.21323461471994398
141,25805,0.09181558976958905
141,25806,0.11112820003088757
141,25807,0.28701327203754506
141,25808,0.2344382330780618
141,25809,0.27675883221655073
141,25810,0.1149038423090958
141,25811,0.1969136054024144
141,25812,0.22951186862541517
141,25813,0.2799159572928935
141,25814,0.40347251450052085
141,25815,0.5201432163423099
141,25816,0.49494760620884226
141,25817,0.1944402590429441
141,25818,0.5531746753210458
141,25819,0.2779930003288133
141,25820,0.3466099321904971
141,25821,0.4560555445930809
141,25822,0.299683026937867
141,25823,0.7385381652394253
141,25824,0.4110979496470368
141,25825,0.5411719167524257
141,25826,0.731006875675164
141,25827,0.6693853530641922
141,25828,0.3711629049486424
141,25829,0.11121738526350514
141,25830,0.21232338651036
141,25831,0.22431178571595872
141,25832,0.19890163974422986
141,25833,0.23414174107101046
141,25834,1.161428352042778
141,25835,0.2831897572774225
141,25836,0.39384778575392587
141,25837,0.15178693846257638
141,25838,0.3466515975872527
141,25839,0.7265589096685222
141,25840,0.6524335846490782
141,25841,0.45589345189417113
141,25842,0.41454558877129255
141,25843,0.49960592455835134
141,25844,0.6841959922526296
141,25845,0.6406909353922523
141,25846,0.2901434797995482
141,25847,0.20264256472460057
141,25848,0.365862593162471
141,25901,0.46581578295252146
141,25902,0.35461865406262905
141,25903,0.10481614211675262
141,25904,0.3181741283811726
141,25905,0.12187087757672807
141,25906,0.07895588962587503
141,25907,0.3369818699926892
141,25908,0.19768193460745037
141,25909,0.18473276820689755
141,25910,0.10218919502160444
141,25911,0.2427211222705887
141,25912,0.39341930824239707
141,25913,0.10549881512934585
141,25914,0.20610707242402734
141,25915,0.16426398261071315
141,25916,0.2762009174703643
141,25917,0.6463424266764188
141,25918,0.2998352015421851
141,25919,0.8080506871147755
141,25920,1.2764148847832792
141,25921,0.6980653341636286
141,25922,0.6321902631971891
141,25923,1.1075696586381791
141,25924,0.4667341673560037
141,25925,0.7437315303287254
141,25926,0.5655093569749413
141,25927,0.36332022266617836
141,25928,0.48250173849497774
141,25929,0.3669301409915932
141,25930,0.5746425750791082
141,25931,0.16181839299162734
141,25932,0.27596645632567257
141,25933,0.21086217598624502
141,25934,0.3013423570927366
141,25935,0.3306671953860891
141,25936,0.4314808966574608
141,25937,0.5007817366916293
141,25938,0.3268149139088443
141,25939,0.5622584507471435
141,25940,1.4154006034276962
141,25941,0.31739976624679267
141,25942,0.2901566420485228
141,25943,0.564223667694202
141,25944,0.2793562405310107
141,25945,0.5371147502246252
141,25946,0.10790298076910959
141,25947,0.2742314347756709
141,25948,0.08136221620282859
141,26001,0.11448038478897787
141,26002,0.19777179490379942
141,26003,0.08610277529919115
141,26004,0.17484352429292058
141,26005,0.09989029127699497
141,26006,0.24800328872568833
141,26007,0.12046960995095703
141,26008,0.11599899040176526
141,26009,0.176737081194997
141,26010,0.159314589353338
141,26011,0.2897885330265857
141,26012,0.3031005129805026
141,26013,0.30954773876696245
141,26014,0.09895147618410714
141,26015,0.055880128910635096
141,26016,0.11421068904161646
141,26017,0.4733302101171876
141,26018,0.2637099524785659
141,26019,0.6293191881669128
141,26020,1.109175785967629
141,26021,0.2739340538853805
141,26022,0.37998333946851026
141,26023,0.8830171395169895
141,26024,0.7151829919324932
141,26025,0.4857850533139032
141,26026,0.5581051087697327
141,26027,0.8478461617102607
141,26028,0.5965128054219762
141,26029,0.3927820527909792
141,26030,0.4979477647766099
141,26031,0.37100595067773817
141,26032,0.6941265335177655
141,26033,0.5367163530070244
141,26034,0.4670444722664288
141,26035,0.6389597571871133
141,26036,0.3574393511297303
141,26037,0.7347219975578094
141,26038,0.924420940981726
141,26039,0.8544425857535045
141,26040,0.37903223422451526
141,26041,0.23519640181589238
141,26042,0.665812939533138
141,26043,0.3669160505782463
141,26044,0.2129618410088789
141,26045,0.4883207944386222
141,26046,0.6792301743430305
141,26047,0.43369330010576046
141,26048,0.2970739795969865
141,26101,0.28803749657466526
141,26102,0.1908053910237662
141,26103,0.12339576105237386
141,26104,0.1880143714681332
141,26105,0.3160370107966707
141,26106,0.2528587953854306
141,26107,0.3391190443478654
141,26108,0.1879641878447438
141,26109,0.33592912714471185
141,26110,0.30428158931215527
141,26111,0.2425527102723315
141,26112,0.430207835216801
141,26113,0.18904507651422006
141,26114,0.1957388272717887
141,26115,0.20810990970879426
141,26116,0.32979616050051813
141,26117,0.513736914325996
141,26118,0.7053558499859904
141,26119,0.6942484963205536
141,26120,0.2620925455021251
141,26121,0.5801492073741598
141,26122,0.7254669987065283
141,26123,0.6249782306307616
141,26124,0.9940728242369036
141,26125,0.9634646394251694
141,26126,0.3251964700606445
141,26127,1.3899693203323116
141,26128,0.4903199491896409
141,26129,0.34266062102096023
141,26130,0.42816244288893646
141,26131,0.21479985023963694
141,26132,0.31885109984511106
141,26133,0.4028008104409275
141,26134,0.24736409948032156
141,26135,0.612669941911335
141,26136,0.2118405464358951
141,26137,0.44788020508679494
141,26138,0.3226649041757298
141,26139,0.4747549617599644
141,26140,0.3848024107487582
141,26141,1.580248828041943
141,26142,0.4303152508567588
141,26143,0.40985143427217374
141,26144,0.2798595590463766
141,26145,0.3135591248389835
141,26146,0.47306705714620473
141,26147,0.2807868813320101
141,26148,0.15024198053542467
141,26201,0.1455938930560514
141,26202,0.24635699486339638
141,26203,0.3454225920670983
141,26204,0.08784853249832994
141,26205,0.22358596314524634
141,26206,0.17954683835507787
141,26207,0.2398340034144766
141,26208,0.18873626889004808
141,26209,0.18203821399625617
141,26210,0.4050812146595481
141,26211,0.33033770278236346
141,26212,0.3760373389565351
141,26213,0.21280312590610198
141,26214,0.1261441087429422
141,26215,0.08157261002736148
141,26216,0.16629708549229238
141,26217,0.6451183107337531
141,26218,0.7975197964298611
141,26219,0.37999653651028564
141,26220,0.5438510620940376
141,26221,0.8900111180303822
141,26222,0.6359476200630585
141,26223,0.8226522621908379
141,26224,0.7778282993123535
141,26225,0.3669646925926846
141,26226,0.24718583956813256
141,26227,0.8417916361834817
141,26228,1.5668929048733349
141,26229,0.5736343210079512
141,26230,0.16309385403025012
141,26231,0.11694947969822489
141,26232,0.1506339192382785
141,26233,0.19388447067936104
141,26234,0.22744815128655585
141,26235,0.3718372657831867
141,26236,0.5899684462163369
141,26237,1.0556790486967573
141,26238,0.47276683975449885
141,26239,0.34323508301887473
141,26240,0.3250190050161304
141,26241,0.29758503180381535
141,26242,0.6605401371402815
141,26243,0.4015295337128662
141,26244,0.2038069858647708
141,26245,0.3314126454352491
141,26246,0.20038528496025826
141,26247,0.16700273359109724
141,26248,0.24785456322543165
141,26301,0.13443926422371866
141,26302,0.34356528326474023
141,26303,0.3202421259205024
141,26304,0.11200055546039626
141,26305,0.14565412386836896
141,26306,0.2210086870538292
141,26307,0.24084623936260494
141,26308,0.12415887874472924
141,26309,0.2706618374336498
141,26310,0.2307000100759012
141,26311,0.18996640416072663
141,26312,0.23146261726083606
141,26313,0.43592289869568335
141,26314,0.11156570544288212
141,26315,0.05852346973861128
141,26316,0.1704015752485429
141,26317,0.4382644999171645
141,26318,0.2626162254901507
141,26319,0.6627683980959201
141,26320,0.38992848269054553
141,26321,0.4661738966885093
141,26322,0.4624234857601297
141,26323,0.7266355847911723
141,26324,0.2865009975947649
141,26325,0.8108706869589841
141,26326,0.9466320666477671
141,26327,0.8330373808031257
141,26328,0.5661179855144363
141,26329,0.2680980927287784
141,26330,0.2677474960374811
141,26331,0.2579353944515028
141,26332,0.3156860825290135
141,26333,0.17662147889971105
141,26334,0.14834336970583864
141,26335,0.26460170821611856
141,26336,0.20554408222097167
141,26337,0.35522121749977975
141,26338,1.3688395616319267
141,26339,1.041875674206109
141,26340,0.4017624008775141
141,26341,0.19052774343286547
141,26342,0.24069400026406212
141,26343,0.36318027918670037
141,26344,0.3805097034643475
141,26345,0.2698517054620725
141,26346,0.18203875840380349
141,26347,0.34963891906806477
141,26348,0.36587684554688105
141,26401,0.23257463534090994
141,26402,0.09539802692679628
141,26403,0.09693742235630295
141,26404,0.22274547571708753
141,26405,0.1169063049958324
141,26406,0.1423917323615865
141,26407,0.18858303478081848
141,26408,0.22943812917919992
141,26409,0.14462262278187638
141,26410,0.23003468174407518
141,26411,0.1643290302262399
141,26412,0.09744314927665901
141,26413,0.09866013100939784
141,26414,0.2171496737423002
141,26415,0.08649241125289142
141,26416,0.25842012297578126
141,26417,0.5959915198401203
141,26418,0.7928938081350567
141,26419,0.5081057180709242
141,26420,0.6497186269517282
141,26421,0.4163087997744068
141,26422,0.685454130135961
141,26423,0.6839779566877482
141,26424,0.8897159599420722
141,26425,0.5696396200903794
141,26426,0.7559977464382123
141,26427,0.7740015057251698
141,26428,0.4616752796530839
141,26429,0.3049608810646966
141,26430,0.16835325720249633
141,26431,0.24537262155355052
141,26432,0.17624845024849525
141,26433,0.14921478731228663
141,26434,0.3821607359009736
141,26435,0.3031384620376196
141,26436,0.7031520392040356
141,26437,0.733196220262296
141,26438,1.4613988664365012
141,26439,0.7764073499068135
141,26440,0.3856174693789405
141,26441,0.3562147601690765
141,26442,0.242889486088204
141,26443,0.45162210783041373
141,26444,0.23267673974590078
141,26445,0.19084139743278566
141,26446,0.5678756638198462
141,26447,0.36239584938383423
141,26448,0.1301361591682661
141,26501,0.10252056666976134
141,26502,0.3464795481526671
141,26503,0.1543169542702412
141,26504,0.2650623651917734
141,26505,0.33712225117379074
141,26506,0.1137362504161769
141,26507,0.1705544419853393
141,26508,0.18260331799207177
141,26509,0.2990715516569369
141,26510,0.39846369381605534
141,26511,0.23898399808165105
141,26512,0.2819562596217098
141,26513,0.06650595801244191
141,26514,0.26640313281715117
141,26515,0.33903035338584486
141,26516,0.2097232565680548
141,26517,0.32002944597084204
141,26518,0.7350586306949726
141,26519,0.6270990561342747
141,26520,0.32407780524832863
141,26521,0.27925653514954324
141,26522,1.0195628556861265
141,26523,0.2790780897365536
141,26524,0.3571202426331407
141,26525,0.5487595023727999
141,26526,0.3623456662361695
141,26527,0.9096479514980762
141,26528,1.0992025188085286
141,26529,0.19061279509797363
141,26530,0.1970208376392901
141,26531,0.12937838710951413
141,26532,0.3938686525761233
141,26533,0.2611276463684263
141,26534,0.2927252092811768
141,26535,0.3021868695071702
141,26536,0.07683566466943138
141,26537,0.48919943270649635
141,26538,0.734913277395564
141,26539,1.4937087138914689
141,26540,0.4464652551326804
141,26541,0.1827901417567568
141,26542,0.5987318908305065
141,26543,0.5145688013805355
141,26544,0.4267660656353575
141,26545,0.2572157402055771
141,26546,0.1460012700188622
141,26547,0.18250383534319908
141,26548,0.23650658043549375
141,26601,0.39572735882672155
141,26602,0.24172113710882367
141,26603,0.2744706434133059
141,26604,0.18046793471411707
141,26605,0.3751009890662834
141,26606,0.15093046322627177
141,26607,0.31508864372361933
141,26608,0.25129027672925
141,26609,0.32885702239451664
141,26610,0.37456780233803033
141,26611,0.25876470404455976
141,26612,0.15756171497992036
141,26613,0.2732096205960018
141,26614,0.12141461321907951
141,26615,0.16720199787529771
141,26616,0.12063801572330814
141,26617,0.4392681521100136
141,26618,0.6010928873153305
141,26619,0.672806592287705
141,26620,0.401154621432801
141,26621,1.3581460497548081
141,26622,0.7335952081512471
141,26623,0.2740511472962592
141,26624,0.5406184329208584
141,26625,0.7054683222752892
141,26626,0.8631351655973439
141,26627,0.3638870897462226
141,26628,0.36002058249774416
141,26629,0.3529960478785585
141,26630,0.18661982975750294
141,26631,0.40170359337883377
141,26632,0.12107731663217676
141,26633,0.3684570230546329
141,26634,0.6567331591864908
141,26635,0.3643753444844255
141,26636,0.31970231548967876
141,26637,0.2237038433478251
141,26638,0.5169678353804859
141,26639,1.389171871534738
141,26640,0.3036850485551891
141,26641,0.21327783588041965
141,26642,0.6654857537359187
141,26643,0.268337422524141
141,26644,0.44858825216427206
141,26645,0.21197009077961054
141,26646,0.7037279551747556
141,26647,0.21264532539159606
141,26648,0.4331294099161776
141,26701,0.28433394682425916
141,26702,0.1990504612658474
141,26703,0.2523450896731333
141,26704,0.27575719791296815
141,26705,0.06876327350306387
141,26706,0.13904239698163284
141,26707,0.15696089236378163
141,26708,0.20545522883198417
141,26709,0.3471397277344175
141,26710,0.28555379279297616
141,26711,0.22769177069097124
141,26712,0.2634166771446105
141,26713,0.23718589279443647
141,26714,0.18144112404702709
141,26715,0.22170628555881874
141,26716,0.1390739589057519
141,26717,0.45295212454875006
141,26718,0.3254944530662021
141,26719,0.3678508219317717
141,26720,0.6718880110119052
141,26721,0.6792600680279286
141,26722,1.0357151556301907
141,26723,0.7188528057150207
141,26724,0.641189086746136
141,26725,0.715848243925728
141,26726,0.42202496112146876
141,26727,0.6272585753773356
141,26728,0.3846832147667665
141,26729,0.313980880880428
141,26730,0.5116671040956646
141,26731,0.21988003276433407
141,26732,0.3291173997444778
141,26733,0.4481117943400203
141,26734,0.6311925508615494
141,26735,0.10835787874589362
141,26736,0.5046998853020029
141,26737,0.6897738441355926
141,26738,0.60291397120565
141,26739,0.8039059788038169
141,26740,0.3737218171948654
141,26741,0.48438888185586093
141,26742,0.4020837924929671
141,26743,0.3847144735704538
141,26744,0.5354117944890914
141,26745,0.8321307544024308
141,26746,0.6729054824171964
141,26747,0.5093637587080828
141,26748,0.3283162654802155
141,26801,0.13542644924354744
141,26802,0.23277875733856895
141,26803,0.09444055593242652
141,26804,0.18368881909224516
141,26805,0.14545292208280228
141,26806,0.25189762962813295
141,26807,0.16920984893030752
141,26808,0.06850338909999003
141,26809,0.0993366364055312
141,26810,0.3038921548596805
141,26811,0.260409891701584
141,26812,0.15818747409789402
141,26813,0.06312637188131265
141,26814,0.23903815260211922
141,26815,0.12621673784021706
141,26816,0.44716682246871203
141,26817,0.19705300968521164
141,26818,0.6796968418566204
141,26819,0.7692806859720186
141,26820,0.47588363859242067
141,26821,1.1557183158657796
141,26822,1.3787574718210096
141,26823,1.481234051952304
141,26824,0.32765099065710146
141,26825,1.4382023098903192
141,26826,0.9579082901459788
141,26827,0.27751747606355154
141,26828,1.2641363294942995
141,26829,0.57771042964964
141,26830,0.18722939062361907
141,26831,0.4233960933825016
141,26832,0.294762697856234
141,26833,0.33964250537212803
141,26834,0.26092074969431894
141,26835,0.2775804160654581
141,26836,0.19619603867355584
141,26837,0.41550125312108527
141,26838,0.15532110641030228
141,26839,0.1867920184967157
141,26840,0.2622273160000676
141,26841,0.6510292183199103
141,26842,0.29372965076913504
141,26843,0.3472272325036553
141,26844,0.6031278410804639
141,26845,0.26403374359124626
141,26846,0.27375448996367135
141,26847,0.11949508456283639
141,26848,0.10130771014693137
141,26901,0.29414705107213535
141,26902,0.1344026220941411
141,26903,0.2676954403807413
141,26904,0.4244194029789914
141,26905,0.3052961909230612
141,26906,0.1673982995071102
141,26907,0.18324309312719408
141,26908,0.2500006609790385
141,26909,0.31579631477519177
141,26910,0.16954108653734487
141,26911,0.22998401490463471
141,26912,0.2265159535070328
141,26913,0.2620969010630702
141,26914,0.1158461306227976
141,26915,0.1146789779274951
141,26916,0.2314629644915633
141,26917,0.5748978940479568
141,26918,1.0141915242257074
141,26919,0.908370262560376
141,26920,0.8486395975226881
141,26921,0.918594237779841
141,26922,0.8496138620037971
141,26923,0.34035136375630165
141,26924,0.4168711890991949
141,26925,0.8627520595019325
141,26926,0.21384075799166394
141,26927,0.8849651045235666
141,26928,0.81377285061591
141,26929,0.28941332233350703
141,26930,0.1797232689796412
141,26931,0.24777588314080415
141,26932,0.12757068149242667
141,26933,0.1295516569350029
141,26934,0.23277200385975272
141,26935,0.11754230713223926
141,26936,0.21048089508747514
141,26937,0.40887089736883336
141,26938,1.1290182781233973
141,26939,0.7455234329896131
141,26940,0.5272404476742321
141,26941,0.5621388978085461
141,26942,0.4311812684107259
141,26943,0.41285923047676004
141,26944,0.45969850012647345
141,26945,0.34268946520050747
141,26946,0.17258191848883508
141,26947,0.200324830668695
141,26948,0.21862146709538982
141,27001,0.10790134166557017
141,27002,0.1456506310189408
141,27003,0.18547239002002194
141,27004,0.16447537434472925
141,27005,0.20081796369029425
141,27006,0.19590944000173116
141,27007,0.14211316733788887
141,27008,0.2598487487666932
141,27009,0.22877701146028553
141,27010,0.22334833155704759
141,27011,0.15241557877163212
141,27012,0.15912464533719492
141,27013,0.1803262009195313
141,27014,0.418524800095856
141,27015,0.3461196510382694
141,27016,0.1336710747579237
141,27017,0.7826805871586944
141,27018,1.0036434599664052
141,27019,0.42399638113003446
141,27020,0.4766208087006875
141,27021,0.3678180014783524
141,27022,0.5828966629598651
141,27023,0.7091385025213678
141,27024,0.5721720004136289
141,27025,0.7258942003706704
141,27026,1.0306836838499802
141,27027,0.4747041587556263
141,27028,0.2528008339792429
141,27029,0.47562349444390883
141,27030,0.1580388769048986
141,27031,0.36276013660067713
141,27032,0.1094326939182956
141,27033,0.5504815684529215
141,27034,0.27964156880914065
141,27035,0.29639390215970246
141,27036,0.24651059429088912
141,27037,0.33669526672523864
141,27038,0.40122876419724446
141,27039,0.5300980756598845
141,27040,0.30948361995899576
141,27041,0.5818845994327291
141,27042,0.27337379002581247
141,27043,0.24675320872885936
141,27044,0.3888262026028353
141,27045,0.49969791536848357
141,27046,0.3579017270783358
141,27047,0.3568116510187484
141,27048,0.08130439111174176
141,27101,0.13979576929124868
141,27102,0.33784474559038313
141,27103,0.16746049081741934
141,27104,0.16178974418342973
141,27105,0.3697623695385916
141,27106,0.21725540934628448
141,27107,0.07689962121033835
141,27108,0.3207068616750139
141,27109,0.16291602478377756
141,27110,0.2241708406914404
141,27111,0.06876037988044403
141,27112,0.12554217170101192
141,27113,0.15879907450468436
141,27114,0.17147437655549838
141,27115,0.24349604392587176
141,27116,0.27367722786857823
141,27117,0.2626088160346095
141,27118,1.0137158257124448
141,27119,0.34423524780275994
141,27120,0.31631869143847574
141,27121,1.2831745877121397
141,27122,1.0392532895004358
141,27123,0.5083322885131064
141,27124,1.2782825646587765
141,27125,0.507142091762574
141,27126,0.5243408511364901
141,27127,0.9122295813853433
141,27128,1.2344348206571032
141,27129,0.40575636520220765
141,27130,0.09402840709947842
141,27131,0.3944478300924299
141,27132,0.3422218537463735
141,27133,0.41497372171393704
141,27134,0.437883848064342
141,27135,0.22077559743088002
141,27136,0.2585499364175868
141,27137,0.7565588498502358
141,27138,0.32779724543045663
141,27139,0.7475543389880557
141,27140,1.263517587033694
141,27141,0.31721718846372704
141,27142,0.6594425689922003
141,27143,0.5005738609252209
141,27144,0.1985973588489969
141,27145,0.30500857478347354
141,27146,0.36211304620183854
141,27147,0.2836817877604222
141,27148,0.2440351979622397
141,27201,0.2816246427005439
141,27202,0.39554846444151104
141,27203,0.2870840730319932
141,27204,0.10563434837117769
141,27205,0.25211667792153847
141,27206,0.297419086849969
141,27207,0.1538638294782889
141,27208,0.17877384832626866
141,27209,0.3476073118354853
141,27210,0.1405314184458988
141,27211,0.362144843401519
141,27212,0.4347256565715136
141,27213,0.3530953025120762
141,27214,0.23843062347135646
141,27215,0.16873314455715738
141,27216,0.3822855704317541
141,27217,0.7731247943386305
141,27218,0.7122166722737615
141,27219,0.6949240004964224
141,27220,0.7451218757230601
141,27221,1.0445070671866477
141,27222,0.5503073878546149
141,27223,0.7681179097355726
141,27224,0.5811897191426717
141,27225,0.26008047096930337
141,27226,0.6652125999477959
141,27227,0.8204882607779389
141,27228,0.5823314024088965
141,27229,0.4079577130909168
141,27230,0.1489565960860407
141,27231,0.37030687739540735
141,27232,0.08974784793039654
141,27233,0.1934997757338256
141,27234,0.22145443915577048
141,27235,0.2592125667379863
141,27236,0.14128223229181863
141,27237,0.41769271609822006
141,27238,0.8041239293090446
141,27239,0.7996462777750055
141,27240,0.5032130317078366
141,27241,0.7856037296142282
141,27242,0.2962001095721727
141,27243,0.2501509884247321
141,27244,0.7993115490298763
141,27245,0.23088766032394623
141,27246,0.16251868924111965
141,27247,0.10121047009405695
141,27248,0.2640585163391419
141,27301,0.3336341542776335
141,27302,0.2512951478296425
141,27303,0.3318384575345861
141,27304,0.15270152719208338
141,27305,0.12818226412182568
141,27306,0.0987286237493403
141,27307,0.11442000395083986
141,27308,0.25441028096963686
141,27309,0.5024465604746824
141,27310,0.20643713833912464
141,27311,0.2535052833929632
141,27312,0.15234778883282868
141,27313,0.12313492481874044
141,27314,0.24631847706041768
141,27315,0.11235777574963346
141,27316,0.13635996259449057
141,27317,0.4148698753805636
141,27318,0.44786973315238976
141,27319,0.668986318369118
141,27320,0.8687925438514545
141,27321,0.7537219991314154
141,27322,1.016258558840632
141,27323,0.589805664884155
141,27324,1.329098780202399
141,27325,0.543609415452694
141,27326,0.320903923616601
141,27327,0.3986615517421399
141,27328,0.4002885223604351
141,27329,0.3443505160551697
141,27330,0.16502343900089414
141,27331,0.20506205556848617
141,27332,0.25569935732101035
141,27333,0.4569132593950493
141,27334,0.3220047334739083
141,27335,0.2726721552354883
141,27336,0.19437766916338037
141,27337,0.4620408464885305
141,27338,0.2690976236343208
141,27339,0.6155293059816407
141,27340,1.007450040352854
141,27341,0.5358932946835132
141,27342,0.3586942984220354
141,27343,0.6713919257987351
141,27344,0.38986879851791206
141,27345,0.7112285663082939
141,27346,0.6194565826055299
141,27347,0.2897192484668291
141,27348,0.3470093728898428
141,27401,0.15432226806275293
141,27402,0.1696743627655946
141,27403,0.18566667670528839
141,27404,0.3776450437835381
141,27405,0.1571568131829114
141,27406,0.10425487525840987
141,27407,0.20055647201253443
141,27408,0.27379409656472414
141,27409,0.2524155146761734
141,27410,0.4265112515560153
141,27411,0.20128102462670747
141,27412,0.20790251472204244
141,27413,0.24399082526437896
141,27414,0.1612057729263888
141,27415,0.4151299998710311
141,27416,0.28408219069511226
141,27417,0.3101456881204591
141,27418,0.9925530977954696
141,27419,0.8576156333835289
141,27420,1.025046350961796
141,27421,0.26621353702351896
141,27422,0.37569593885926983
141,27423,0.3184575609136227
141,27424,1.1417269284210498
141,27425,0.5084364875358447
141,27426,0.8920437505077692
141,27427,0.6704510325859525
141,27428,0.9014092802425925
141,27429,0.42440046010315435
141,27430,0.1510023153401015
141,27431,0.5540240361891173
141,27432,0.607470491381167
141,27433,0.14886368272875103
141,27434,0.16680469210633242
141,27435,0.507456434979176
141,27436,0.8593943754755454
141,27437,0.9442806568622523
141,27438,1.2160564917405141
141,27439,0.6197815094595706
141,27440,0.46690686666350556
141,27441,0.4487455954474887
141,27442,0.3049602674284523
141,27443,0.6578609187265412
141,27444,0.617915547424472
141,27445,0.2870528136877062
141,27446,0.2418329971459883
141,27447,0.23350366256449365
141,27448,0.47905617650407595
141,27501,0.2904700226298771
141,27502,0.3054317008280844
141,27503,0.23620564221840298
141,27504,0.11173208887468367
141,27505,0.1335357831395872
141,27506,0.3361963729637865
141,27507,0.13315736241441054
141,27508,0.2223646299141133
141,27509,0.1824144409099353
141,27510,0.14621196140678858
141,27511,0.1304730865860365
141,27512,0.399786203803821
141,27513,0.18470339944638786
141,27514,0.25662396753613115
141,27515,0.17915846107313085
141,27516,0.27773246832741105
141,27517,0.20982607027794334
141,27518,0.38864898214001314
141,27519,0.3251646619684434
141,27520,0.923572515583246
141,27521,0.7772011512758668
141,27522,0.3825953231851938
141,27523,0.787049094119958
141,27524,0.8235978226437292
141,27525,1.7041047767032884
141,27526,1.3641063919789593
141,27527,1.7348123714424877
141,27528,0.9625706047890967
141,27529,0.3127622502498593
141,27530,0.2820918801196093
141,27531,0.19787018687432537
141,27532,0.20185188182394698
141,27533,0.10557541238661056
141,27534,0.3695736916887894
141,27535,0.3410058650655565
141,27536,0.4789316160225431
141,27537,0.3783550643543849
141,27538,0.4748504595007905
141,27539,0.4504124739722228
141,27540,0.5631159663530623
141,27541,0.2954027020954022
141,27542,0.3733536735538478
141,27543,0.712989614886455
141,27544,0.5536135873505802
141,27545,0.5891428140451892
141,27546,0.6045818816706612
141,27547,0.12998737264795515
141,27548,0.195442291572229
141,27601,0.33913914533411027
141,27602,0.3328202188044706
141,27603,0.2177779713306492
141,27604,0.2943864444895324
141,27605,0.0
141,27606,0.0
141,27607,0.34912979666002325
141,27608,0.16433516059754555
141,27609,0.21510632435808946
141,27610,0.4197729294569966
141,27611,0.19972161662766386
141,27612,0.1312250030443672
141,27613,0.2048497498208071
141,27614,0.09837808919675552
141,27615,0.22846318847027305
141,27616,0.37126752983817424
141,27617,0.11395876211766508
141,27618,0.2507676850467867
141,27619,0.2116616950466298
141,27620,0.9763321923243755
141,27621,0.6864253200656697
141,27622,0.7238849177990347
141,27623,0.6428843951311205
141,27624,0.673734263148553
141,27625,0.7731585166976426
141,27626,1.10474101940308
141,27627,0.6409989700608835
141,27628,0.5869913008588713
141,27629,1.055176721968938
141,27630,0.8682910475586219
141,27631,0.37822054653979337
141,27632,0.3410262342114651
141,27633,0.48009424750237234
141,27634,0.5231243623798904
141,27635,0.4492814785323548
141,27636,0.20654605264180223
141,27637,0.44066251938223067
141,27638,0.628441215408072
141,27639,0.1970459937275091
141,27640,0.8436681738830918
141,27641,0.8340625768630351
141,27642,0.36669578622498555
141,27643,0.5172108333932485
141,27644,0.5586912272720937
141,27645,0.4087355007056841
141,27646,0.21508313272626658
141,27647,0.16575686841482737
141,27648,0.2590225949413199
141,27701,0.24953364912666587
141,27702,0.1448747477134196
141,27703,0.24578966212459008
141,27704,0.1067616781311619
141,27705,0.34404958268671876
141,27706,0.17008683278243794
141,27707,0.15497150056642028
141,27708,0.2550716743862544
141,27709,0.20445179273998204
141,27710,0.39472315144937975
141,27711,0.14614403856278863
141,27712,0.1251350825678351
141,27713,0.10217234047820685
141,27714,0.08206296280881129
141,27715,0.06630767451038476
141,27716,0.23415279004430506
141,27717,0.18709463217941597
141,27718,0.17930460763553163
141,27719,0.4874330724393349
141,27720,0.7341039740086042
141,27721,0.6095549485312447
141,27722,1.1483575629178857
141,27723,0.8209749271272697
141,27724,0.45668859651379584
141,27725,0.3059431281990537
141,27726,0.6577591505246999
141,27727,0.7613333689855705
141,27728,0.3787405681179544
141,27729,0.390671149006923
141,27730,0.22822413439418043
141,27731,0.2789019788148495
141,27732,0.2582462653416727
141,27733,0.3007042253035645
141,27734,0.10857396131806064
141,27735,0.4804960068948104
141,27736,0.1638845931328143
141,27737,0.5469159659320462
141,27738,0.9102083224710527
141,27739,0.9715087079365549
141,27740,1.090744580289885
141,27741,0.827417501199774
141,27742,0.9840568636517434
141,27743,0.5148824998507298
141,27744,1.1611780205102389
141,27745,0.6822637346995571
141,27746,0.6802771728394852
141,27747,0.622091296042864
141,27748,0.2903849756740094
141,27801,0.2220208956573996
141,27802,0.3793592681395591
141,27803,0.32567009733250507
141,27804,0.1505952038227382
141,27805,0.15020552091728348
141,27806,0.06790765668492556
141,27807,0.2552832805585072
141,27808,0.3774066276115695
141,27809,0.3841751257804957
141,27810,0.4014110188372634
141,27811,0.21850705644229673
141,27812,0.2765715383997276
141,27813,0.7113860018507795
141,27814,0.864624003252908
141,27815,0.9794214608476807
141,27816,0.6977695247079968
141,27817,0.2551260274537054
141,27818,0.3668557021684646
141,27819,0.5409798349676443
141,27820,0.24184870200859745
141,27821,0.8307512604797287
141,27822,0.4731854443488884
141,27823,0.6956574663286417
141,27824,0.5454854051729847
141,27825,0.8736150907105192
141,27826,0.7957477309726078
141,27827,0.36981769999074954
141,27828,0.7875457488992476
141,27829,0.22979727678513023
141,27830,0.4803980280642864
141,27831,0.3026482766932525
141,27832,0.3983030728056367
141,27833,0.5383611061961753
141,27834,0.5407017781816195
141,27835,0.31405558978851433
141,27836,0.44116291127615503
141,27837,0.1953140094743789
141,27838,0.6007845144930776
141,27839,0.47434495453079917
141,27840,0.4019773945255955
141,27841,0.3909147178296502
141,27842,0.8101418375889307
141,27843,0.41926731698329006
141,27844,0.893489815285452
141,27845,0.7042416777519036
141,27846,0.2102703553151134
141,27847,0.3426565839401235
141,27848,0.39528234264328854
141,27901,0.21568608731424038
141,27902,0.46575106980732517
141,27903,0.3917740363417766
141,27904,0.48564792403191354
141,27905,0.31757068240674563
141,27906,0.19931612158409973
141,27907,0.4028366846778285
141,27908,0.28989776163369047
141,27909,0.20274310413801372
141,27910,0.11484044977703015
141,27911,0.21209902506824835
141,27912,0.18325398567981618
141,27913,0.5854865092857562
141,27914,0.9023571016629104
141,27915,0.6842817862823602
141,27916,0.3693791735074295
141,27917,0.7998533240767304
141,27918,0.5368972084601717
141,27919,0.7021412321703574
141,27920,0.3139550917666393
141,27921,0.7071479391562281
141,27922,0.4016807218564027
141,27923,0.41432181034925375
141,27924,0.45892285986040166
141,27925,0.45398421530829797
141,27926,0.8783339336753354
141,27927,0.4714456847288628
141,27928,0.917690576222814
141,27929,0.4704488181656733
141,27930,0.15316397500873533
141,27931,0.15424001115746827
141,27932,0.23348437624155483
141,27933,0.23139006891447436
141,27934,0.20850085467080298
141,27935,0.10859971398523763
141,27936,0.3446564305476698
141,27937,0.4317231930098439
141,27938,0.7608686657440161
141,27939,0.33620921771871703
141,27940,0.38422637210674165
141,27941,0.8231270752238652
141,27942,0.2393361635209622
141,27943,0.19464457221939718
141,27944,0.8378113117422203
141,27945,0.18473495491450034
141,27946,0.5774636379216196
141,27947,0.42944890663961754
141,27948,0.17675076973998985
141,28001,0.17392784750711748
141,28002,0.2823194931761103
141,28003,0.31039714973930016
141,28004,0.2672421471565577
141,28005,0.13480225318584346
141,28006,0.19514259191656938
141,28007,0.13068267269207692
141,28008,0.08654563768260289
141,28009,0.28289128152956994
141,28010,0.27416873434848155
141,28011,0.34959565827374944
141,28012,0.17339400136854555
141,28013,0.3424340986348189
141,28014,1.045561867233346
141,28015,0.8795986972712463
141,28016,0.6979345532502073
141,28017,0.26243366544293895
141,28018,0.6742472057725718
141,28019,0.8591021670719355
141,28020,0.27013476264792313
141,28021,0.71779683377616
141,28022,1.6242432570522096
141,28023,0.9368956066871363
141,28024,1.1112181320345913
141,28025,0.4634486535902542
141,28026,0.3264920700119297
141,28027,0.911450606272063
141,28028,0.57786716888574
141,28029,0.3059599990569313
141,28030,0.6030052437110056
141,28031,0.3643349603251611
141,28032,0.45984982813743985
141,28033,0.32546677309926886
141,28034,0.22648907588807063
141,28035,0.10253800623520072
141,28036,0.47059874197516377
141,28037,0.2190215636168415
141,28038,0.5368602309500631
141,28039,1.210698848939569
141,28040,0.533356284607111
141,28041,0.5159087079655414
141,28042,0.17817422001555325
141,28043,0.6257637787462986
141,28044,0.6225501129282369
141,28045,0.5494201029630237
141,28046,0.29243926245391816
141,28047,0.5784208534710262
141,28048,0.22712530792074898
141,28101,0.31369893861703063
141,28102,0.4718802380210942
141,28103,0.17254490098549735
141,28104,0.18465798983972836
141,28105,0.18831260492131544
141,28106,0.06951527626083182
141,28107,0.11486088943935467
141,28108,0.22952318553471443
141,28109,0.1717147060910821
141,28110,0.20224539575934417
141,28111,0.1450430045401208
141,28112,0.26913049764015895
141,28113,0.53404593542723
141,28114,0.6364204128921547
141,28115,0.2800324569974096
141,28116,0.5679985361243662
141,28117,0.4239301974478236
141,28118,0.29911870931086354
141,28119,0.770045293658365
141,28120,0.8412370517487353
141,28121,0.38478254582637533
141,28122,0.5115289843026607
141,28123,0.7072545540035289
141,28124,0.548139291234434
141,28125,0.4604155663563978
141,28126,0.4830306628601327
141,28127,0.48739351833693345
141,28128,0.6084624838067388
141,28129,0.11776541304593675
141,28130,0.08312043667580153
141,28131,0.23336608384932697
141,28132,0.19007758897400945
141,28133,0.26777243412353086
141,28134,0.29713273720855427
141,28135,0.21994928687450452
141,28136,0.31107385518833836
141,28137,0.5213992458756119
141,28138,0.7432692159371193
141,28139,0.39699289562359646
141,28140,0.5249087314590656
141,28141,0.8915412822128755
141,28142,0.5059353372171036
141,28143,0.43309261051005304
141,28144,0.7090007809422585
141,28145,0.30703961400789664
141,28146,0.15659836657411175
141,28147,0.2814449426840531
141,28148,0.09232895467729987
141,28201,0.13225989811418054
141,28202,0.24086975465024874
141,28203,0.19016054363253102
141,28204,0.29225056673343625
141,28205,0.11031177058678518
141,28206,0.1769857645399018
141,28207,0.27584853211423377
141,28208,0.25308908158846244
141,28209,0.1837323682130441
141,28210,0.1025708594833572
141,28211,0.06998513942771821
141,28212,0.1845624006410386
141,28213,0.20659613264919563
141,28214,0.875329120222692
141,28215,0.5473826136194204
141,28216,0.2849857996726533
141,28217,0.4288983276585073
141,28218,0.6351509604599096
141,28219,0.8180408561373969
141,28220,0.9445887873899612
141,28221,0.8867102911880961
141,28222,0.6366207360096954
141,28223,0.755091617910352
141,28224,0.7302260481517352
141,28225,0.9044900709789802
141,28226,1.0738906645682187
141,28227,0.9647564697039919
141,28228,0.3695643153205312
141,28229,0.2289132712593483
141,28230,0.19509484184285067
141,28231,0.23735550280548065
141,28232,0.388896794554421
141,28233,0.16812785172596545
141,28234,0.17433719297852135
141,28235,0.12056910123938662
141,28236,0.20153419460970973
141,28237,0.08992439850864804
141,28238,0.15612561996263183
141,28239,0.12463185274300378
141,28240,0.21935414133515377
141,28241,0.2835259422512376
141,28242,0.2743336369859958
141,28243,0.32673887073817925
141,28244,0.45382023689082845
141,28245,0.41389538169386203
141,28246,0.28671483505804357
141,28247,0.21603774825499608
141,28248,0.34661231481910926
141,28301,0.23718641373038676
141,28302,0.27373174845190706
141,28303,0.1573993387266874
141,28304,0.38456100963589585
141,28305,0.10961259326337797
141,28306,0.24117029907916804
141,28307,0.0733961773458229
141,28308,0.19062918557554517
141,28309,0.13909385290719017
141,28310,0.16530912300250217
141,28311,0.2493126089118041
141,28312,0.16862392339597493
141,28313,0.5514526664299418
141,28314,0.6987615629208813
141,28315,0.7520706681928566
141,28316,0.2730788822450974
141,28317,0.6675177912692933
141,28318,0.5790813044788389
141,28319,0.3761752544167269
141,28320,0.3562086854347714
141,28321,0.3025552798524208
141,28322,1.1748589022529319
141,28323,0.6407394037504479
141,28324,0.8992439143919015
141,28325,0.2516732785786071
141,28326,0.8885117189357722
141,28327,0.7012194212583863
141,28328,0.5385984114708079
141,28329,0.4785374229738317
141,28330,0.29712499193475483
141,28331,0.502487765703331
141,28332,0.2827466073623147
141,28333,0.31885579157110217
141,28334,0.513973447255547
141,28335,0.5711394582544178
141,28336,0.48692359646466304
141,28337,0.5237117242240686
141,28338,0.44773976362619844
141,28339,0.6223724503635731
141,28340,0.731726951518269
141,28341,0.9082390592154801
141,28342,0.3685850243023823
141,28343,0.7399895999635302
141,28344,1.0490241235778492
141,28345,0.5595140622706167
141,28346,0.4413838127381723
141,28347,0.4622605584214381
141,28348,0.22996620667426879
141,28401,0.270001138699216
141,28402,0.14040768987411706
141,28403,0.21947361989731054
141,28404,0.20759434313496503
141,28405,0.23705290672373042
141,28406,0.13600687869928432
141,28407,0.2913277621008391
141,28408,0.12048492562433008
141,28409,0.3627265019118349
141,28410,0.3193151959536496
141,28411,0.15246493965870472
141,28412,0.3029316298851121
141,28413,0.7416073747632397
141,28414,0.38891102852673165
141,28415,0.40603394520521474
141,28416,0.9296591062243623
141,28417,0.33505380538375046
141,28418,0.7076439394679488
141,28419,1.0981088438742663
141,28420,0.6146593305853667
141,28421,0.29753654733894175
141,28422,0.3361458410221591
141,28423,1.0121925104784777
141,28424,0.3113252026029071
141,28425,0.7037223757190861
141,28426,0.9314702467140631
141,28427,0.41557175112378936
141,28428,0.9964742448821953
141,28429,0.2585767812019642
141,28430,0.14514536380652004
141,28431,0.12495327278808306
141,28432,1.3041923036010914
141,28433,0.789283051196928
141,28434,0.39848060650164685
141,28435,0.7797116943465174
141,28436,1.096229880334406
141,28437,0.3746175153842651
141,28438,0.9982407142117921
141,28439,0.6836957273034653
141,28440,0.22578995673944932
141,28441,0.5804717483540046
141,28442,0.804124857524094
141,28443,0.7456024962342668
141,28444,0.7523581612225506
141,28445,0.572612998326531
141,28446,0.19490775034600205
141,28447,0.16634929639318816
141,28448,0.14967455309123517
141,28501,0.28260652728609587
141,28502,0.2736940876053177
141,28503,0.15554175763929887
141,28504,0.08586309998586812
141,28505,0.12613289987561344
141,28506,0.14236883469850098
141,28507,0.21073532416329158
141,28508,0.1896813444628774
141,28509,0.16972044908780934
141,28510,0.09111557728685535
141,28511,0.11624512742447124
141,28512,0.22208947965569073
141,28513,0.5910316803001212
141,28514,1.167194369493078
141,28515,0.5963605110337012
141,28516,0.7001359445826293
141,28517,0.6817084882786106
141,28518,0.9082316130680589
141,28519,0.24488274062578516
141,28520,0.4701302082809162
141,28521,0.3427503618356801
141,28522,0.888681266988941
141,28523,0.4513786360461734
141,28524,1.3687427054784669
141,28525,0.6692284220854817
141,28526,0.8392925605081706
141,28527,1.5184436905212824
141,28528,0.6076016654169215
141,28529,0.3240595301096299
141,28530,0.2710504068839541
141,28531,0.20503410880382883
141,28532,0.5837061733087454
141,28533,0.47521751057602707
141,28534,0.48202839597742236
141,28535,0.6742720695096659
141,28536,0.44000149216459405
141,28537,0.4552571741665037
141,28538,0.5479061997178838
141,28539,0.18994120138102458
141,28540,0.4077637460825467
141,28541,0.48878103680364016
141,28542,0.36237712265555955
141,28543,0.24414694591762198
141,28544,0.6771765670816536
141,28545,0.20126653914525738
141,28546,0.42062144746906016
141,28547,0.15816654974408412
141,28548,0.3106345263162726
141,28601,0.16737317154589382
141,28602,0.2355198248860788
141,28603,0.12688603310866572
141,28604,0.1782383564642222
141,28605,0.07134952285279215
141,28606,0.1303222031335959
141,28607,0.09783751536496219
141,28608,0.15359441077277838
141,28609,0.09938498995397523
141,28610,0.11190985300362608
141,28611,0.1647386475807557
141,28612,0.33359475007390643
141,28613,0.6398047939382631
141,28614,0.5556149285491605
141,28615,0.7383531851395436
141,28616,0.4152790119560111
141,28617,0.6815954066873641
141,28618,0.46130950360324424
141,28619,0.6546160565815844
141,28620,0.22585038507413477
141,28621,0.6345460552124393
141,28622,0.3369530144280542
141,28623,0.2889563430117069
141,28624,0.808755792917928
141,28625,0.5576110674853135
141,28626,0.8769872431207916
141,28627,0.8787295023847956
141,28628,0.36536552069803274
141,28629,0.23822925222611518
141,28630,0.3186556727243702
141,28631,0.26275959330849236
141,28632,0.415961289979039
141,28633,0.4544182047167695
141,28634,0.25608556348174455
141,28635,0.1904056083800852
141,28636,0.22806992592927303
141,28637,0.5603147002181023
141,28638,0.9146083869339874
141,28639,1.5060563515803191
141,28640,0.6651212276436347
141,28641,0.25083651939439133
141,28642,0.145023448194852
141,28643,0.3908089466006451
141,28644,0.39155831034121946
141,28645,0.4760752551628514
141,28646,0.45052288728026507
141,28647,0.37467893978571776
141,28648,0.23167472956061458
141,28701,0.17526721709135112
141,28702,0.15545030604296659
141,28703,0.3090845715388052
141,28704,0.15104559852117092
141,28705,0.12824224756748082
141,28706,0.10799129589798849
141,28707,0.18558038322358447
141,28708,0.196474446384415
141,28709,0.2854472362206761
141,28710,0.2271151251420189
141,28711,0.3942601446059877
141,28712,0.3657934857035463
141,28713,0.4223203555152493
141,28714,1.107836324633082
141,28715,0.324602368198546
141,28716,0.49680445488413655
141,28717,0.21239985526476826
141,28718,0.44880071654298787
141,28719,0.3313317364452553
141,28720,0.47227335294321404
141,28721,0.32701362161560116
141,28722,0.8160100836663129
141,28723,0.23025623771290618
141,28724,1.029361204670761
141,28725,1.0153269046314826
141,28726,1.2078073680375807
141,28727,0.897750150728806
141,28728,0.9385106379542515
141,28729,0.45323714875390747
141,28730,0.15587414300214528
141,28731,0.32500740743699863
141,28732,0.2471736725895048
141,28733,0.3809487038333465
141,28734,0.4705089404153471
141,28735,0.19569578351728856
141,28736,0.2948176067579305
141,28737,0.2062940534507393
141,28738,0.29224277229427287
141,28739,1.5395674077353907
141,28740,0.8530240431439063
141,28741,0.6454385756924713
141,28742,0.3265803257608405
141,28743,0.7503311635422949
141,28744,0.5165577251194937
141,28745,0.6727132683916276
141,28746,0.15160331502942512
141,28747,0.09779989756928123
141,28748,0.2187820496447824
141,28801,0.05081349877857504
141,28802,0.08521756388577562
141,28803,0.2682209907875274
141,28804,0.31876807874837465
141,28805,0.3186312381910692
141,28806,0.22348716919132705
141,28807,0.2504189866016537
141,28808,0.062093551632666735
141,28809,0.314404222763373
141,28810,0.1929745541151301
141,28811,0.3688030261391798
141,28812,0.19038369372652694
141,28813,0.7238231888998269
141,28814,0.339539186215455
141,28815,0.3046427522705349
141,28816,0.6810606634954394
141,28817,0.9042148763647664
141,28818,1.0607305143995434
141,28819,0.38888032489599245
141,28820,0.720032870392607
141,28821,0.4067260789167647
141,28822,0.4702695349535958
141,28823,0.3121111548962059
141,28824,0.517976178447742
141,28825,1.9816425191726417
141,28826,0.9849102020735873
141,28827,0.5614872870125891
141,28828,1.2538715395872915
141,28829,1.4323395129870513
141,28830,0.6563896740225265
141,28831,0.5085322509701125
141,28832,0.13428822311500102
141,28833,0.7374079631027088
141,28834,0.46879769875587707
141,28835,0.7128247453515668
141,28836,0.687740210517814
141,28837,0.46492614766762697
141,28838,0.32317509852794035
141,28839,0.8570189566893242
141,28840,0.4559243653249226
141,28841,0.6163788678062552
141,28842,0.7946316202771614
141,28843,0.20069588802891136
141,28844,0.7330466579802317
141,28845,0.5166566719045883
141,28846,0.5152647557560834
141,28847,0.5009527417674258
141,28848,0.15678820042912361
141,28901,0.3637592699113029
141,28902,0.28869255439472485
141,28903,0.20949132403070025
141,28904,0.1440378178903655
141,28905,0.2621461265823699
141,28906,0.20544297325013572
141,28907,0.33256900578158893
141,28908,0.3318677546118757
141,28909,0.1671919724831154
141,28910,0.27078112048239017
141,28911,0.1417394703889769
141,28912,0.2590452264334348
141,28913,0.6107080787330103
141,28914,0.41173290199934587
141,28915,0.3504051705186129
141,28916,0.8030881847966844
141,28917,0.44976361283119975
141,28918,0.5340757593331125
141,28919,0.8160498839315241
141,28920,0.6690569638422926
141,28921,0.9977279445081987
141,28922,0.3784017070133741
141,28923,0.6662907584947542
141,28924,0.650322081537394
141,28925,1.2776102576411736
141,28926,1.304851310819089
141,28927,1.2174686511075956
141,28928,0.2040315876479802
141,28929,0.3456964084335763
141,28930,0.2705872871593224
141,28931,0.12131771043074054
141,28932,0.21578509183495467
141,28933,0.2399179623743349
141,28934,0.369000024459553
141,28935,0.3969241397755473
141,28936,0.22470420025526605
141,28937,0.1939504199164421
141,28938,0.20491730738351294
141,28939,0.1118810149111647
141,28940,0.2806457699161252
141,28941,0.19060206705400273
141,28942,0.2828245141921957
141,28943,0.19391570172102152
141,28944,0.28081215785336117
141,28945,0.3760354581097455
141,28946,0.3259724801609814
141,28947,0.24873694733746182
141,28948,0.09964371437691073
141,29001,0.4043161929820985
141,29002,0.37674941574919923
141,29003,0.10386185616070635
141,29004,0.13352912971543293
141,29005,0.10393389287904561
141,29006,0.19219562212368688
141,29007,0.1513784625070459
141,29008,0.29127219053448217
141,29009,0.08707542034231353
141,29010,0.1283374003789252
141,29011,0.267561299905417
141,29012,0.18123770701836997
141,29013,0.602695880624317
141,29014,0.7732034319931064
141,29015,0.7482756477040264
141,29016,0.6429997219886456
141,29017,0.4592648182541133
141,29018,0.4262097558579369
141,29019,0.442617962144844
141,29020,0.4942669673644479
141,29021,0.7484393254218106
141,29022,0.3126534033983003
141,29023,1.1131699352936422
141,29024,0.7599035325555061
141,29025,0.7288676424976909
141,29026,0.5217685116417573
141,29027,0.8644200125271054
141,29028,0.671810952833613
141,29029,0.19165781778593063
141,29030,0.11075068550018456
141,29031,0.3402853368929867
141,29032,0.1679953636681247
141,29033,0.36524754560363243
141,29034,0.26992204356839333
141,29035,0.23264643370808102
141,29036,0.39758179614366285
141,29037,1.2788417187862986
141,29038,0.8791604663298286
141,29039,1.0847310176579827
141,29040,0.8476407692661585
141,29041,0.5129179446837413
141,29042,0.5637160497371968
141,29043,0.31054561533678704
141,29044,0.7382031571077258
141,29045,0.2513543382710548
141,29046,0.13781678602104863
141,29047,0.2452160484828708
141,29048,0.24770487464040983
141,29101,0.09752131032056116
141,29102,0.32568630618199695
141,29103,0.2753119034464296
141,29104,0.09391055239722647
141,29105,0.23218254019576845
141,29106,0.16140859699207877
141,29107,0.19732023205657995
141,29108,0.06730870023472259
141,29109,0.1862314135068114
141,29110,0.10309180206008216
141,29111,0.10375693918294274
141,29112,0.16841594248138106
141,29113,0.36988761202347076
141,29114,0.322681286277803
141,29115,0.6772594599234181
141,29116,0.25384134326796526
141,29117,0.276889493851957
141,29118,0.2945213206387679
141,29119,0.671067223782024
141,29120,0.7815080256299354
141,29121,0.5138865365184886
141,29122,0.6351675943426763
141,29123,0.3207537771265571
141,29124,0.9026227872661622
141,29125,0.4574343123186992
141,29126,0.9385590720132505
141,29127,0.3568640243108233
141,29128,0.40257439043594523
141,29129,0.544162580806222
141,29130,0.10886524568110824
141,29131,0.09209227218067348
141,29132,0.3328568294725761
141,29133,0.28172954016470975
141,29134,0.16851720060735742
141,29135,0.2380564583754988
141,29136,0.5020161214683546
141,29137,0.32842980136421496
141,29138,0.4956385654187125
141,29139,0.4296645755255323
141,29140,0.556541628144023
141,29141,0.5679024736540166
141,29142,0.5335195421285802
141,29143,0.35684653761917595
141,29144,0.4174219150548675
141,29145,0.49155878143919124
141,29146,0.4580048330249496
141,29147,0.2570972395958816
141,29148,0.515301768615162
141,29201,0.12481214786435396
141,29202,0.24837045875985775
141,29203,0.10808317317917766
141,29204,0.14207720320925654
141,29205,0.2390444655317527
141,29206,0.15631913139650963
141,29207,0.128887663392934
141,29208,0.1314585174434778
141,29209,0.12882455752080832
141,29210,0.22527490774426565
141,29211,0.2791163739628318
141,29212,0.2521957894435402
141,29213,0.36503670242597797
141,29214,1.0611062075608577
141,29215,0.6603983985042905
141,29216,0.3491485177405753
141,29217,0.9269021057765546
141,29218,0.8856547619863543
141,29219,0.30609384613934065
141,29220,0.519038799160378
141,29221,1.477696153476384
141,29222,0.7221756608362965
141,29223,0.5048172400549943
141,29224,0.8101591936982718
141,29225,0.6458142955514657
141,29226,0.8614429447268648
141,29227,0.6975206430275698
141,29228,0.2460109207607214
141,29229,0.386041623121541
141,29230,0.4851904000276663
141,29231,1.6960117535376482
141,29232,1.1702819334745018
141,29233,1.0418985359498283
141,29234,1.1418471919075288
141,29235,0.7011525661548753
141,29236,1.2376420679637257
141,29237,0.2743874007429742
141,29238,0.20001689189965638
141,29239,0.3372651571472945
141,29240,0.24952963324547206
141,29241,0.14307545762313487
141,29242,0.19300770857482735
141,29243,0.6351580351409445
141,29244,0.3735583040909846
141,29245,0.3898481457872051
141,29246,0.26590818219674706
141,29247,0.2832959231337131
141,29248,0.1342579194368844
141,29301,0.49358936929164865
141,29302,0.33397926292360947
141,29303,0.2543984662115138
141,29304,0.2770192578219668
141,29305,0.18252808760369812
141,29306,0.16534329085612204
141,29307,0.20703775408856354
141,29308,0.15879494407715777
141,29309,0.35322395511827176
141,29310,0.16754792443947789
141,29311,0.1066802162325977
141,29312,0.5973033424363812
141,29313,0.4985402056135537
141,29314,0.9525375965725473
141,29315,0.6496655191748839
141,29316,0.33291851815735696
141,29317,0.29442428167512047
141,29318,0.21512966439235018
141,29319,0.3378753614164353
141,29320,0.8669547872755274
141,29321,0.29195639040269067
141,29322,0.22798449174829116
141,29323,0.25147234108307565
141,29324,0.8447083314985355
141,29325,0.4210410184011732
141,29326,0.5719196873909754
141,29327,0.9090187003836824
141,29328,0.5252914775157816
141,29329,0.5113429577903996
141,29330,0.16000429515089376
141,29331,0.3202890460939373
141,29332,0.5263356836255827
141,29333,0.34763363078249554
141,29334,0.14445055237602492
141,29335,0.24763875595379278
141,29336,0.3586989250952804
141,29337,0.31195990798725315
141,29338,0.26904286339246763
141,29339,0.5739817874405563
141,29340,0.23308251652045875
141,29341,0.5766708448959973
141,29342,0.6139237403819215
141,29343,0.4622350201642216
141,29344,0.2464610610430701
141,29345,0.21962911690623174
141,29346,0.2508899089264521
141,29347,0.2935424286222239
141,29348,0.20428953445573259
141,29401,0.3505405292231527
141,29402,0.4222248609355345
141,29403,0.18547531562669245
141,29404,0.13576759354302026
141,29405,0.41466769465164327
141,29406,0.22067071920138231
141,29407,0.19121989583310098
141,29408,0.1561859957451474
141,29409,0.2720418489344738
141,29410,0.2348087894331314
141,29411,0.263007437254157
141,29412,0.20496671440981412
141,29413,0.2868543016725493
141,29414,0.3817568707394317
141,29415,0.5752254542856184
141,29416,0.7454865588228512
141,29417,0.5173139506185249
141,29418,0.6907979901103736
141,29419,0.24563897322092018
141,29420,0.7165988963943593
141,29421,1.0580742017088638
141,29422,0.6618939934807575
141,29423,0.4710971353845581
141,29424,0.4339080822587908
141,29425,0.259878765126532
141,29426,1.0080675656708575
141,29427,0.9151437209050524
141,29428,0.4566172541467443
141,29429,1.6429659222985975
141,29430,0.26267518777870125
141,29431,0.5746490343168181
141,29432,0.4059704548865844
141,29433,0.4763943076771386
141,29434,0.4572201462521815
141,29435,0.5043187961730233
141,29436,0.6523341774844037
141,29437,0.5579284190990932
141,29438,1.185862451774172
141,29439,0.3940704696076665
141,29440,0.5938430401503594
141,29441,0.6530647831022637
141,29442,0.4640016192404314
141,29443,0.6589053553609016
141,29444,0.6881289781148009
141,29445,0.5152267414161655
141,29446,0.41102037017661314
141,29447,0.3694810053170767
141,29448,0.36091218661787877
141,29501,0.338417341728914
141,29502,0.09206923570733791
141,29503,0.10811128203433015
141,29504,0.13382891359105245
141,29505,0.11782998766617506
141,29506,0.36655615313524015
141,29507,0.20926668635780696
141,29508,0.1959205605381698
141,29509,0.10919856861243564
141,29510,0.2081320090395979
141,29511,0.09326457920707468
141,29512,0.10680203862270546
141,29513,0.1155666234005922
141,29514,0.820018157537958
141,29515,0.9511112962628155
141,29516,0.7924589331073998
141,29517,0.4577785155522742
141,29518,0.8796658285438095
141,29519,0.34411959441398526
141,29520,0.31572747838222204
141,29521,0.9201859906403691
141,29522,0.775280731131607
141,29523,0.7740257320385223
141,29524,0.49145453151551016
141,29525,0.9777734082262364
141,29526,0.48985352047689795
141,29527,0.9403619414420512
141,29528,0.9119008154185124
141,29529,0.7356094749328853
141,29530,0.32386941252625334
141,29531,0.19768209890612248
141,29532,0.15841375314389855
141,29533,0.15925300880671828
141,29534,0.24146513867217886
141,29535,0.16682470156351023
141,29536,0.18273852401934723
141,29537,0.16639496931564082
141,29538,0.19658409709525299
141,29539,0.13721090161867502
141,29540,0.12868962808641843
141,29541,0.23996849918663277
141,29542,0.33701136739019066
141,29543,0.30016104539884253
141,29544,0.33996149595346814
141,29545,0.18659348467152637
141,29546,0.2143554211505577
141,29547,0.19270572635729477
141,29548,0.39535299644959265
141,29601,0.18246458282243297
141,29602,0.16357132802040517
141,29603,0.22428777109918943
141,29604,0.2157110404788215
141,29605,0.14456368181599907
141,29606,0.27056138182976613
141,29607,0.1477561671767429
141,29608,0.16458170351843165
141,29609,0.2441970393506438
141,29610,0.08421329348701298
141,29611,0.1822032602842981
141,29612,0.1657097269035375
141,29613,0.20884096030152627
141,29614,0.6067007910417813
141,29615,0.6086196664753798
141,29616,0.6347018922188691
141,29617,0.6838285630832182
141,29618,0.776390376702964
141,29619,0.4254014180856478
141,29620,0.7260436355967936
141,29621,0.286117253186659
141,29622,0.23984116133101924
141,29623,0.9038964053434996
141,29624,0.6202870782521248
141,29625,0.7092535959578635
141,29626,0.6206785551181652
141,29627,0.37029958410240654
141,29628,0.3464382989185869
141,29629,0.6200469196976701
141,29630,0.37952199374093226
141,29631,0.18717918146604695
141,29632,0.1368322887934434
141,29633,0.07446578840954886
141,29634,0.2964672418875547
141,29635,0.11512362727348659
141,29636,0.07381816008228795
141,29637,0.08426816464360254
141,29638,0.14382063923255775
141,29639,0.06564491382885632
141,29640,0.1520684385193315
141,29641,0.21290024294248844
141,29642,0.36821670673028756
141,29643,0.1689020361829889
141,29644,0.14238941825911833
141,29645,0.20129953684196336
141,29646,0.2588842874533447
141,29647,0.14477909551206666
141,29648,0.19100203186000925
141,29701,0.18673009837576116
141,29702,0.3391674744227855
141,29703,0.08953059502747801
141,29704,0.12767377404184707
141,29705,0.11693963440801675
141,29706,0.23419658806186225
141,29707,0.21396947160769514
141,29708,0.174431693530756
141,29709,0.21754555112195392
141,29710,0.09567498655037258
141,29711,0.15265052748373814
141,29712,0.06400196114639967
141,29713,0.1432315917288607
141,29714,0.4262146607997102
141,29715,0.8268372806052866
141,29716,0.6861643424489038
141,29717,0.26440029718737035
141,29718,0.7989685387940401
141,29719,0.24413807933176476
141,29720,0.30223055274978533
141,29721,0.4065184922543652
141,29722,0.5651432155683932
141,29723,0.7691062915614467
141,29724,0.4074734764437479
141,29725,0.7408739734677162
141,29726,0.3075889262373192
141,29727,0.9162260870706739
141,29728,0.5399165102345941
141,29729,0.5242481610035087
141,29730,0.1831604482904645
141,29731,0.23107437511573692
141,29732,0.3346339495614367
141,29733,0.13956333172747082
141,29734,0.12320167601732945
141,29735,0.2694422866777808
141,29736,0.3756262549289727
141,29737,0.8997677411470739
141,29738,0.7873638087025424
141,29739,0.48312080485796827
141,29740,0.23350919165604309
141,29741,0.43143860310037097
141,29742,0.40976589325661666
141,29743,0.44717959533562224
141,29744,0.26473778548299387
141,29745,0.21108911989905474
141,29746,0.2545310449434724
141,29747,0.3866479561528654
141,29748,0.18079885169358662
141,29801,0.14036537590718706
141,29802,0.17410651790203382
141,29803,0.22860997261183666
141,29804,0.1669196610966232
141,29805,0.1121053971401308
141,29806,0.1956018908626231
141,29807,0.17320188702598363
141,29808,0.08715256363742484
141,29809,0.24444329743476312
141,29810,0.23498140115258334
141,29811,0.29805774266196383
141,29812,0.17757224449011633
141,29813,0.16511354875858827
141,29814,0.4139536152951055
141,29815,0.4710031551380667
141,29816,0.7076705494010825
141,29817,0.6847146269228507
141,29818,0.42582124269221727
141,29819,1.0271015137703992
141,29820,0.2771311970909406
141,29821,0.7695749652960463
141,29822,0.8863036951399639
141,29823,0.2520063983304068
141,29824,0.41064164834315403
141,29825,0.9099173369969993
141,29826,0.8364498694133868
141,29827,0.23736026482456285
141,29828,0.9737746358858164
141,29829,0.29439223054546126
141,29830,0.1287940422147453
141,29831,0.15290872981224835
141,29832,0.12558511861167385
141,29833,0.7204422911684718
141,29834,1.0602189471425132
141,29835,0.3060462381815777
141,29836,1.2950307509288845
141,29837,1.2177856086351857
141,29838,0.24926706551298805
141,29839,0.7861711433315616
141,29840,0.8411767389954258
141,29841,0.5979432471701225
141,29842,0.17180495995574122
141,29843,0.5868569933506673
141,29844,0.34548831889545706
141,29845,0.69649370826304
141,29846,0.2533326388093441
141,29847,0.22243429767723003
141,29848,0.2142710070988021
141,29901,0.319461503644518
141,29902,0.17706971880957967
141,29903,0.16597240675312183
141,29904,0.2623055971907036
141,29905,0.42125644632577514
141,29906,0.30502579076245134
141,29907,0.29437286160823284
141,29908,0.17529892027564073
141,29909,0.3493005100399736
141,29910,0.2742567970916766
141,29911,0.10762278200444934
141,29912,0.09619383501773275
141,29913,0.32675136023665136
141,29914,0.6251385707770619
141,29915,0.47267762841172567
141,29916,0.3140655602323067
141,29917,0.5344281084853181
141,29918,0.5253673917509959
141,29919,0.5655965414092465
141,29920,0.8058226309232274
141,29921,0.47248132673633736
141,29922,1.030431916331858
141,29923,0.4113972189355162
141,29924,0.5621503525180667
141,29925,0.5313722168742518
141,29926,0.7394367749823983
141,29927,0.7616376871980401
141,29928,0.36890247623588607
141,29929,0.5554230235120508
141,29930,0.19518605592873436
141,29931,0.22801435395136194
141,29932,0.39568279613221563
141,29933,0.27454909182309745
141,29934,0.22076811211966038
141,29935,0.31292293626053863
141,29936,0.23552491276612195
141,29937,1.0981417456622957
141,29938,0.8524084864644013
141,29939,1.3008432238765195
141,29940,0.3724300994959058
141,29941,0.7310438349727878
141,29942,0.6539440460260313
141,29943,0.5418142483389595
141,29944,0.7377003028171637
141,29945,0.6323803350399984
141,29946,0.2589034299027719
141,29947,0.13617865609134958
141,29948,0.2906349235108975
141,30001,0.25368552977365844
141,30002,0.22761541361777066
141,30003,0.2330675854866829
141,30004,0.26460558186785016
141,30005,0.13244060684369185
141,30006,0.15338172907812428
141,30007,0.32564857024544636
141,30008,0.23966951180322443
141,30009,0.254539940225568
141,30010,0.07837884376886002
141,30011,0.16813788951317338
141,30012,0.09346732423955242
141,30013,0.314563129447176
141,30014,0.8762154327929548
141,30015,0.35789524652420646
141,30016,0.7168909356210632
141,30017,0.5468276015313466
141,30018,0.6735455851844332
141,30019,0.5992404777106568
141,30020,0.6723522307167074
141,30021,0.24082134502381705
141,30022,0.27537910678994393
141,30023,1.063571682308457
141,30024,0.4017904223381944
141,30025,0.9457943809483106
141,30026,1.0169171908306431
141,30027,0.8525535262313876
141,30028,0.2321149441660358
141,30029,0.5310109071864497
141,30030,0.2574849807578185
141,30031,0.23907714168856525
141,30032,0.3817899056623826
141,30033,0.27959884341257796
141,30034,0.3210470357106742
141,30035,0.2675391556922994
141,30036,0.18687330379580483
141,30037,0.35017343220288744
141,30038,0.589428124918968
141,30039,0.30308234506414006
141,30040,0.445209970108786
141,30041,0.3498004233556308
141,30042,0.2566114861907821
141,30043,0.36235895769481985
141,30044,0.23822134569458553
141,30045,0.3675900175741934
141,30046,0.10475248055930791
141,30047,0.11149456788713157
141,30048,0.41652346476083496
141,30101,0.36707854280477514
141,30102,0.35942171451013794
141,30103,0.247237334484727
141,30104,0.16084216072935326
141,30105,0.1322863417162707
141,30106,0.10999164012837222
141,30107,0.24875659984040357
141,30108,0.11249250437554124
141,30109,0.2039545154153113
141,30110,0.18431944355066457
141,30111,0.29503265461941763
141,30112,0.1261191674510484
141,30113,0.2667074436908139
141,30114,0.3405832104495035
141,30115,0.7521551177593796
141,30116,0.9603813617481186
141,30117,0.7650762999349607
141,30118,1.0875113886360446
141,30119,0.3334601027272045
141,30120,0.8997148650098251
141,30121,0.7689388573899023
141,30122,0.33393655276180584
141,30123,0.9558066572029796
141,30124,0.6192496937218469
141,30125,0.7084807632584866
141,30126,0.9048718756363371
141,30127,1.0908153670455871
141,30128,0.8121047325961853
141,30129,0.6478764988013888
141,30130,0.17305226499110438
141,30131,0.20391982436367226
141,30132,0.3153300861917513
141,30133,0.09225225734654888
141,30134,0.08664598894743011
141,30135,0.39240945003482797
141,30136,0.41986098017155676
141,30137,0.325403420402769
141,30138,0.46070742902166145
141,30139,1.209590822485834
141,30140,0.25643069547202235
141,30141,0.6243266909746561
141,30142,0.35357484857805194
141,30143,0.22532437072795666
141,30144,0.5034910861085312
141,30145,0.5326503181818348
141,30146,0.24698544126438426
141,30147,0.14132303735456408
141,30148,0.18866355394289047
141,30201,0.15519313629543283
141,30202,0.1708398666535113
141,30203,0.32780325787126324
141,30204,0.19775561268060912
141,30205,0.10979982199547596
141,30206,0.08147561035279383
141,30207,0.1072069995098143
141,30208,0.09872553316539447
141,30209,0.2663860174972936
141,30210,0.20375562736222708
141,30211,0.33419071629076996
141,30212,0.22838625572509677
141,30213,0.10796239035549549
141,30214,0.9547468189585165
141,30215,0.49245785347544874
141,30216,0.766760122992518
141,30217,0.7749807341320377
141,30218,0.3683135437865302
141,30219,0.4888924666765026
141,30220,0.6983878716652225
141,30221,0.411692122179406
141,30222,0.47406513943545175
141,30223,0.4944025388588528
141,30224,0.8388676510683322
141,30225,0.9203310764319644
141,30226,0.5001037100227862
141,30227,0.7489633393209417
141,30228,0.38893038792821627
141,30229,0.32608763843184735
141,30230,0.28900363918903893
141,30231,0.303361712528165
141,30232,0.3911618381126605
141,30233,0.41443696764191
141,30234,0.3992688834781788
141,30235,0.3472743759962055
141,30236,0.2598709580777898
141,30237,0.5305741969547286
141,30238,0.15466500962636026
141,30239,0.16563898690830406
141,30240,0.32273523761290823
141,30241,0.3081842346931814
141,30242,0.16919851027119306
141,30243,0.22593816110411036
141,30244,0.48215100755959955
141,30245,0.45328247434394736
141,30246,0.21563347972045951
141,30247,0.22434532411279032
141,30248,0.1749022997386798
141,30301,0.17451211268966507
141,30302,0.2194592987602263
141,30303,0.1765230497582429
141,30304,0.3039241495132605
141,30305,0.20630948384040848
141,30306,0.20521421007520685
141,30307,0.11823939413684256
141,30308,0.1614822167056013
141,30309,0.23527090723519492
141,30310,0.14452330362557536
141,30311,0.1807904311608067
141,30312,0.07339689535048345
141,30313,0.4054888578338171
141,30314,0.6352823069877291
141,30315,0.5560508823604063
141,30316,0.2941481895674
141,30317,0.37532418973409515
141,30318,0.7544389440094569
141,30319,0.7744255933245553
141,30320,0.28848541310766684
141,30321,0.8924808222493661
141,30322,0.2590133559361603
141,30323,0.7542692519804826
141,30324,0.9254194218767541
141,30325,0.9445892391901717
141,30326,0.2597376340708459
141,30327,1.0711099794835763
141,30328,0.8964086817363279
141,30329,0.7611231131108552
141,30330,0.3248466902735834
141,30331,0.26876415314010316
141,30332,0.3572270740371685
141,30333,0.2653704957354772
141,30334,0.43377710115149654
141,30335,0.27011194167321534
141,30336,0.4107502187678067
141,30337,0.290710042801939
141,30338,0.2576615026772016
141,30339,0.14253832719311274
141,30340,0.3696345134881248
141,30341,0.13806267369898975
141,30342,0.14463279286526504
141,30343,0.4154167638395441
141,30344,0.2445417370633045
141,30345,0.4307244358963053
141,30346,0.43753448754220636
141,30347,0.0883139158722815
141,30348,0.3201399397898656
141,30401,0.08886770795341997
141,30402,0.3903230377714481
141,30403,0.2213389577397125
141,30404,0.16972217511710527
141,30405,0.3022751531295731
141,30406,0.4684368000709882
141,30407,0.46303580324533034
141,30408,0.10485758003450074
141,30409,0.10422141097562562
141,30410,0.1828773625446257
141,30411,0.12286684852727703
141,30412,0.3139951388227864
141,30413,0.36958472951483295
141,30414,0.40583116149366766
141,30415,0.9147003208882709
141,30416,0.8249078191503445
141,30417,0.3261609917984158
141,30418,0.887161460327386
141,30419,0.33985754103510213
141,30420,0.25100656666851456
141,30421,1.0234592704226597
141,30422,0.8377484090271488
141,30423,0.9741352066128446
141,30424,0.33060253775741616
141,30425,1.6390787234536957
141,30426,1.535052501587953
141,30427,0.518637789215021
141,30428,1.3156254366298827
141,30429,0.2127588023302203
141,30430,0.3591957008285924
141,30431,0.2676920868234219
141,30432,0.3807466534065249
141,30433,0.3474947705723969
141,30434,0.1361906755534825
141,30435,0.25996859864221245
141,30436,0.4197587934193315
141,30437,1.0054666269008696
141,30438,0.45470619688071695
141,30439,0.5578439800997209
141,30440,0.6716891370532947
141,30441,0.2863032155845246
141,30442,0.4560956985327216
141,30443,0.22372912968542744
141,30444,0.5478919238056332
141,30445,0.3943304827389693
141,30446,0.556778522650033
141,30447,0.41732889662024736
141,30448,0.3264144440066257
141,30501,0.2687895191690477
141,30502,0.17315892593232365
141,30503,0.17198386946017558
141,30504,0.4075202637951999
141,30505,0.199566329328796
141,30506,0.17384719520766082
141,30507,0.20816015691239473
141,30508,0.39422246634677494
141,30509,0.11070409053894391
141,30510,0.22680275855814955
141,30511,0.3554113548012247
141,30512,0.18222394621263596
141,30513,0.28720085302827275
141,30514,0.7718506555292479
141,30515,0.3427224695976998
141,30516,0.6561544657888391
141,30517,0.5593098791326813
141,30518,0.8422449491603379
141,30519,0.5997627672980612
141,30520,0.46946002142309395
141,30521,0.3473447542295452
141,30522,0.7223323424281142
141,30523,0.6294811139873657
141,30524,0.4951646534392433
141,30525,1.0451959892252891
141,30526,0.5625528091457762
141,30527,1.007187351292694
141,30528,0.8186599208105357
141,30529,0.5154603784133899
141,30530,0.356878740881255
141,30531,0.6127247522930224
141,30532,0.3653850024193777
141,30533,0.3219889882413383
141,30534,0.27137367129637335
141,30535,0.2705362012544311
141,30536,0.15870714796329777
141,30537,0.09735062155592848
141,30538,0.40609027034885337
141,30539,0.3664395415180414
141,30540,0.6918855629903284
141,30541,0.41219474289413566
141,30542,0.3971744788656267
141,30543,0.6710163390708684
141,30544,1.5508745533195578
141,30545,0.34389107060980134
141,30546,0.4803124405750243
141,30547,0.5279056855033404
141,30548,0.3314555613582925
141,30601,0.21427674325249432
141,30602,0.27744798768177037
141,30603,0.34895196873923784
141,30604,0.2115801548604377
141,30605,0.078117845293676
141,30606,0.08757854464327919
141,30607,0.12174411779388179
141,30608,0.3437376191496186
141,30609,0.3396591230182559
141,30610,0.10435201363617973
141,30611,0.12145844693959487
141,30612,0.2341022000110179
141,30613,0.2760553637594477
141,30614,0.9799187391971906
141,30615,0.6277828966216114
141,30616,0.3266214388274888
141,30617,0.5820817271251058
141,30618,0.5880712693381291
141,30619,0.7050706593880471
141,30620,0.770663749242957
141,30621,1.003053204208072
141,30622,0.5149677679805871
141,30623,0.5210376320010424
141,30624,1.2054369350724887
141,30625,0.48429965702946814
141,30626,0.7949899991434279
141,30627,0.6733896786733687
141,30628,0.582750476666102
141,30629,0.734950291284976
141,30630,0.5982012278972214
141,30631,0.508247715614533
141,30632,0.5786625984708683
141,30633,0.18031592678604058
141,30634,0.39585002212911435
141,30635,0.5124154457983647
141,30636,0.38238610969433756
141,30637,0.3170618886819125
141,30638,0.3875090259971501
141,30639,0.2405650098278003
141,30640,1.1895640451245326
141,30641,0.26911972727377587
141,30642,0.7778078082334521
141,30643,0.7604173995734743
141,30644,0.6289125799181526
141,30645,0.7150960309746871
141,30646,0.17819807195956655
141,30647,0.2936425779954108
141,30648,0.23703901734457009
141,30701,0.23526865574504177
141,30702,0.24874687599022052
141,30703,0.14690920265915022
141,30704,0.1727886355940477
141,30705,0.30676734948222023
141,30706,0.11979955079101365
141,30707,0.19953078252547005
141,30708,0.18214613849142094
141,30709,0.16992726964730107
141,30710,0.15883511433910588
141,30711,0.4312419710808672
141,30712,0.4113351031786079
141,30713,0.34972518381532147
141,30714,0.7763328395448568
141,30715,0.6849048057949085
141,30716,1.0402669697313427
141,30717,0.4509719960075378
141,30718,0.6892879742217911
141,30719,0.7495855263453413
141,30720,0.37633534193961876
141,30721,0.604433181269808
141,30722,0.9238709501268189
141,30723,0.3632142710102192
141,30724,0.4621034341476854
141,30725,0.3529027613736081
141,30726,0.8732777128048825
141,30727,0.6230740173283161
141,30728,0.7707571565166593
141,30729,0.39081863268573863
141,30730,0.3777471990136709
141,30731,0.08590672817781483
141,30732,0.11753202921119577
141,30733,0.11950392572234812
141,30734,0.2149562400376156
141,30735,0.08820290233320473
141,30736,0.4074133215385657
141,30737,0.16641573820876895
141,30738,1.518982568561973
141,30739,0.5874388846516619
141,30740,0.23646833849582719
141,30741,0.1629367000831683
141,30742,0.605751298066952
141,30743,0.7263718869482065
141,30744,0.705081733481794
141,30745,0.3129295566332052
141,30746,0.2607761668671967
141,30747,0.21019842959424778
141,30748,0.24460008347967147
141,30801,0.08954853594980666
141,30802,0.19500836652024683
141,30803,0.15433852444895121
141,30804,0.20353049367081272
141,30805,0.11907932026535295
141,30806,0.2550348890454658
141,30807,0.32649133559655724
141,30808,0.1900021824347831
141,30809,0.18854474639447752
141,30810,0.12651795878180724
141,30811,0.21972686524355037
141,30812,0.1365890685200488
141,30813,0.37430785396432603
141,30814,0.9343877538404151
141,30815,0.960185596267541
141,30816,0.41344079346246304
141,30817,0.3135970658035041
141,30818,0.9572876253984476
141,30819,0.9565506211572468
141,30820,0.23363940115142964
141,30821,1.4723842162551113
141,30822,0.3962067487246604
141,30823,0.6011808939148585
141,30824,0.7191369205876538
141,30825,1.4982328797487041
141,30826,0.4535455023403157
141,30827,0.5217065378770421
141,30828,0.5068532486859868
141,30829,0.6418876960463779
141,30830,0.29686427906669777
141,30831,0.09319227244773239
141,30832,0.4900349255253015
141,30833,0.33661860250638453
141,30834,0.13208230410718957
141,30835,0.2114373522789212
141,30836,0.24101893867975824
141,30837,0.3284178663385727
141,30838,0.46919429523359085
141,30839,0.4861587250475378
141,30840,0.9194467815237632
141,30841,0.4491082694815004
141,30842,0.4266582254447085
141,30843,0.5302011537167176
141,30844,0.22972512949346943
141,30845,0.22434622213141328
141,30846,0.2543244001120494
141,30847,0.16179365879458404
141,30848,0.2592329216358105
141,30901,0.10722653035761245
141,30902,0.1430794655861006
141,30903,0.32507298993576944
141,30904,0.0918773529536046
141,30905,0.10787196316442284
141,30906,0.2888337048480989
141,30907,0.14707204807606342
141,30908,0.17914569346015774
141,30909,0.14068417582389814
141,30910,0.2227244874189641
141,30911,0.08894096561643489
141,30912,0.12084669481232033
141,30913,0.5065288200191671
141,30914,0.3727043131969904
141,30915,0.3013789280556135
141,30916,0.6212055567936158
141,30917,0.94339177999376
141,30918,1.0977230998273486
141,30919,0.9664484631394229
141,30920,0.9608118933793409
141,30921,1.901312938057841
141,30922,0.7741268466608392
141,30923,1.3182594492249293
141,30924,0.6474793838421573
141,30925,0.3839969254549046
141,30926,0.7440790866938728
141,30927,0.3317598837584625
141,30928,0.8499373541243243
141,30929,0.5528801524392644
141,30930,0.3642369438177806
141,30931,0.24330890968913277
141,30932,0.40272163195009575
141,30933,0.1282366327868873
141,30934,0.2727060442986492
141,30935,0.2945995858504813
141,30936,0.463935458817369
141,30937,0.20356053178048503
141,30938,0.23165638013857623
141,30939,0.24933762541775206
141,30940,0.6455247568040338
141,30941,0.37783821770192266
141,30942,0.314321405430804
141,30943,0.33326870416560855
141,30944,0.4880162223616716
141,30945,0.21140903173988804
141,30946,0.507223703303449
141,30947,0.43310076084044474
141,30948,0.2580620429377106
141,31001,0.15132670460690759
141,31002,0.310026091099764
141,31003,0.17532036583434768
141,31004,0.2674288048931455
141,31005,0.2742096585946491
141,31006,0.09772288466673006
141,31007,0.1503503838929844
141,31008,0.36089849994040535
141,31009,0.2850227006035674
141,31010,0.16520623696766654
141,31011,0.2233020887104699
141,31012,0.2539244836167706
141,31013,0.39510174857224445
141,31014,0.3842972644977599
141,31015,0.45673157091673916
141,31016,0.9305297016370254
141,31017,0.8276632458292408
141,31018,0.3635500012467475
141,31019,0.9464084705897698
141,31020,0.9321611877637528
141,31021,0.801742294199607
141,31022,0.9524525333941473
141,31023,0.6427415826911173
141,31024,1.4139496569447685
141,31025,0.6927751462412002
141,31026,0.4327537532161229
141,31027,0.6680563913779747
141,31028,1.4093406661414756
141,31029,0.3478821145273556
141,31030,0.18377207781867436
141,31031,0.23419014956602566
141,31032,0.09575716905639532
141,31033,0.13901539766817636
141,31034,0.5521049212318698
141,31035,0.26475551053099167
141,31036,0.11811639373336336
141,31037,1.0338739874717184
141,31038,0.6608782069882623
141,31039,0.6504275122140717
141,31040,1.266728028583806
141,31041,1.4307741317372031
141,31042,0.5510129805080926
141,31043,0.37891586110379244
141,31044,0.3990887541108933
141,31045,0.1770315878823533
141,31046,0.4474743495977617
141,31047,0.2546473332914685
141,31048,0.35578716659625137
141,31101,0.27270854784262843
141,31102,0.2130575342810813
141,31103,0.3827307266465521
141,31104,0.1786870905894835
141,31105,0.10147105410874893
141,31106,0.15764713604785321
141,31107,0.20672904377954027
141,31108,0.20886366887600655
141,31109,0.22410121622500437
141,31110,0.10238256123025627
141,31111,0.18283416106090836
141,31112,0.256820506048289
141,31113,0.1978022026136338
141,31114,0.8905052289899643
141,31115,0.360910061623289
141,31116,0.3864796025197896
141,31117,0.24027443844445326
141,31118,0.4306787418644897
141,31119,0.3224742637696417
141,31120,0.31303990579173085
141,31121,0.7702158809330563
141,31122,1.04497589791448
141,31123,0.990599521323369
141,31124,0.8284398134807687
141,31125,0.8791953597520915
141,31126,1.0315269120819304
141,31127,0.6695780894539306
141,31128,0.33980105101371755
141,31129,0.7662316729799533
141,31130,0.18498868558302628
141,31131,0.1911174224095234
141,31132,0.6183340218904384
141,31133,0.35540561150538114
141,31134,1.1767837262008112
141,31135,0.7615177467745653
141,31136,1.1917996059603
141,31137,0.6557820217272369
141,31138,0.9574309774851947
141,31139,1.042777183919127
141,31140,0.32555181076321416
141,31141,0.30865142901858966
141,31142,0.6468140028714663
141,31143,0.3264708266032369
141,31144,0.7080553413042803
141,31145,0.5356344954235048
141,31146,0.4056412289805551
141,31147,0.3297942744680438
141,31148,0.08812509052391207
141,31201,0.15981096483398402
141,31202,0.2184476231208931
141,31203,0.37155199207771716
141,31204,0.19188924690538053
141,31205,0.10738104525955254
141,31206,0.07769010128268286
141,31207,0.3371522924569022
141,31208,0.09802042384676128
141,31209,0.23574671487069063
141,31210,0.20653221912240702
141,31211,0.3675844365596905
141,31212,0.12546994483838825
141,31213,0.27675545263907075
141,31214,0.272349347271226
141,31215,0.25326631492120244
141,31216,0.5705315624281022
141,31217,0.24418266794135166
141,31218,0.8281236724385183
141,31219,0.4614960040048797
141,31220,0.45001489446050874
141,31221,1.0112088100127745
141,31222,0.9500904476363078
141,31223,0.8587634745146304
141,31224,0.2721923782315659
141,31225,0.7465900060525065
141,31226,0.7172154395751629
141,31227,0.5430243487857888
141,31228,0.53684077879005
141,31229,0.7140970739734629
141,31230,0.7208310927030078
141,31231,1.068746682232297
141,31232,0.48047097287833496
141,31233,0.5624903810972579
141,31234,0.31925297602535896
141,31235,0.17915228828471907
141,31236,0.25081864742311494
141,31237,0.28846246939852965
141,31238,0.5406716195379532
141,31239,0.597247655610865
141,31240,0.40963098425723654
141,31241,0.4323469659892752
141,31242,0.6771200245390547
141,31243,0.31069061795620373
141,31244,0.71215306863871
141,31245,0.38239693030085126
141,31246,0.4070516421278873
141,31247,0.3427392991644105
141,31248,0.558813517788124
141,31301,0.5016180741826481
141,31302,0.4113597087096337
141,31303,0.13321766029125887
141,31304,0.07266306907094469
141,31305,0.12700159886449908
141,31306,0.11398935847909951
141,31307,0.2357887353312987
141,31308,0.22367787125328337
141,31309,0.10853354643302653
141,31310,0.2594589947615761
141,31311,0.1831280198999992
141,31312,0.18277846514123464
141,31313,0.40236352585141394
141,31314,0.4078988853357707
141,31315,1.006775746654361
141,31316,0.44790134225362294
141,31317,0.8733131871579561
141,31318,0.6230885895657575
141,31319,0.9375622104223776
141,31320,0.2766157015590657
141,31321,0.8818661820576895
141,31322,0.5746577130160478
141,31323,1.7690711703634738
141,31324,1.5604164039860295
141,31325,0.4883441638651575
141,31326,1.0635852353073096
141,31327,0.2600764125852277
141,31328,1.051488139365782
141,31329,0.9084523417870358
141,31330,0.2987806481858441
141,31331,0.3826705341244481
141,31332,0.4861700784880525
141,31333,1.2900178291844262
141,31334,0.9549732961379268
141,31335,0.23944893015635693
141,31336,0.20195293123717387
141,31337,0.36114345637598744
141,31338,0.4255690464746115
141,31339,0.47316686889686604
141,31340,0.590419049234408
141,31341,0.5044300504826632
141,31342,0.2768609930175602
141,31343,0.3607466711666124
141,31344,0.22644146295911122
141,31345,0.505459697636377
141,31346,0.3183876153532054
141,31347,0.5127855350571726
141,31348,0.3001254476535781
141,31401,0.17350937034855113
141,31402,0.35224896501001934
141,31403,0.4196162766622962
141,31404,0.1641672640931185
141,31405,0.2583832283899198
141,31406,0.26357782687290154
141,31407,0.27022984596498556
141,31408,0.23034833741876473
141,31409,0.3469717020293578
141,31410,0.1794330004108168
141,31411,0.3038102875202419
141,31412,0.3479853722437591
141,31413,0.13489921360052293
141,31414,1.0545976512143531
141,31415,0.8167113098496174
141,31416,0.6172886438151673
141,31417,0.8424168941641655
141,31418,0.720882363824383
141,31419,0.37530483600065934
141,31420,0.5173280065372207
141,31421,0.9926373034799306
141,31422,0.3460489961344956
141,31423,0.44028104687083686
141,31424,0.49793550527204283
141,31425,0.5634490016021396
141,31426,0.9026055840180116
141,31427,1.0916671399945077
141,31428,0.9957394448993512
141,31429,1.392626342945222
141,31430,0.2641542242452886
141,31431,0.31755921948237753
141,31432,0.33777227158337053
141,31433,0.7297067745178378
141,31434,0.43376807061888406
141,31435,0.43921323202280604
141,31436,0.29623283256181826
141,31437,0.47809931540252587
141,31438,0.5172136811032108
141,31439,0.29755277144111053
141,31440,0.2631331590433875
141,31441,0.539634919168143
141,31442,0.2158225260275989
141,31443,0.20001846759604394
141,31444,0.6777841874868932
141,31445,0.2831791515315028
141,31446,0.3419574225194858
141,31447,0.10715961845504515
141,31448,0.22974923044226617
141,31501,0.1590661847583754
141,31502,0.17480613739318357
141,31503,0.3764953898439495
141,31504,0.13005249148825448
141,31505,0.23607390073589424
141,31506,0.10071905623596432
141,31507,0.09097962960742523
141,31508,0.23756995494315844
141,31509,0.2710675460052209
141,31510,0.13709275399460358
141,31511,0.17416927111024144
141,31512,0.09725286633901646
141,31513,0.252354515950792
141,31514,0.2859525405909476
141,31515,0.556631325565004
141,31516,0.3616066712593883
141,31517,0.4740948640914126
141,31518,0.7857584360928577
141,31519,0.8556429406833935
141,31520,0.6912193402824549
141,31521,0.7195591536530933
141,31522,0.34858300752891896
141,31523,0.9390808308054529
141,31524,0.6519042628541457
141,31525,1.5307081614495328
141,31526,0.6117998731057649
141,31527,0.7744189692962915
141,31528,1.1710832528279302
141,31529,0.7211674982924535
141,31530,0.28946603576851754
141,31531,0.26239253272743773
141,31532,0.11394064943906378
141,31533,0.39712948400746206
141,31534,0.20371713369445643
141,31535,0.17276845646328276
141,31536,0.5264842880626075
141,31537,0.1799127271838821
141,31538,0.527067860598828
141,31539,0.8463722935976392
141,31540,0.4493501137653913
141,31541,0.6098093165597201
141,31542,0.719058945545736
141,31543,0.5538189878991815
141,31544,0.6301307372026052
141,31545,0.7742164701988458
141,31546,0.5695172139722788
141,31547,0.35847649901147266
141,31548,0.23648962700799775
141,31601,0.37693574434268534
141,31602,0.25057003113216925
141,31603,0.0761076111854915
141,31604,0.15068403211362927
141,31605,0.166556623937673
141,31606,0.22924338275767195
141,31607,0.31546013511439663
141,31608,0.3131591900957015
141,31609,0.35790822107848996
141,31610,0.19754630098051948
141,31611,0.18219997001567356
141,31612,0.10485029480575196
141,31613,0.2993656964141162
141,31614,1.0506305518098351
141,31615,0.7958455301645702
141,31616,0.5469087151714349
141,31617,0.8485223374531945
141,31618,0.6499869481912034
141,31619,0.9566820455680616
141,31620,1.238335431959666
141,31621,0.6543976709573639
141,31622,1.1221587357429608
141,31623,0.6456670913658341
141,31624,0.4745356171884299
141,31625,0.6221721712087804
141,31626,0.36415533327956917
141,31627,1.2591994671595867
141,31628,0.4787829100188906
141,31629,0.6340135249738513
141,31630,0.36685745617858867
141,31631,0.3995957450956992
141,31632,0.1765737353329696
141,31633,0.4459231628276844
141,31634,0.20972071674029943
141,31635,0.3962828668226669
141,31636,0.7150092747520587
141,31637,0.4200449681100453
141,31638,0.6756907910632146
141,31639,0.20001967293155626
141,31640,0.5491237440375349
141,31641,0.2291687609191561
141,31642,0.3409743942699204
141,31643,0.451696754810368
141,31644,0.661565737947326
141,31645,0.18793558016679163
141,31646,0.189967763385522
141,31647,0.17831110101932296
141,31648,0.0962833881214419
141,31701,0.201847259692314
141,31702,0.17216035996083456
141,31703,0.32893492370373173
141,31704,0.3021173986587168
141,31705,0.3183525258205872
141,31706,0.38023205486712924
141,31707,0.11038463269385998
141,31708,0.11631905260751459
141,31709,0.09558257492619456
141,31710,0.06428340817470395
141,31711,0.2449687739443921
141,31712,0.17111752759494087
141,31713,0.3536209578787915
141,31714,1.0015325549138059
141,31715,1.0031933665599098
141,31716,0.29640494871947304
141,31717,0.8512662809850582
141,31718,0.6372322311436801
141,31719,0.5731410053187985
141,31720,0.21788498977722653
141,31721,0.5375859514192652
141,31722,0.29530301290503713
141,31723,0.79509776058636
141,31724,3.4421647252104126
141,31725,2.2441261118768843
141,31726,4.173711975608104
141,31727,2.1537715909656505
141,31728,1.2586387717249603
141,31729,2.3919730081439927
141,31730,2.9366192750047255
141,31731,0.9782933682619926
141,31732,0.45109685294809
141,31733,0.3786460874268771
141,31734,0.2888315954288122
141,31735,0.19758422563343214
141,31736,0.34854493036925827
141,31737,0.23075038912723256
141,31738,0.09607936458809119
141,31739,0.15238389629902355
141,31740,0.37591639392648313
141,31741,0.321539162647069
141,31742,0.20121606662550812
141,31743,0.4998529608749053
141,31744,0.1979368516113472
141,31745,0.47935844956835616
141,31746,0.42769282956985333
141,31747,0.2304750573606108
141,31748,0.12967833205509802
141,31801,0.11824551935315737
141,31802,0.2866455672285246
141,31803,0.2667927189231353
141,31804,0.3379926010205177
141,31805,0.20005939700372372
141,31806,0.1209027634982337
141,31807,0.07702795197336211
141,31808,0.217977985439828
141,31809,0.17931843476956413
141,31810,0.2875769829183798
141,31811,0.23279672897230033
141,31812,0.22526614214689722
141,31813,0.20124250003377106
141,31814,0.7707579290336039
141,31815,0.27340938971748896
141,31816,0.8375028814197584
141,31817,0.7878792974614086
141,31818,0.3288134257144264
141,31819,1.0377423603145828
141,31820,0.34846152513872175
141,31821,1.125387899040346
141,31822,0.8019630187034839
141,31823,0.963625066860662
141,31824,0.7143219762498483
141,31825,1.863219245321919
141,31826,1.372818981389461
141,31827,2.204665063118491
141,31828,1.1675355691026714
141,31829,1.9082016762548724
141,31830,1.4576896894779718
141,31831,2.9761573219451476
141,31832,1.5634441456704113
141,31833,2.3769060024915984
141,31834,0.25461118216777
141,31835,0.7599078698213021
141,31836,0.19490482683673022
141,31837,0.4597146587199224
141,31838,0.5510664044260024
141,31839,0.6277139824571314
141,31840,0.7423242723265124
141,31841,0.6630186207097736
141,31842,0.2689308585207418
141,31843,0.8199567375714263
141,31844,0.527764006805699
141,31845,0.3873292743289182
141,31846,0.3504390173741347
141,31847,0.48305799224380447
141,31848,0.3295453954333994
141,31901,0.1935499706401187
141,31902,0.15963071658093103
141,31903,0.28390288355458826
141,31904,0.3659812484736884
141,31905,0.15714602095588268
141,31906,0.11930344709559901
141,31907,0.3783097259664628
141,31908,0.42329340258657167
141,31909,0.19120373547285222
141,31910,0.21275072368081063
141,31911,0.29220401240659827
141,31912,0.11453741471884092
141,31913,0.45578902513674446
141,31914,0.37324771787019445
141,31915,0.5410496888062626
141,31916,0.9941102073597109
141,31917,0.8556941438371739
141,31918,0.4757438897820491
141,31919,0.7914458841207158
141,31920,1.5441006372202528
141,31921,1.171624752780893
141,31922,0.9455900402742959
141,31923,0.8615786173148215
141,31924,0.8228977449510665
141,31925,0.8739425401159047
141,31926,0.24037714976902497
141,31927,1.0090967984346222
141,31928,0.6484573143788254
141,31929,0.7687008054214187
141,31930,0.4118531772559455
141,31931,0.44502556365102136
141,31932,0.8963734525169225
141,31933,0.9387377627205412
141,31934,0.22105158459095534
141,31935,0.2722678411073615
141,31936,0.30103064930921136
141,31937,0.33024353523882566
141,31938,0.5577975709393986
141,31939,0.353749491371816
141,31940,0.5540547358676227
141,31941,0.4260355603519618
141,31942,0.4378678564362479
141,31943,0.28846113445927574
141,31944,0.5993901453672116
141,31945,0.25591631004215426
141,31946,0.15541540401300244
141,31947,0.27497690447094425
141,31948,0.10079657799453298
141,32001,0.10227964068495897
141,32002,0.08262413181539517
141,32003,0.18156086385062134
141,32004,0.2229222872921189
141,32005,0.14938662826236196
141,32006,0.1872572257723213
141,32007,0.26187493509498716
141,32008,0.29971982074145864
141,32009,0.20401803394862641
141,32010,0.1931831873755064
141,32011,0.13472579034079935
141,32012,0.2045380872916938
141,32013,0.21417520988251065
141,32014,0.8048070386515429
141,32015,0.8231000410801131
141,32016,0.8425831809674642
141,32017,0.5529409045550884
141,32018,0.2831123117932692
141,32019,0.8194919599185779
141,32020,0.6091700493958306
141,32021,1.4563387647325723
141,32022,1.1776371753741126
141,32023,0.7267537675025064
141,32024,2.185759617448264
141,32025,0.9773110922632783
141,32026,0.2646310084259715
141,32027,0.6920562374070706
141,32028,0.9176843426697825
141,32029,0.9778484345041873
141,32030,0.35031065041241966
141,32031,1.3349231448480596
141,32032,0.5536787697672687
141,32033,1.518834468818316
141,32034,0.7386444057577738
141,32035,0.5636403910964108
141,32036,0.6107477348084664
141,32037,0.2297581916917502
141,32038,0.822442754657962
141,32039,0.41442153124518477
141,32040,0.17295863783107054
141,32041,0.2058766654353374
141,32042,0.6397844091015851
141,32043,0.7651792942963428
141,32044,0.7349980009575888
141,32045,0.5013104646281331
141,32046,0.4598703563057094
141,32047,0.6617716018543148
141,32048,0.5127322237627245
141,32101,0.23932680885012642
141,32102,0.245516211433483
141,32103,0.19599462934258732
141,32104,0.22529404891844595
141,32105,0.24175193390526778
141,32106,0.19081032855465466
141,32107,0.42522859526013695
141,32108,0.26593399283024394
141,32109,0.07784584932331486
141,32110,0.15678894543232674
141,32111,0.23688981863713315
141,32112,0.10580142919578751
141,32113,0.4085522919100788
141,32114,0.8953890224905728
141,32115,0.941153985843403
141,32116,0.836694543613418
141,32117,0.4501307139055143
141,32118,0.6917118743204755
141,32119,1.046928257736438
141,32120,0.33317467470935974
141,32121,0.5613059571681328
141,32122,0.42307365692714655
141,32123,0.4504204136509779
141,32124,0.6537172238370034
141,32125,0.6969140036000099
141,32126,0.4211274581890783
141,32127,0.9595581251570615
141,32128,0.8661935186204963
141,32129,0.27221328708293163
141,32130,0.8776662347568757
141,32131,0.4668112372481103
141,32132,0.3691124510025857
141,32133,0.41688714510955516
141,32134,0.32908798940539796
141,32135,0.3735574377677164
141,32136,0.5498481194359243
141,32137,0.2540849121444557
141,32138,0.5768507844421443
141,32139,0.1813449330673988
141,32140,0.4671944057036101
141,32141,0.4612310799621286
141,32142,0.41934544178491423
141,32143,0.4077273428244818
141,32144,0.7992606182254902
141,32145,0.27965887290987906
141,32146,0.3167834007842404
141,32147,0.4228098556067976
141,32148,0.15185896587097727
141,32201,0.43614699534670404
141,32202,0.10436240211060858
141,32203,0.08607100485434936
141,32204,0.24043815947940675
141,32205,0.14430951055437743
141,32206,0.19861855327646713
141,32207,0.18153502323161394
141,32208,0.0502061151347332
141,32209,0.1371645247199433
141,32210,0.18596549892852943
141,32211,0.08275235007878577
141,32212,0.11920870924729994
141,32213,0.09672899776531975
141,32214,0.8048065533874709
141,32215,0.8874226029178746
141,32216,0.24026450400931187
141,32217,0.9068939583555097
141,32218,0.951988382015087
141,32219,0.5027519273171612
141,32220,1.1533561157990901
141,32221,1.4664761381359976
141,32222,0.4342493843509394
141,32223,0.6645132557249094
141,32224,0.7108531495797114
141,32225,0.28822595103690674
141,32226,0.7383154906915004
141,32227,0.38614583341564795
141,32228,0.8414294137106761
141,32229,0.8803517466357152
141,32230,0.7980227309779826
141,32231,0.6905293971176713
141,32232,0.3047780790249003
141,32233,0.9612123197402349
141,32234,0.43868203639474984
141,32235,0.519984344034073
141,32236,0.4371459326417913
141,32237,0.2443642289340516
141,32238,0.625976037798043
141,32239,0.6102722349136857
141,32240,0.42074324884857056
141,32241,0.6293244268837755
141,32242,0.4695862559421542
141,32243,0.16162238268025808
141,32244,0.340556424088215
141,32245,0.17146220404083748
141,32246,0.16306942659146892
141,32247,0.22452200549810378
141,32248,0.20864259137694352
141,32301,0.11510862709441369
141,32302,0.10706387912885416
141,32303,0.16847356543787642
141,32304,0.22192311222218455
141,32305,0.2126932656530444
141,32306,0.15635860680300173
141,32307,0.16833495387273772
141,32308,0.1545839384181397
141,32309,0.19711104892413758
141,32310,0.10899544226070962
141,32311,0.23414644095411596
141,32312,0.09213611244200132
141,32313,0.1361072205044421
141,32314,0.33581987544145253
141,32315,0.8114630471260351
141,32316,0.8910965725367688
141,32317,0.757009707125351
141,32318,0.5280408419392381
141,32319,0.5200773510555678
141,32320,0.8815713788294443
141,32321,0.7173967687202734
141,32322,0.31148209918413106
141,32323,0.5389776666637337
141,32324,1.2714579379225113
141,32325,0.947378819054304
141,32326,0.8906253971134008
141,32327,0.5420756747334747
141,32328,0.38763107419823106
141,32329,0.6848058935305392
141,32330,0.5527820157588362
141,32331,0.7852918628806084
141,32332,1.1486298477929362
141,32333,0.48287628281877143
141,32334,0.5707321581899105
141,32335,0.39265569800597555
141,32336,1.7752002160057052
141,32337,0.7200107795182431
141,32338,0.16085736932551195
141,32339,0.2731784459909885
141,32340,0.2665270948158635
141,32341,0.1186195468796453
141,32342,0.1469837553934115
141,32343,0.20496742466026627
141,32344,0.49054288107534916
141,32345,0.26756088818173024
141,32346,0.39330101202606854
141,32347,0.2796165926641415
141,32348,0.08158341638121196
141,32401,0.1543491469248434
141,32402,0.31134559479389357
141,32403,0.3599507767104049
141,32404,0.12474636944450235
141,32405,0.1518884881617332
141,32406,0.32263068121356603
141,32407,0.2441677272843429
141,32408,0.24387069393060704
141,32409,0.1886698381630698
141,32410,0.05374448729045718
141,32411,0.1985776702589547
141,32412,0.21384008523939058
141,32413,0.275203519670314
141,32414,0.5741684671386316
141,32415,0.5855178514000546
141,32416,0.2775012286832476
141,32417,0.49989683924542894
141,32418,0.8236655650652813
141,32419,0.7895592984526383
141,32420,0.8245828200362574
141,32421,1.0520167029238734
141,32422,0.856054909283731
141,32423,0.4305401597457518
141,32424,1.1440081164425202
141,32425,0.7971188876332915
141,32426,0.3291716849782595
141,32427,0.538895794854727
141,32428,0.7593466390553703
141,32429,0.9720937317733168
141,32430,0.5263336728769011
141,32431,0.6757603190621733
141,32432,1.0603570095729815
141,32433,0.7130043770657014
141,32434,0.24618038539981618
141,32435,0.309676200782974
141,32436,0.23320242967705707
141,32437,0.167844926238143
141,32438,0.22464796720439775
141,32439,0.4390154952841589
141,32440,0.22373414428293692
141,32441,0.15574776014455152
141,32442,0.18521752513834025
141,32443,0.08920725701402829
141,32444,0.40571672861530167
141,32445,0.3495993088717355
141,32446,0.1299921553034863
141,32447,0.26427987749390136
141,32448,0.15662543207084487
141,32501,0.20644381930946284
141,32502,0.10100646445331653
141,32503,0.08241009238956587
141,32504,0.10236785050964904
141,32505,0.17788951462775415
141,32506,0.20697626283500453
141,32507,0.21554444712928147
141,32508,0.2155732116649313
141,32509,0.3063811607796182
141,32510,0.15668606405905872
141,32511,0.23378512020497236
141,32512,0.09788710522302718
141,32513,0.14150406647537178
141,32514,0.21191961163421516
141,32515,0.38257513951136335
141,32516,0.6564664936766186
141,32517,0.38130354903418
141,32518,0.24440636771416563
141,32519,0.22142005608044024
141,32520,0.5553430561412878
141,32521,1.0118724237949188
141,32522,0.9508274594029127
141,32523,1.0942945882875217
141,32524,1.848083774188281
141,32525,1.138730003696679
141,32526,1.0491614334943224
141,32527,0.8540883338974352
141,32528,0.2914576033250393
141,32529,0.8622325515003254
141,32530,1.0194345723491491
141,32531,0.2832038737685482
141,32532,0.749135933757265
141,32533,1.1190078873783813
141,32534,0.18717037124416305
141,32535,0.10015720810127306
141,32536,0.39596348731457054
141,32537,0.4962484795415893
141,32538,0.20001634097277204
141,32539,0.609423350725169
141,32540,0.4001856583827331
141,32541,0.2007170779454069
141,32542,0.28297132467182295
141,32543,0.3184767851278983
141,32544,0.20260870828692154
141,32545,0.3927945145950502
141,32546,0.3572201783015299
141,32547,0.2605013381648968
141,32548,0.2940582507155811
141,32601,0.2120725398832797
141,32602,0.1442242295183526
141,32603,0.10870650235811259
141,32604,0.0845288055371924
141,32605,0.2939656472168819
141,32606,0.11818137682333227
141,32607,0.24630322282051628
141,32608,0.31923638322473674
141,32609,0.08179627155382779
141,32610,0.10425631385345324
141,32611,0.2149468146572323
141,32612,0.0754956910823402
141,32613,0.3293775388659854
141,32614,0.4213111996374554
141,32615,0.8633611381633688
141,32616,0.46226310515185
141,32617,0.9861871799949277
141,32618,0.28143242128199253
141,32619,0.46632424093529984
141,32620,0.5841625015562656
141,32621,0.5262448885343162
141,32622,0.60202620943907
141,32623,0.9986488695586673
141,32624,0.79719472602282
141,32625,0.2676730873254933
141,32626,0.5644291769329272
141,32627,0.2717505117429563
141,32628,0.531429750718963
141,32629,1.0229015234147
141,32630,0.7087448820261244
141,32631,1.0289842417453254
141,32632,0.9813028118946282
141,32633,0.6614865285338213
141,32634,0.18170497280504536
141,32635,0.16800956111566906
141,32636,0.25357979092699034
141,32637,1.0753874557950267
141,32638,0.3991969210128404
141,32639,0.2808202796623747
141,32640,0.12127244662937571
141,32641,0.16081753345147135
141,32642,0.7454467547467768
141,32643,0.6321673065283553
141,32644,0.1401003699211889
141,32645,0.452900070421989
141,32646,0.2650144960971171
141,32647,0.30252616712702324
141,32648,0.1509702686831913
141,32701,0.2392117670136371
141,32702,0.12263056357452687
141,32703,0.08875764642778039
141,32704,0.2706722628709024
141,32705,0.14052085827705235
141,32706,0.2310898405806176
141,32707,0.11185393121086437
141,32708,0.23684493487091696
141,32709,0.21181281691526083
141,32710,0.10668727307559805
141,32711,0.17576000926560004
141,32712,0.34949513399803045
141,32713,0.3327263950436885
141,32714,0.728695157582567
141,32715,0.891757765198659
141,32716,0.8037008867063371
141,32717,0.6627724819368401
141,32718,0.993175645399091
141,32719,0.891609611380595
141,32720,0.38362510003486516
141,32721,0.5443965406301673
141,32722,0.5241444075340514
141,32723,1.0140945068183413
141,32724,1.2095351346271508
141,32725,1.5283092491310357
141,32726,0.40655802899742427
141,32727,1.1590699812576792
141,32728,0.7297894802985307
141,32729,0.3697365387751143
141,32730,0.6492734636019903
141,32731,0.5581875605444941
141,32732,0.3294228175369217
141,32733,0.5784684995360738
141,32734,0.324456974270891
141,32735,0.3526793286440951
141,32736,0.26884743100263003
141,32737,0.4364626110588418
141,32738,0.5343654519397318
141,32739,0.6256752046320094
141,32740,0.12956376757695523
141,32741,0.22867549571568302
141,32742,0.2833816746057176
141,32743,0.5896529072209191
141,32744,0.14646909865442018
141,32745,0.15311824469729557
141,32746,0.10243698529840871
141,32747,0.25877448635343997
141,32748,0.09602252439834688
141,32801,0.22968186566104193
141,32802,0.1867700503231847
141,32803,0.12815044929471342
141,32804,0.15814728460849048
141,32805,0.07725819601675699
141,32806,0.2018060659703854
141,32807,0.2610558766515932
141,32808,0.2687014286874176
141,32809,0.10474575598337194
141,32810,0.12889128451008183
141,32811,0.11261483476527755
141,32812,0.3399010802767349
141,32813,0.23608328426454467
141,32814,1.0094868513123072
141,32815,0.9655949224130457
141,32816,0.5168243742319434
141,32817,0.8927379321309975
141,32818,0.7424879465665288
141,32819,0.5027537001616784
141,32820,0.25797230959184103
141,32821,0.29165409002227355
141,32822,0.5606544200738982
141,32823,0.8484483059579158
141,32824,0.6828034520252959
141,32825,0.408033629759402
141,32826,0.9873805591359386
141,32827,1.0923819917194595
141,32828,0.32577369256710825
141,32829,0.9203691483318329
141,32830,0.6228449253481498
141,32831,0.3362625289864873
141,32832,0.622094958635853
141,32833,0.6908847131819412
141,32834,0.22159013682193165
141,32835,0.4352789942157222
141,32836,0.22264662196603932
141,32837,0.20586318015451793
141,32838,0.7463620352508006
141,32839,0.779597867323702
141,32840,0.38300320417610734
141,32841,0.5240953014443065
141,32842,0.30994050037499415
141,32843,0.2571551490935238
141,32844,0.4467522239329829
141,32845,0.2457712598868174
141,32846,0.24723184665379755
141,32847,0.265457935854046
141,32848,0.4034082320757281
141,32901,0.26844585067489707
141,32902,0.1267553725815464
141,32903,0.2891279022697039
141,32904,0.08509075769450057
141,32905,0.22296054081799263
141,32906,0.21273964777826104
141,32907,0.1730493028980701
141,32908,0.060717599095466264
141,32909,0.24767026913807863
141,32910,0.23632476710921133
141,32911,0.25923291590726355
141,32912,0.10940838917200019
141,32913,0.24823944351851693
141,32914,0.7634728807760527
141,32915,0.8437226735158667
141,32916,1.0708769801477167
141,32917,1.1090799562368738
141,32918,0.25252134920454533
141,32919,0.8823880195562376
141,32920,0.2857353308190819
141,32921,0.24278290220263976
141,32922,0.3766384110099885
141,32923,0.9419666247879155
141,32924,1.3439085546154657
141,32925,1.3115490390283315
141,32926,1.250934077253784
141,32927,2.522989709377571
141,32928,3.927262515876959
141,32929,1.3905182151841358
141,32930,2.3081470099913566
141,32931,2.9574079516943486
141,32932,0.7268036311295689
141,32933,0.7561598030872178
141,32934,0.19500783992134793
141,32935,0.5238210795466229
141,32936,0.30546615592204135
141,32937,0.26997554038448446
141,32938,0.3829341879488343
141,32939,0.6240560148470788
141,32940,0.38377821065133405
141,32941,0.3783761996898324
141,32942,0.3050007577292038
141,32943,0.2040422622872015
141,32944,0.4659724942888154
141,32945,0.45129253873342856
141,32946,0.5329146279059709
141,32947,0.3087031406484062
141,32948,0.3839508569436242
141,33001,0.3556951878208163
141,33002,0.3620020747991917
141,33003,0.1082050354656716
141,33004,0.15263585497505722
141,33005,0.13961732565218754
141,33006,0.1317355525972781
141,33007,0.2794131631042488
141,33008,0.16426366308109508
141,33009,0.17346647757898695
141,33010,0.06120474623960452
141,33011,0.2033358720591347
141,33012,0.07789007390147644
141,33013,0.4386525651379675
141,33014,0.9227027207284352
141,33015,0.36930563276293005
141,33016,0.32439692523557684
141,33017,0.314570970799099
141,33018,0.7498021079687756
141,33019,0.4991871232500366
141,33020,1.112907020569827
141,33021,0.6434928792345189
141,33022,0.6756807241212266
141,33023,0.45180979948643607
141,33024,0.48653548081204995
141,33025,0.9516915828050571
141,33026,0.5624584522575226
141,33027,0.7556817746002962
141,33028,0.25906001829118336
141,33029,0.5880827819472414
141,33030,0.997343452984535
141,33031,0.7074222959357169
141,33032,0.8764465151776641
141,33033,1.1627551276232544
141,33034,0.7502065324007028
141,33035,0.31098643134898324
141,33036,0.8524430824298798
141,33037,2.2138294767500883
141,33038,1.1880826780957907
141,33039,3.0254390075814395
141,33040,0.6749970711152219
141,33041,1.318903647331085
141,33042,1.1741325056297236
141,33043,0.9681259145371653
141,33044,0.4724283097105298
141,33045,0.7790405010434983
141,33046,0.3111213697026266
141,33047,0.3051030456960137
141,33048,0.12330165498819708
141,33101,0.14606519809088905
141,33102,0.06836525065185252
141,33103,0.1370694418339589
141,33104,0.20426568415038282
141,33105,0.4165998813399723
141,33106,0.14098515716786564
141,33107,0.08720054631878629
141,33108,0.16325362541827065
141,33109,0.2765410982900689
141,33110,0.3634564067374585
141,33111,0.26197016726288896
141,33112,0.17987896804310635
141,33113,0.2503999280516148
141,33114,0.6240886526245428
141,33115,0.8208275056141634
141,33116,0.9481802232739197
141,33117,0.42210085692238464
141,33118,0.8995732358947335
141,33119,1.060439508407588
141,33120,0.5496280763980036
141,33121,0.6254765297321458
141,33122,0.7916328165594438
141,33123,0.7946497003121281
141,33124,0.3093300221969775
141,33125,0.29624222138439643
141,33126,0.9053950618135335
141,33127,0.9719198958792012
141,33128,0.7249367064504493
141,33129,1.7585681507521427
141,33130,2.5661170712834394
141,33131,2.0966427462003967
141,33132,1.7165005702739788
141,33133,1.3321013648702082
141,33134,1.4284202543173967
141,33135,1.9388675037063794
141,33136,1.5477987131208126
141,33137,1.2383311894337463
141,33138,0.5102566114107131
141,33139,0.8467610895045801
141,33140,0.48516813735966413
141,33141,0.2747647354205928
141,33142,0.11182209168166321
141,33143,0.2076741649876027
141,33144,0.33326303788402867
141,33145,0.2658431495701091
141,33146,0.3983442270416268
141,33147,0.1325048130849412
141,33148,0.20868036760572292
141,33201,0.26701445712365013
141,33202,0.36636385867541604
141,33203,0.44811212902841513
141,33204,0.20050339577460757
141,33205,0.30846500826108386
141,33206,0.21252654153698247
141,33207,0.16709721667116487
141,33208,0.12210021496236519
141,33209,0.26214203058260327
141,33210,0.09270627704675116
141,33211,0.3273677731536296
141,33212,0.14737651991506887
141,33213,0.13363519677155428
141,33214,0.2955517195232385
141,33215,0.8646428895050592
141,33216,0.7632396603713846
141,33217,0.2844350642595893
141,33218,0.37250208473203217
141,33219,0.28241144704615534
141,33220,0.44307323434734036
141,33221,0.5367913030766033
141,33222,0.6451204205040735
141,33223,0.6745660041207764
141,33224,1.0877114056054984
141,33225,2.045381231960186
141,33226,0.591769711788271
141,33227,0.6912162560273035
141,33228,0.537439251216081
141,33229,0.6514786260438741
141,33230,0.41533433243212636
141,33231,0.33482951328115707
141,33232,0.6169704568146643
141,33233,0.6936837292318996
141,33234,0.1777105167363919
141,33235,0.31127183669439396
141,33236,0.46783467718235733
141,33237,0.4688635776175496
141,33238,1.1791370752226855
141,33239,0.31735753313059034
141,33240,0.17417189573321917
141,33241,0.6746875479905483
141,33242,0.6458666517219334
141,33243,0.3000772883195297
141,33244,0.4542502621791592
141,33245,0.5627538437267947
141,33246,0.3296350513493642
141,33247,0.12696486970115065
141,33248,0.10371770286518174
141,33301,0.14001467542758478
141,33302,0.3032034233631407
141,33303,0.1399049937687841
141,33304,0.22472616586121733
141,33305,0.32119104267481485
141,33306,0.3081757335237144
141,33307,0.1534159500407659
141,33308,0.0626194561852471
141,33309,0.1346272335515358
141,33310,0.17453810527430733
141,33311,0.2010056106801833
141,33312,0.20378870669020743
141,33313,0.14446610471356364
141,33314,0.915611853762061
141,33315,0.8333819069827749
141,33316,0.8309667771959687
141,33317,0.8716736149789119
141,33318,0.46538066988373605
141,33319,0.44016211465832816
141,33320,0.5380195192254865
141,33321,0.23813288705601265
141,33322,0.5367778382008516
141,33323,0.8661811665812523
141,33324,0.7604182703894771
141,33325,0.3370222247207163
141,33326,0.98809392238673
141,33327,1.0330895818823471
141,33328,0.7981586935178562
141,33329,0.7832039835273015
141,33330,0.5004889578823646
141,33331,0.4719462769879158
141,33332,1.1119828032851549
141,33333,0.3033730808696953
141,33334,0.1479733090576433
141,33335,0.3464122001547633
141,33336,0.5696141534171603
141,33337,0.7863733510540096
141,33338,0.5910909269521182
141,33339,0.6632636231118226
141,33340,0.21710103781906348
141,33341,0.4764521407159658
141,33342,0.358312247911274
141,33343,0.6297233044334799
141,33344,0.22899714106849853
141,33345,0.43105584528241037
141,33346,0.7302873903572039
141,33347,0.3113655906671496
141,33348,0.12245579906719807
141,33401,0.12945256331294172
141,33402,0.4263077142012696
141,33403,0.12382636783692774
141,33404,0.21472804303455176
141,33405,0.13469496128328276
141,33406,0.19920820194735747
141,33407,0.11130191739212075
141,33408,0.23460582794343865
141,33409,0.2426870415081137
141,33410,0.18613588426045868
141,33411,0.18998363054298542
141,33412,0.10054900375914545
141,33413,0.3169632112659872
141,33414,0.7721114198754089
141,33415,0.5197503859311328
141,33416,0.23555697300636277
141,33417,0.4889606902444079
141,33418,0.6188764226300891
141,33419,0.6804770640670074
141,33420,0.5011939627133579
141,33421,0.8088169104294437
141,33422,0.3637158113970912
141,33423,0.5103744493627141
141,33424,1.034617394253225
141,33425,2.3122202605192705
141,33426,1.6469690210711125
141,33427,1.0662095090188322
141,33428,0.45969271577137666
141,33429,1.2547641190930032
141,33430,1.3216321789131245
141,33431,0.41109069682368043
141,33432,0.5784973146281845
141,33433,1.0888971888649255
141,33434,0.20831928631684776
141,33435,0.8005945144386655
141,33436,0.2556871763798966
141,33437,0.3806415151527159
141,33438,0.3008689340659922
141,33439,0.32054527465778715
141,33440,0.41240206835097204
141,33441,0.5563189968127155
141,33442,0.7291780532183505
141,33443,0.17536990574539368
141,33444,0.3052114180644
141,33445,0.7365245349108547
141,33446,0.5837482415481299
141,33447,0.451140349845544
141,33448,0.33154875346149604
141,33501,0.23536805121448118
141,33502,0.21473220958638017
141,33503,0.2687600258496979
141,33504,0.31975526964863904
141,33505,0.2623380822726671
141,33506,0.3198867388990328
141,33507,0.19320048629124137
141,33508,0.0801535691824389
141,33509,0.18305676769522827
141,33510,0.10075822189772675
141,33511,0.12342034316545922
141,33512,0.2728090284792454
141,33513,0.18280403165757222
141,33514,0.6286882494857583
141,33515,0.7730906668398791
141,33516,0.8740244244812857
141,33517,0.9383948174813754
141,33518,0.6657235042847793
141,33519,0.9849367345279335
141,33520,0.23131703715625598
141,33521,0.5954678507943902
141,33522,0.306445994195744
141,33523,0.8989631357021093
141,33524,0.5163201497306497
141,33525,0.68603347500756
141,33526,0.23806532542086098
141,33527,0.31328088588860786
141,33528,0.7703454240319909
141,33529,0.8855692365666546
141,33530,0.9595946171450268
141,33531,1.086990593470007
141,33532,0.3880023754193424
141,33533,0.8752521030655691
141,33534,0.278139149300883
141,33535,0.729540495042193
141,33536,0.1952864813475894
141,33537,0.15482113635388675
141,33538,0.24982533387645173
141,33539,0.3314441586616794
141,33540,0.4476800633769236
141,33541,0.2557667759466968
141,33542,0.35985652584815
141,33543,0.5859203575947338
141,33544,0.5434763606608202
141,33545,0.4303555663217944
141,33546,0.2169660513536499
141,33547,0.10448894853716759
141,33548,0.3032048462258104
141,33601,0.23430405082649738
141,33602,0.14776388985971436
141,33603,0.2766711993996274
141,33604,0.18407376256796296
141,33605,0.25981465265789355
141,33606,0.10579096093776295
141,33607,0.25232420465904926
141,33608,0.24301613136594385
141,33609,0.11286344862290708
141,33610,0.17653120025762692
141,33611,0.20490993147695677
141,33612,0.1866562871145039
141,33613,0.15594383633725742
141,33614,0.3701580210355031
141,33615,1.0061454703657746
141,33616,0.6391605935775584
141,33617,0.36321231425662526
141,33618,0.36713130727306514
141,33619,1.0860831468760093
141,33620,0.5170095968545884
141,33621,0.9928595267515853
141,33622,0.5258231150615751
141,33623,0.9068284682253444
141,33624,0.5320211385660086
141,33625,0.2894941873602112
141,33626,1.2161774004109698
141,33627,1.0206415597076333
141,33628,0.4566302592657764
141,33629,1.1585120683051418
141,33630,0.8744157473245687
141,33631,1.3737259208166182
141,33632,1.2981226793774558
141,33633,0.9827990884315994
141,33634,0.45274998541613976
141,33635,0.0977026966456611
141,33636,0.5263531960491447
141,33637,0.1550687182184304
141,33638,0.4935476676367922
141,33639,0.7026762950983397
141,33640,1.1285340968363096
141,33641,0.6593399175443108
141,33642,0.5543228010794475
141,33643,0.3924162540432178
141,33644,0.21767933448573537
141,33645,0.34741008504556786
141,33646,0.24660722668928292
141,33647,0.28341990784980364
141,33648,0.10595872756429428
141,33701,0.16922403909944453
141,33702,0.10067969786403314
141,33703,0.3561330492406245
141,33704,0.2015770497348137
141,33705,0.26221134564010234
141,33706,0.29102587556210885
141,33707,0.1426767786053625
141,33708,0.14954432978330345
141,33709,0.06851826980565197
141,33710,0.22498134822641797
141,33711,0.30640701843467133
141,33712,0.059475824383884886
141,33713,0.20984720989828437
141,33714,0.6822645210302133
141,33715,0.9501671349895942
141,33716,0.737371460196136
141,33717,0.8599280025926055
141,33718,0.9343961565197326
141,33719,0.6593215019870402
141,33720,0.7598624618491839
141,33721,0.4335385350328706
141,33722,1.1291882029583322
141,33723,1.1064928575672548
141,33724,0.4598188777123732
141,33725,0.6044804668743089
141,33726,0.9275179076190152
141,33727,0.44731845304192835
141,33728,0.47755387896631923
141,33729,1.5386380078706932
141,33730,0.7167252029586454
141,33731,0.9171928670345892
141,33732,0.6387749314428239
141,33733,0.5039099685274211
141,33734,0.501237556787882
141,33735,0.3589237315168876
141,33736,1.0799099130518535
141,33737,0.9170705977369549
141,33738,0.6974372102598484
141,33739,0.2580200944473167
141,33740,0.4115323848883323
141,33741,0.2228597538762563
141,33742,0.5541092687438145
141,33743,0.6582271511229177
141,33744,0.3792293296846266
141,33745,0.4833266322143498
141,33746,0.6031594858176329
141,33747,0.13443134058342815
141,33748,0.304425547657338
141,33801,0.1472428717096629
141,33802,0.3437612370813649
141,33803,0.263940638335581
141,33804,0.16055851420977443
141,33805,0.08174025749219409
141,33806,0.28147188754480384
141,33807,0.16749175771908506
141,33808,0.20075806562316356
141,33809,0.07787972405338363
141,33810,0.10922651007717436
141,33811,0.1728570724278996
141,33812,0.14334394415664842
141,33813,0.5440837808268084
141,33814,0.6224995298593219
141,33815,0.33056008579532814
141,33816,0.8451998055999883
141,33817,0.3632312650771925
141,33818,0.9317884296304008
141,33819,0.8230417980614186
141,33820,1.0209546140132928
141,33821,0.8730748760143464
141,33822,1.0020135023081034
141,33823,0.4775222461219866
141,33824,0.3928241111449815
141,33825,1.2674374757027393
141,33826,1.303569031802914
141,33827,0.8981080469963824
141,33828,0.47293197011722815
141,33829,0.5495396433100258
141,33830,0.5678554514902537
141,33831,0.7224385008682643
141,33832,0.75096201167561
141,33833,0.8769895925431495
141,33834,0.11982834070159376
141,33835,0.08748547226154718
141,33836,0.2905130706733
141,33837,0.31172964533422765
141,33838,0.09748726436074581
141,33839,0.10540643119997987
141,33840,0.1838980737013599
141,33841,0.14955978550813936
141,33842,0.1632902510829034
141,33843,0.5080987182948451
141,33844,0.6713828596057919
141,33845,0.582888684319344
141,33846,0.3114262736872555
141,33847,0.17897817491553314
141,33848,0.2654756803756808
141,33901,0.25155302438316646
141,33902,0.09627462669691522
141,33903,0.10261032319214088
141,33904,0.34328120754563896
141,33905,0.4717427778615645
141,33906,0.1020405783162339
141,33907,0.2032343401629468
141,33908,0.2564758504572832
141,33909,0.1559226883704302
141,33910,0.16629934752289804
141,33911,0.2648206647986768
141,33912,0.12781414263609622
141,33913,0.1217966001971202
141,33914,0.4996787122505107
141,33915,0.9154025706875617
141,33916,0.7874258760249768
141,33917,0.9391891174629857
141,33918,0.3690183007262524
141,33919,0.7755063357959343
141,33920,0.5793835937378583
141,33921,0.48060352205309304
141,33922,0.49643986896927206
141,33923,0.4758986814312073
141,33924,1.1836722664730701
141,33925,1.3322983153914292
141,33926,1.5206154063097623
141,33927,0.5634028580957384
141,33928,1.3410954154716483
141,33929,0.8100653526643993
141,33930,0.7567016198009123
141,33931,1.4492632058671118
141,33932,1.3489831218630373
141,33933,1.160396920722352
141,33934,0.7808787052083014
141,33935,0.41366437891470265
141,33936,0.26319315799053533
141,33937,0.3179661777988823
141,33938,0.5723679694834949
141,33939,0.6505611112489127
141,33940,0.4180953616617505
141,33941,0.3805050245416201
141,33942,0.5943501046296492
141,33943,0.6825294298207579
141,33944,0.4231197957042239
141,33945,0.12897318431776333
141,33946,0.15838699270597859
141,33947,0.2504409734114826
141,33948,0.3222643650640791
141,34001,0.44024444799458884
141,34002,0.1579437120712156
141,34003,0.17422471190702443
141,34004,0.3266351102228608
141,34005,0.1917957979326578
141,34006,0.21814278434356885
141,34007,0.1544163497086803
141,34008,0.22981856735289577
141,34009,0.16811540287881563
141,34010,0.08555571894102654
141,34011,0.29342911257403936
141,34012,0.09279189257057877
141,34013,0.24097880713133363
141,34014,0.4197540167072622
141,34015,0.7542375445570698
141,34016,0.5407580325841075
141,34017,0.49082683809742694
141,34018,0.46300494942777864
141,34019,0.6280597942141779
141,34020,0.6206352773674882
141,34021,0.49776378691411743
141,34022,0.7907568507516475
141,34023,0.4844305289484023
141,34024,0.6396290920866289
141,34025,0.4395720329493931
141,34026,0.5227975924021553
141,34027,0.984497248557479
141,34028,0.6577746794467992
141,34029,0.37550006954592097
141,34030,0.7514795779078034
141,34031,1.1442098551023299
141,34032,0.6836458269932755
141,34033,0.7365329572945858
141,34034,0.2871214343973872
141,34035,0.463577447820775
141,34036,0.1575985324321529
141,34037,0.29007107766319096
141,34038,0.42539180093265433
141,34039,1.1365342145905064
141,34040,0.47588653413957976
141,34041,1.2819800891146345
141,34042,0.39961112544692373
141,34043,0.6252389392946266
141,34044,0.47992034744091894
141,34045,0.13091265480392314
141,34046,0.31707107441927074
141,34047,0.30891373905925523
141,34048,0.13982395663725347
141,34101,0.2855354000747928
141,34102,0.2286531053297213
141,34103,0.07513245189374945
141,34104,0.08749889118216579
141,34105,0.17498140804436596
141,34106,0.4714040339194244
141,34107,0.29050976170952797
141,34108,0.1461934722123612
141,34109,0.24477265059243547
141,34110,0.09735817131838381
141,34111,0.25188699537506903
141,34112,0.3576871762432149
141,34113,0.28947058327843983
141,34114,0.6684504661103514
141,34115,0.9215612126721668
141,34116,0.34162153255652755
141,34117,0.6869415413507796
141,34118,0.39151336442523915
141,34119,0.4438089421585471
141,34120,0.7247898849710901
141,34121,1.0187276780887262
141,34122,1.1147934977452483
141,34123,0.9350543217906818
141,34124,1.1356470988287897
141,34125,0.7072974890704583
141,34126,1.1938586526627029
141,34127,0.786839238551359
141,34128,0.5752757321533231
141,34129,0.8529624095829108
141,34130,1.1087916649734832
141,34131,0.4356985790867015
141,34132,0.3029857839716468
141,34133,0.7942827447133797
141,34134,0.38452045868881873
141,34135,0.28596229727183653
141,34136,0.7988456648402097
141,34137,0.38142944682475577
141,34138,1.3870324577226443
141,34139,1.1236974192092928
141,34140,0.48944821191649795
141,34141,0.4546261029968716
141,34142,0.7730717904002385
141,34143,0.5249851500305289
141,34144,0.5791086379582757
141,34145,0.44346967241969726
141,34146,0.2671152009209061
141,34147,0.2712105729277448
141,34148,0.1383423755776817
141,34201,0.1838483082103347
141,34202,0.16722161476216807
141,34203,0.18045376607226674
141,34204,0.361976792480627
141,34205,0.059972658196158324
141,34206,0.08812165548376054
141,34207,0.23004972690242947
141,34208,0.24598200750240015
141,34209,0.1423848845163736
141,34210,0.18526598251410703
141,34211,0.2791041476568312
141,34212,0.2618906677896001
141,34213,0.3937683601705276
141,34214,1.154562525824607
141,34215,0.31912765354068456
141,34216,0.5632472279152334
141,34217,0.24305930972608375
141,34218,0.8564083689551116
141,34219,1.0208700416195249
141,34220,0.6980320758182663
141,34221,0.3077946177082243
141,34222,0.5184974617637229
141,34223,0.32059862340300777
141,34224,0.4085481229954067
141,34225,0.8894044416835926
141,34226,0.9502073742538251
141,34227,0.7375064836796783
141,34228,0.542787334638862
141,34229,0.9248987057905411
141,34230,0.9833181939231807
141,34231,0.3366798387061421
141,34232,0.967479500545421
141,34233,0.8021868385674389
141,34234,0.45406048774632435
141,34235,0.31901830103920925
141,34236,0.3928345245383041
141,34237,0.49417424577129737
141,34238,0.6912173909857381
141,34239,0.3732635232584251
141,34240,0.43399963671463454
141,34241,0.39152094685545547
141,34242,0.3888099141749203
141,34243,0.5726942568795087
141,34244,0.47207980070058625
141,34245,0.3257507669344287
141,34246,0.26848818517626905
141,34247,0.4008743394316973
141,34248,0.14179302325796775
141,34301,0.3496785223877261
141,34302,0.15278322072955214
141,34303,0.34018981948961824
141,34304,0.24679051865593504
141,34305,0.1643139264856749
141,34306,0.3483387141886297
141,34307,0.4405625268883599
141,34308,0.17362645459536188
141,34309,0.09013571622591036
141,34310,0.1390615527421514
141,34311,0.12577543518751544
141,34312,0.17785012716740495
141,34313,0.26081866457890335
141,34314,1.0281384757124454
141,34315,1.029894518550704
141,34316,0.8280478757300574
141,34317,0.5748557210950588
141,34318,0.3967125306511237
141,34319,0.3773234172418563
141,34320,0.8878038757653417
141,34321,0.7165714811216933
141,34322,0.634211626884625
141,34323,0.9428724572321038
141,34324,0.4076346832437605
141,34325,1.3903717040233263
141,34326,0.8462790421058513
141,34327,0.9216003198160898
141,34328,0.24721449847824092
141,34329,0.26496171877816344
141,34330,0.5424121356577368
141,34331,0.8595949944936007
141,34332,0.8903117343552356
141,34333,2.698916326533168
141,34334,2.8664558092579355
141,34335,2.034511036320807
141,34336,1.176311786917299
141,34337,1.2859779125594533
141,34338,1.1572337631334961
141,34339,0.5603384189685319
141,34340,1.1350157641417689
141,34341,0.7121700490435832
141,34342,0.2817350678039748
141,34343,0.783833537088335
141,34344,0.7739569254770093
141,34345,1.3778496694460203
141,34346,1.5214707787780022
141,34347,1.5040657816020424
141,34348,0.9414182406259859
141,34401,0.9664325650846896
141,34402,1.110973386771371
141,34403,1.4343205062954327
141,34404,0.9870570889664694
141,34405,0.5060455759103015
141,34406,0.40082293343103764
141,34407,1.1458312926114211
141,34408,0.7891999302529902
141,34409,0.8848074039172042
141,34410,0.4731988751581562
141,34411,0.48122905065923854
141,34412,0.38996215595416606
141,34413,0.7932328724378321
141,34414,1.4045228387161313
141,34415,0.5916497167761099
141,34416,0.47860251409688126
141,34417,0.8996639910389777
141,34418,0.8305167127695161
141,34419,1.6320438628425429
141,34420,1.2764470041818616
141,34421,0.9777854696469921
141,34422,0.5601058434557644
141,34423,0.4730706178013279
141,34424,0.387168034278776
141,34425,0.9170122327637158
141,34426,1.1297020601878027
141,34427,0.7389207494467939
141,34428,0.6315866171694394
141,34429,0.38038949253290827
141,34430,1.5584215805703954
141,34431,1.9882812841139956
141,34432,1.266827828948112
141,34433,1.0618546663940267
141,34434,1.0901584168128098
141,34435,2.5510451590161445
141,34436,2.025151201222346
141,34437,0.7169371792695741
141,34438,1.4146785900868541
141,34439,0.7727623139264884
141,34440,0.8323179666476427
141,34441,1.5364584862121233
141,34442,1.574174386991529
141,34443,0.4773330597691021
141,34444,0.4198063159902364
141,34445,0.5204238752921063
141,34446,0.18306296321918464
141,34447,0.38180263603220915
141,34448,0.16997031335146642
141,34501,0.15238126030023647
141,34502,0.2787406478752417
141,34503,0.3422806767248564
141,34504,0.1688384962849063
141,34505,0.10868071699148868
141,34506,0.3608047901974428
141,34507,0.3014421711668796
141,34508,0.22926142957166787
141,34509,0.2973398415163269
141,34510,0.0831464885846058
141,34511,0.16631835601072045
141,34512,0.30630440203446385
141,34513,0.27859893847552863
141,34514,0.25446880846979225
141,34515,0.3173664328483317
141,34516,0.8285408307633252
141,34517,0.6006622287808951
141,34518,0.27697619756467634
141,34519,1.0612878224949414
141,34520,0.5657985912755935
141,34521,0.8679131556537859
141,34522,0.7001695596961616
141,34523,1.9265796004416582
141,34524,2.229441045135895
141,34525,0.5585531058860036
141,34526,0.6387743757436777
141,34527,0.9121498137447457
141,34528,0.298270519041603
141,34529,0.496949967081961
141,34530,1.020768908187037
141,34531,0.8138048989742726
141,34532,0.6196374262082833
141,34533,0.4604740685383624
141,34534,0.19644931167769497
141,34535,0.43894961922431097
141,34536,0.17375174036688615
141,34537,0.1259111325137066
141,34538,0.5491388551452345
141,34539,0.36790691345595994
141,34540,0.36527087469144315
141,34541,0.3891644535308452
141,34542,0.09662644024856326
141,34543,0.1400357399188685
141,34544,0.3474736094282252
141,34545,0.5268284674331631
141,34546,0.4393658553901827
141,34547,0.330120154702827
141,34548,0.1463494995478988
141,34601,0.3020762034167327
141,34602,0.4041676210049096
141,34603,0.4780308745364407
141,34604,0.21445587422133025
141,34605,0.4116849515849073
141,34606,0.35616921290577613
141,34607,0.3280927926671421
141,34608,0.16885958138219737
141,34609,0.22840822802380767
141,34610,0.08302648819429047
141,34611,0.2677220258008134
141,34612,0.40329027362762687
141,34613,0.17160320048577937
141,34614,0.5376683222636599
141,34615,0.8494426571442637
141,34616,0.9777965029335465
141,34617,0.419814298521685
141,34618,0.3744466784807707
141,34619,0.26978859078625966
141,34620,0.9596814694894595
141,34621,0.9324531048590018
141,34622,0.9910626517689589
141,34623,0.7201132903818285
141,34624,0.49182950702701983
141,34625,0.8755024809861681
141,34626,0.5764635004675819
141,34627,1.220439892110722
141,34628,0.4466326933524523
141,34629,0.628870272841647
141,34630,0.8190944375300692
141,34631,1.1332317473878855
141,34632,1.6257204949572643
141,34633,0.898349616344573
141,34634,0.31311088806709986
141,34635,0.9830508328719302
141,34636,0.30640499288028733
141,34637,0.2538227717348531
141,34638,0.3805321792987334
141,34639,0.6754236296768548
141,34640,0.9103153359440498
141,34641,0.6056510759499734
141,34642,0.3315463419859539
141,34643,0.39868429518886045
141,34644,0.6490751718555086
141,34645,0.53024237095477
141,34646,1.7748903033830383
141,34647,1.7598785898037852
141,34648,1.2426835534762326
141,34701,0.9353882510194079
141,34702,0.2714510431151417
141,34703,0.5237901332379464
141,34704,0.4019474852354353
141,34705,0.398244848353749
141,34706,0.44965764510073186
141,34707,0.1624764194329149
141,34708,0.12264441297731402
141,34709,0.08927837904232279
141,34710,0.24840265588101978
141,34711,0.2664090505431117
141,34712,0.3845944253393673
141,34713,0.2702278295307813
141,34714,0.453599718565355
141,34715,0.59096252726139
141,34716,0.6998599429784776
141,34717,0.8334443799335266
141,34718,0.6728013950871053
141,34719,0.36799505439128466
141,34720,0.41523729648983393
141,34721,0.7211706168359293
141,34722,0.7614698403773195
141,34723,0.7490330178492849
141,34724,0.8147756018422726
141,34725,0.7304022026141911
141,34726,0.4637456178287937
141,34727,0.8296064116037858
141,34728,0.3830983132577437
141,34729,0.8011552584152803
141,34730,0.7204299581623341
141,34731,0.4345610140565649
141,34732,0.6620315534292367
141,34733,0.6217787628260798
141,34734,0.3280470638686899
141,34735,0.21950018154632692
141,34736,0.14348457273259269
141,34737,0.4562617628637583
141,34738,0.27878153010599493
141,34739,0.2501227428246997
141,34740,0.14427520491111198
141,34741,0.2996167719728641
141,34742,0.40141367966723557
141,34743,0.43929289097313373
141,34744,0.3911566706527231
141,34745,0.22976988527288503
141,34746,0.2034635039217658
141,34747,0.1950929642522501
141,34748,0.1412261956523358
141,34801,0.10969683459721707
141,34802,0.2542455287120981
141,34803,0.41588831098927087
141,34804,0.1801515603941921
141,34805,0.15419540516976843
141,34806,0.33604519938482497
141,34807,0.24505173217294218
141,34808,0.12416341652703426
141,34809,0.2315116125115647
141,34810,0.2966851677282167
141,34811,0.1239395133709941
141,34812,0.1417089492995434
141,34813,0.1028636860404147
141,34814,0.4108236288430162
141,34815,0.2550188825715165
141,34816,0.8697848050750464
141,34817,0.3254759815791927
141,34818,0.5506272021641236
141,34819,0.5333885123634817
141,34820,0.6698089491259885
141,34821,0.6394084268873688
141,34822,0.49428710901628153
141,34823,0.631713146419011
141,34824,0.31738698820084715
141,34825,0.8253545080974456
141,34826,0.8727256214356092
141,34827,1.087370764704956
141,34828,0.367716762972676
141,34829,1.4291112593553483
141,34830,0.5787191224020939
141,34831,1.3006983996115478
141,34832,0.9222940837643407
141,34833,0.7969899228533769
141,34834,0.6149416194292938
141,34835,0.6237074646826795
141,34836,0.17716781012062777
141,34837,0.2005439162963914
141,34838,0.3264621336005096
141,34839,0.430769394131915
141,34840,0.5800028123041338
141,34841,0.4978222556692576
141,34842,0.6757824651161943
141,34843,0.25010340954701865
141,34844,0.2670965349918929
141,34845,0.24794369397705684
141,34846,0.16587697352460407
141,34847,0.5415044430937505
141,34848,0.3428467539604234
141,34901,0.2609541177620106
141,34902,0.31360433412969113
141,34903,0.3443036953852949
141,34904,0.350403867874629
141,34905,0.22260482226304942
141,34906,0.0811014954292979
141,34907,0.20654272495610307
141,34908,0.18785856085951314
141,34909,0.16961193174461223
141,34910,0.15069429549829952
141,34911,0.16534428781140656
141,34912,0.16222357111989716
141,34913,0.4992222714905669
141,34914,0.36299268407840424
141,34915,0.38317285860410777
141,34916,0.7307471272379217
141,34917,0.9307290138213763
141,34918,0.8112280206145409
141,34919,0.98671716873516
141,34920,1.1023041098511301
141,34921,1.0668852835292242
141,34922,0.8074363954801068
141,34923,0.7744122612912732
141,34924,0.42397958231194777
141,34925,0.4313041231619051
141,34926,0.9069003426742908
141,34927,0.5757577765139077
141,34928,0.7516046878797649
141,34929,0.4359270181042715
141,34930,1.1093723195515097
141,34931,0.6630785679110359
141,34932,1.3195129551970248
141,34933,0.8941475188885272
141,34934,1.384558083186476
141,34935,0.38113759955132626
141,34936,0.23431857720142857
141,34937,0.5203303436511364
141,34938,0.8050813886613292
141,34939,0.43569921895156033
141,34940,0.27624044507109075
141,34941,0.7307334153783758
141,34942,0.5325371764581087
141,34943,0.3391844363810641
141,34944,0.5089470487356055
141,34945,0.8150519304940363
141,34946,1.098005111573783
141,34947,0.7040662553757476
141,34948,0.5693826577907537
141,35001,0.24754142345645477
141,35002,0.35200332539442936
141,35003,0.21880474606811237
141,35004,0.3191641704978686
141,35005,0.18519686997783044
141,35006,0.41083886658008
141,35007,0.41015617642884106
141,35008,0.21143758527616016
141,35009,0.2520389739746292
141,35010,0.21781820165360719
141,35011,0.08540056593091715
141,35012,0.3632070954975052
141,35013,0.15282055253073465
141,35014,0.8233798943328676
141,35015,0.8845373340626654
141,35016,0.8745398827486729
141,35017,0.5524782119093707
141,35018,0.7357571519776501
141,35019,0.6105020556945635
141,35020,0.2978676975720235
141,35021,0.6269839360011064
141,35022,0.31328172740489807
141,35023,1.0203415233190452
141,35024,0.6439448252526314
141,35025,1.010821575071586
141,35026,0.6086939099191958
141,35027,0.5294133751768632
141,35028,0.8238953786370639
141,35029,0.3084476713245678
141,35030,0.31660958082570617
141,35031,0.29659996846204617
141,35032,1.0476851601813952
141,35033,0.25052467987380356
141,35034,0.26318596867381855
141,35035,0.128915043405294
141,35036,0.20065999123677244
141,35037,0.20032327193284397
141,35038,0.4071522185021492
141,35039,0.2914308409768683
141,35040,0.7023413399925387
141,35041,0.6552525578930986
141,35042,0.7611390994152127
141,35043,0.6070947002892588
141,35044,0.23116242407775658
141,35045,0.4765434820607692
141,35046,0.5240803657647674
141,35047,0.12489580229492322
141,35048,0.21327014413305356
141,35101,0.2660171925794802
141,35102,0.2056458595787346
141,35103,0.37479690285581996
141,35104,0.3119515988235735
141,35105,0.3144812554100037
141,35106,0.31599033790877223
141,35107,0.19805280151733934
141,35108,0.15192481014408488
141,35109,0.24315756570268615
141,35110,0.14058651901557595
141,35111,0.1950515342269597
141,35112,0.10641479274160909
141,35113,0.3815854225361222
141,35114,0.9418071511887902
141,35115,0.3766712618982388
141,35116,0.7486471980136559
141,35117,0.7784616548067448
141,35118,0.8592028130575841
141,35119,0.4748597964849233
141,35120,1.1277922575393058
141,35121,1.412514084644199
141,35122,0.45363911790525757
141,35123,1.2192455047728716
141,35124,1.3698092282079712
141,35125,0.9406853357930642
141,35126,0.7146772872102206
141,35127,0.8054299236007411
141,35128,0.9180125068950408
141,35129,0.5636128726944034
141,35130,1.3254938180975933
141,35131,0.8475417482265442
141,35132,1.3752364627031146
141,35133,1.2007316587118049
141,35134,0.29016735964026075
141,35135,0.43944640361212606
141,35136,0.3206556431204582
141,35137,0.35125346911162875
141,35138,0.3570242077635492
141,35139,0.434024609723859
141,35140,0.24283729418518046
141,35141,0.3605145113074222
141,35142,0.3651256692136684
141,35143,0.3675585786609384
141,35144,0.3968163292595365
141,35145,0.29578975173287775
141,35146,0.22390149431694048
141,35147,0.18558103321997702
141,35148,0.3746900903320973
141,35201,0.4070074612802445
141,35202,0.18133830997163058
141,35203,0.36000059498808895
141,35204,0.16731449912446558
141,35205,0.21627912730808882
141,35206,0.11969391643076424
141,35207,0.16760325022099806
141,35208,0.2619519287662981
141,35209,0.08647661878511786
141,35210,0.3241089806198623
141,35211,0.27720690229306116
141,35212,0.12155720656381147
141,35213,0.18707382934381228
141,35214,0.8447903066735303
141,35215,0.441205700928711
141,35216,0.8967631938925367
141,35217,0.5432903609650763
141,35218,0.4459569972169427
141,35219,0.5493593994859405
141,35220,0.9619378080963819
141,35221,0.7279790815374021
141,35222,0.807808649236593
141,35223,0.724906732598454
141,35224,0.6988669329094821
141,35225,1.094461997231129
141,35226,0.8221598812464747
141,35227,0.8692484930075719
141,35228,0.7780007737485297
141,35229,0.3268047740096703
141,35230,0.4271313211539172
141,35231,1.075690436682782
141,35232,1.1256947109819637
141,35233,0.4481079558441403
141,35234,0.2710556720644
141,35235,0.3791902441186196
141,35236,0.2111026212098065
141,35237,0.21143668578016767
141,35238,0.31207007788774344
141,35239,0.3483410421685687
141,35240,0.14283375619435126
141,35241,0.43431290738252887
141,35242,0.5316783029068889
141,35243,0.7779625499671318
141,35244,0.5919807138319
141,35245,0.604212275623681
141,35246,0.18730734647393424
141,35247,0.1633388031744647
141,35248,0.3835378371520504
141,35301,0.16134891265604542
141,35302,0.23985550937395217
141,35303,0.16794056740292612
141,35304,0.2445583854662724
141,35305,0.1915303372690578
141,35306,0.10825484644027485
141,35307,0.29240850107979743
141,35308,0.1395994457278061
141,35309,0.11727535479984759
141,35310,0.1959249170877347
141,35311,0.28318692269568935
141,35312,0.2025631764700452
141,35313,0.057965994771511806
141,35314,0.7076179143295586
141,35315,0.6282387958537481
141,35316,0.9801268221593008
141,35317,0.4847067489271157
141,35318,1.075154549961471
141,35319,0.626076489031485
141,35320,0.5435397487001534
141,35321,0.9652068370557869
141,35322,0.7407569435223809
141,35323,0.39706890696442537
141,35324,1.0356645766711778
141,35325,0.35974511457023206
141,35326,0.5293979770442041
141,35327,0.9603118936900452
141,35328,0.8142248561291947
141,35329,1.0531772474791214
141,35330,0.9057518661643358
141,35331,0.6069612953329945
141,35332,0.26056284484123404
141,35333,0.42942883979120045
141,35334,0.33410330614098444
141,35335,0.6139021116453639
141,35336,0.2646115378115175
141,35337,1.0833325128547893
141,35338,0.6016655013397871
141,35339,0.8282677001700619
141,35340,0.8168064799899646
141,35341,0.7104314740406994
141,35342,0.40956977415320023
141,35343,0.9424640296968434
141,35344,0.647337791339889
141,35345,0.39745450630531026
141,35346,0.35561751315710133
141,35347,0.3242335604571544
141,35348,0.3319293081884648
141,35401,0.07870686763008086
141,35402,0.1196336844873583
141,35403,0.06230735433347065
141,35404,0.23657237183462942
141,35405,0.1345930306026397
141,35406,0.22106300080440236
141,35407,0.08085074929040582
141,35408,0.3873768770748192
141,35409,0.3182287707458208
141,35410,0.17700620184272364
141,35411,0.12925229367302848
141,35412,0.09302158672732641
141,35413,0.37540632299064836
141,35414,0.6089214103996645
141,35415,0.4769096406880709
141,35416,0.7756093629138026
141,35417,0.4002313681595174
141,35418,0.3561328478454794
141,35419,0.5852698381130654
141,35420,0.8501707345319242
141,35421,0.4870582879816938
141,35422,0.6490180792444917
141,35423,0.32262198235066275
141,35424,0.8577043737186915
141,35425,0.44571223229317747
141,35426,0.6248770647709628
141,35427,0.44455418105145034
141,35428,1.2551667424693365
141,35429,1.4557475938575453
141,35430,1.1070187066231985
141,35431,0.8735231135678725
141,35432,1.0412945179995579
141,35433,0.8996476633138355
141,35434,0.19542844571458748
141,35435,0.5558032699725594
141,35436,0.4831407134631672
141,35437,0.4659026562403135
141,35438,0.32664801307675934
141,35439,0.22818726182453736
141,35440,0.5894917902912385
141,35441,0.3912458389232133
141,35442,0.4372875351505156
141,35443,0.5098295436416496
141,35444,0.5437305926403141
141,35445,0.419906793426862
141,35446,0.34290283742223054
141,35447,0.19993208520317635
141,35448,0.3858547972278198
141,35501,0.16004139785529795
141,35502,0.09206081929871499
141,35503,0.16938223171121677
141,35504,0.28901981199675636
141,35505,0.20941577305621686
141,35506,0.21843443684511096
141,35507,0.17331864395909824
141,35508,0.1261732469902198
141,35509,0.19859074770270832
141,35510,0.18970103535680544
141,35511,0.23493135123527512
141,35512,0.22551911544441766
141,35513,0.49323172868791887
141,35514,0.6132246229100871
141,35515,0.5327693535405417
141,35516,0.6546418742178333
141,35517,0.21888236881131107
141,35518,0.8307297536343088
141,35519,0.22900724911282122
141,35520,0.9264949195710692
141,35521,0.49911970201266825
141,35522,0.41759944954614153
141,35523,0.6079593274872471
141,35524,0.40250454032075966
141,35525,0.6651725639999391
141,35526,0.950439446969961
141,35527,0.9261369748976762
141,35528,0.6206987205171854
141,35529,0.4019288551697812
141,35530,0.6596042080866727
141,35531,0.8477688743663987
141,35532,0.9613753214252259
141,35533,1.1350120832142765
141,35534,0.1421585367225963
141,35535,0.7871328246992272
141,35536,0.4382769416294876
141,35537,0.8072026681171999
141,35538,0.504135829237528
141,35539,0.7850025186022518
141,35540,0.4586861109713938
141,35541,0.3883091538008087
141,35542,0.4931605793520127
141,35543,0.4626329908154522
141,35544,0.4898947336361298
141,35545,0.4035408593530299
141,35546,0.3645862316293624
141,35547,0.469518378417389
141,35548,0.344668481115502
141,35601,0.17204173988597862
141,35602,0.12276476882049102
141,35603,0.11852081991746383
141,35604,0.06750113862477514
141,35605,0.18480716715313428
141,35606,0.12223997236536346
141,35607,0.39388084433188497
141,35608,0.3066126517425048
141,35609,0.08517160440587015
141,35610,0.14284256438995174
141,35611,0.09552246610858438
141,35612,0.24724204268054875
141,35613,0.41201792731717585
141,35614,0.7384349267250713
141,35615,0.4544278275561523
141,35616,0.8124940137697282
141,35617,0.42406443389274917
141,35618,0.6708729057238111
141,35619,0.7736863703370592
141,35620,0.3534320502942707
141,35621,0.922030486725263
141,35622,0.7309717603214683
141,35623,0.6260922794874184
141,35624,0.7151227163743495
141,35625,0.7377485007114076
141,35626,0.31969674384563257
141,35627,0.30127715011790984
141,35628,0.9855873260485983
141,35629,0.9774853565870607
141,35630,0.28297647303977413
141,35631,0.32320093655538
141,35632,0.5378736965146981
141,35633,0.6048018013867401
141,35634,0.3200467691314808
141,35635,0.11085825464697553
141,35636,0.1384108794626391
141,35637,0.2400864551383653
141,35638,0.5096890428274463
141,35639,0.29753558589227236
141,35640,0.44544514650695555
141,35641,0.6832174283516524
141,35642,0.17221921971792695
141,35643,0.3022451545747858
141,35644,0.299558760682669
141,35645,0.2004451772535753
141,35646,0.42676923963913205
141,35647,0.32449399253886446
141,35648,0.1322276851689731
141,35701,0.2550093527597831
141,35702,0.2355020671920168
141,35703,0.26127331391786884
141,35704,0.10109572138925053
141,35705,0.20565485014002238
141,35706,0.43487526974467006
141,35707,0.24682457709704875
141,35708,0.323434535954592
141,35709,0.2785407300227721
141,35710,0.17155624148514972
141,35711,0.11946498691574797
141,35712,0.3304005007132334
141,35713,0.3379721188706054
141,35714,0.8229340637218685
141,35715,0.7114740411017063
141,35716,0.7013970594649215
141,35717,0.8163357616863357
141,35718,0.9420894876321669
141,35719,0.3532547279964718
141,35720,1.1492507459496977
141,35721,0.3326828682747257
141,35722,1.022307486561215
141,35723,0.6546191639318611
141,35724,1.0304556000500507
141,35725,0.43943409165996833
141,35726,0.8832568159357151
141,35727,0.7987415975651859
141,35728,0.46365559603464973
141,35729,0.5760609107293507
141,35730,1.1955036972907958
141,35731,0.38315726597789895
141,35732,0.763001486099828
141,35733,0.4076480045352459
141,35734,0.14965262731127577
141,35735,0.2576178138474354
141,35736,0.38888605371469764
141,35737,0.2868817223113718
141,35738,0.45826260097731997
141,35739,0.6784787951610892
141,35740,0.39900880749608914
141,35741,0.1672299125630855
141,35742,0.3204098745995122
141,35743,0.24956747465959706
141,35744,0.8199553257124994
141,35745,0.33692897315330017
141,35746,0.326233325395157
141,35747,0.43078808406853347
141,35748,0.18556274594214453
141,35801,0.23288522838194317
141,35802,0.2528815621525791
141,35803,0.24143345251706685
141,35804,0.15668076959624178
141,35805,0.09789157552488326
141,35806,0.1286124026264962
141,35807,0.16775304227790602
141,35808,0.2966228789174321
141,35809,0.11988433749535772
141,35810,0.36207968758492803
141,35811,0.114817057883271
141,35812,0.12743759822273443
141,35813,0.260556264559446
141,35814,0.3420565007194552
141,35815,0.7778266026903938
141,35816,0.5309937724221802
141,35817,0.9268680636662137
141,35818,0.5984869316198651
141,35819,0.8842772697589509
141,35820,1.0023429696709767
141,35821,0.3039952299485788
141,35822,1.1640306169624945
141,35823,1.2033457968367662
141,35824,0.38143223205822135
141,35825,0.9219801943287445
141,35826,0.7339398335832661
141,35827,0.7546839298617078
141,35828,1.087990762186635
141,35829,0.5386559781335477
141,35830,1.6908868677343056
141,35831,0.5869458859103132
141,35832,1.242994537277915
141,35833,0.6180347398925223
141,35834,0.1284388433820758
141,35835,0.5143696112237419
141,35836,0.34303063670048267
141,35837,0.5098802024073418
141,35838,0.11965499033262562
141,35839,0.268950896205264
141,35840,0.26263167227909967
141,35841,0.16026091011407512
141,35842,0.23782669531618209
141,35843,1.1890271876747176
141,35844,0.8520902216687487
141,35845,0.3358536763586355
141,35846,0.25647427964251956
141,35847,0.2931546893188757
141,35848,0.41035376780375954
141,35901,0.3211651493692308
141,35902,0.32640124643388785
141,35903,0.3532159815266255
141,35904,0.07082090329802647
141,35905,0.12880929780211203
141,35906,0.12849486703762966
141,35907,0.18897836494588094
141,35908,0.2336780631330433
141,35909,0.10778505992554294
141,35910,0.09579285380736009
141,35911,0.24632939181284685
141,35912,0.27342461289240194
141,35913,0.35832190057676583
141,35914,0.4333704417577578
141,35915,0.33688804417860835
141,35916,0.719599084105507
141,35917,0.6264665530191167
141,35918,0.22201172709997097
141,35919,0.31814258800033296
141,35920,0.7786419284634073
141,35921,1.112572651863966
141,35922,1.120411310166222
141,35923,0.7239082011807412
141,35924,1.0526683106598513
141,35925,0.8629470923301614
141,35926,1.1133053840308835
141,35927,1.1359744927799942
141,35928,0.43305730021757183
141,35929,0.3784317699179237
141,35930,0.4238518278767188
141,35931,0.36685955667692116
141,35932,0.46044768673272907
141,35933,0.40116575547228933
141,35934,0.34683452947259213
141,35935,0.4718625217402404
141,35936,0.20624951008151787
141,35937,0.3035318840811584
141,35938,0.2035126645829354
141,35939,0.09351079508912077
141,35940,0.11956218357384162
141,35941,0.24294108301455766
141,35942,0.3377233029664627
141,35943,0.22771068253173646
141,35944,1.0251429305670696
141,35945,0.7731720652068815
141,35946,1.773918705839125
141,35947,0.9300337420541681
141,35948,2.0983240699536667
141,36001,1.5757193228109796
141,36002,1.0751511483613108
141,36003,1.0578865871144407
141,36004,0.4670923483824841
141,36005,0.40409943909745416
141,36006,1.0483594543548167
141,36007,1.2841864207479696
141,36008,0.6571795872550227
141,36009,0.2944865536164225
141,36010,0.8176585174900626
141,36011,0.24670221602466477
141,36012,1.075949222551062
141,36013,0.797392021868741
141,36014,0.6818266654879479
141,36015,1.458851455143082
141,36016,0.5265174808898564
141,36017,1.2763005755343793
141,36018,0.8988377824655192
141,36019,0.6396674683364373
141,36020,1.3696851176922376
141,36021,1.3461235264831297
141,36022,1.0230717150650321
141,36023,0.4950380090810291
141,36024,0.6421387301103645
141,36025,0.6311904447532062
141,36026,0.8969806139921496
141,36027,1.3288494245466191
141,36028,0.9301895419791906
141,36029,0.6451490277508624
141,36030,0.741909174919841
141,36031,0.6959703750815247
141,36032,0.7639625237883251
141,36033,0.4637287708330445
141,36034,0.4173604816884043
141,36035,0.1063436531486043
141,36036,0.32640208287836664
141,36037,0.102670488686056
141,36038,0.47201759865929643
141,36039,0.47229923376541433
141,36040,0.44649494534559653
141,36041,1.3504649314372854
141,36042,0.19704983281798197
141,36043,0.20123495122947604
141,36044,0.19722357216836855
141,36045,0.166810039317005
141,36046,0.2769201195383728
141,36047,0.1365983055171024
141,36048,0.30486511122523163
141,36101,0.1554872304701389
141,36102,0.1396213704573633
141,36103,0.06689469903687315
141,36104,0.2384722710179318
141,36105,0.1740068824933551
141,36106,0.3556654326968047
141,36107,0.2846784733068929
141,36108,0.18100664545669964
141,36109,0.12725119832028153
141,36110,0.4158566130443625
141,36111,0.3805397247458446
141,36112,0.32475266853365364
141,36113,0.32958838650752126
141,36114,0.9540088949234006
141,36115,0.7282363435437413
141,36116,0.7734985009546791
141,36117,0.6183036433109937
141,36118,0.5337002847692482
141,36119,0.39435953652219957
141,36120,0.43423984995559406
141,36121,0.4197060427284159
141,36122,0.8555205396316471
141,36123,0.6656839301964275
141,36124,0.8397442716814327
141,36125,0.8910535866117608
141,36126,1.2334340280371072
141,36127,0.8727351292460538
141,36128,1.7058412547042823
141,36129,1.6060936284478722
141,36130,0.5761241517334037
141,36131,1.0563859179135022
141,36132,1.0862298510084487
141,36133,0.5945539778324853
141,36134,0.32854023534065546
141,36135,0.30769621192639035
141,36136,1.1728488325063862
141,36137,0.909002336396092
141,36138,1.4381318839684138
141,36139,0.5091555174963355
141,36140,0.5157679122097695
141,36141,0.1856733114223825
141,36142,0.3415927589021978
141,36143,0.32504657843813706
141,36144,0.6080609192936178
141,36145,0.19909197255545538
141,36146,0.48340495468331257
141,36147,0.3082509243156181
141,36148,0.2936785252886745
141,36201,0.23134591911565106
141,36202,0.09818229576937913
141,36203,0.19732408159700793
141,36204,0.25783922073268806
141,36205,0.19029763544270076
141,36206,0.26108825757730736
141,36207,0.10232444880313825
141,36208,0.23508303675582026
141,36209,0.27452570643040125
141,36210,0.1425487249549978
141,36211,0.2467019428735575
141,36212,0.1283973236345158
141,36213,0.33109370048115355
141,36214,0.9566926974067032
141,36215,1.0385656813827875
141,36216,0.4672614099108161
141,36217,0.9586038911320564
141,36218,0.7359462886443695
141,36219,0.4850551306116274
141,36220,0.386094646088536
141,36221,1.2077675583420486
141,36222,0.5896973685845509
141,36223,0.8877120250690314
141,36224,0.4403511115581604
141,36225,1.3671883861824916
141,36226,0.7501369426006703
141,36227,0.38247777613810996
141,36228,0.6385489932718861
141,36229,0.4778286996185068
141,36230,0.375157157457484
141,36231,0.3258892978701077
141,36232,0.6255109516741229
141,36233,0.7931297652901655
141,36234,0.3565311861873476
141,36235,0.48794369765920015
141,36236,0.3368055736637104
141,36237,0.691504877544327
141,36238,1.2593581013821098
141,36239,0.11861804556775916
141,36240,0.2665805106016295
141,36241,0.32374977004748373
141,36242,0.3567034546347803
141,36243,0.6813685037855955
141,36244,0.2979715026481512
141,36245,0.8862062436347201
141,36246,0.28369790364767067
141,36247,0.2494894672579463
141,36248,0.4665927730929048
141,36301,0.38386195824053204
141,36302,0.38021571889755923
141,36303,0.20779069087175303
141,36304,0.11533457706907319
141,36305,0.28695700062542084
141,36306,0.4228790212305671
141,36307,0.1016522472941019
141,36308,0.07091908056290695
141,36309,0.14557274543943408
141,36310,0.24483714221284236
141,36311,0.09246722457195011
141,36312,0.09167037733682294
141,36313,0.1586161683675756
141,36314,0.646083102588877
141,36315,0.6256101144242822
141,36316,0.5465473462830535
141,36317,0.5876815858918225
141,36318,0.5344332377497004
141,36319,0.7284015352705877
141,36320,0.3043204204809159
141,36321,0.9246661218843067
141,36322,0.7735563269450553
141,36323,0.2613538953353158
141,36324,0.5003774608969859
141,36325,0.29398171845458543
141,36326,0.7915395151255753
141,36327,0.8374403035553862
141,36328,0.7972463891584471
141,36329,0.30678265155561407
141,36330,1.0000954471466403
141,36331,0.9289248756896962
141,36332,0.8776228426603664
141,36333,0.5505313024541244
141,36334,0.28038128109535243
141,36335,0.48980566862116237
141,36336,0.3525478566503962
141,36337,0.5112979734310164
141,36338,0.8246198631184173
141,36339,0.24453678010417787
141,36340,0.2556464706635361
141,36341,0.6234239954563618
141,36342,0.4560836282230668
141,36343,0.24273252366707931
141,36344,0.8444131972363824
141,36345,0.40768967332544875
141,36346,0.6246063635843639
141,36347,0.5331104036720954
141,36348,0.5703107541751252
141,36401,0.4552905727103853
141,36402,0.3188876557673938
141,36403,0.48546924614546727
141,36404,0.10257816586434326
141,36405,0.3054820079203216
141,36406,0.3607536443039566
141,36407,0.2728806741054928
141,36408,0.23658783884683085
141,36409,0.27316070641446427
141,36410,0.44102149419210657
141,36411,0.18913134043302032
141,36412,0.35561010194904696
141,36413,0.2237481229467183
141,36414,0.8081443152546526
141,36415,0.30278456502138634
141,36416,0.8937818854256842
141,36417,1.1954818769035245
141,36418,0.756077990400445
141,36419,0.7975710545538917
141,36420,0.5501219783434983
141,36421,0.27274064179725294
141,36422,1.413041977752387
141,36423,0.5589446116543137
141,36424,0.703393415939592
141,36425,0.3641726436622963
141,36426,0.9665348811447649
141,36427,0.6559481301703893
141,36428,0.4307799583686478
141,36429,1.038098980901651
141,36430,0.6592937383250709
141,36431,0.7164696967681016
141,36432,0.7695603842102072
141,36433,0.48264490149108247
141,36434,0.3199323725069671
141,36435,0.23753094052823168
141,36436,0.43047557346180176
141,36437,0.3110627590628789
141,36438,0.18452738912516461
141,36439,0.19448127441140226
141,36440,0.06692609547078163
141,36441,0.15615951163066455
141,36442,0.34402714624880126
141,36443,0.3820875339431092
141,36444,1.0087483512188538
141,36445,1.776417965532483
141,36446,1.273993079050478
141,36447,0.7543509033968461
141,36448,0.496728213195159
141,36501,0.9819152021149963
141,36502,0.9936860220239805
141,36503,0.34695800582414144
141,36504,0.4741766049505583
141,36505,0.2998671818302147
141,36506,0.6500119702686068
141,36507,0.7267174924704265
141,36508,0.8482864232122787
141,36509,0.4026823252757013
141,36510,0.41293532167824765
141,36511,0.4538370885999549
141,36512,0.23775160398821096
141,36513,0.8169154117363355
141,36514,0.625818939505909
141,36515,0.8200325440708558
141,36516,0.5992646948336475
141,36517,0.9499680051874697
141,36518,0.9717837262560577
141,36519,0.6504363097977006
141,36520,0.7383668442479172
141,36521,0.6073978345929857
141,36522,0.612321805954262
141,36523,0.5292990560945994
141,36524,0.3025604410299252
141,36525,0.5341530010525938
141,36526,0.25233441028998765
141,36527,0.5451009513881698
141,36528,0.7940173954182681
141,36529,0.3416000675725247
141,36530,0.8948211263092763
141,36531,0.7493369163779426
141,36532,3.049118415662616
141,36533,2.2111914856545485
141,36534,3.040943760238589
141,36535,2.245585963646791
141,36536,1.1509733193273146
141,36537,2.1459375501840765
141,36538,1.5872082274304538
141,36539,0.236398361869506
141,36540,0.49703547161823575
141,36541,0.7789762388192348
141,36542,0.8630321115463573
141,36543,0.5342906053703493
141,36544,0.5660369078215279
141,36545,1.058531938128797
141,36546,1.008260716004372
141,36547,0.9975595749918649
141,36548,0.598970525920168
141,36601,0.29399640160887375
141,36602,0.45565259187901447
141,36603,0.8756319645441248
141,36604,0.522873550115507
141,36605,0.33340666858169743
141,36606,0.6027456189243907
141,36607,0.8792694305769564
141,36608,0.9467139329190083
141,36609,0.7990136134381223
141,36610,0.683992003247897
141,36611,0.6067491379576119
141,36612,0.5763992567645116
141,36613,0.3078293606662332
141,36614,0.5091001189897209
141,36615,0.24586042583631842
141,36616,0.5822495932015583
141,36617,0.38936976906930015
141,36618,0.3950431527057551
141,36619,0.6911122092343369
141,36620,0.5437844299136323
141,36621,0.7102428444492367
141,36622,0.9370289013228208
141,36623,0.532275511771907
141,36624,0.2913720603792337
141,36625,0.9118594705945147
141,36626,0.474416224256589
141,36627,1.034576809545808
141,36628,0.9719364022633834
141,36629,1.1217017592521157
141,36630,0.41618061836696735
141,36631,0.7932756960288915
141,36632,0.3701485934275326
141,36633,0.9130838267394199
141,36634,3.0030092586694095
141,36635,2.8132744989927243
141,36636,1.56909066898133
141,36637,1.2404923077610737
141,36638,0.904945350892506
141,36639,0.34859237200833393
141,36640,0.3347334891774925
141,36641,0.63073236421791
141,36642,0.6882521525643064
141,36643,0.7289178790318285
141,36644,0.4510149319676738
141,36645,0.27007835957003146
141,36646,0.8004764429852942
141,36647,2.661292206236376
141,36648,1.9639905115724536
141,36701,1.186071428343136
141,36702,0.6511963317581728
141,36703,1.0933413480627712
141,36704,1.2549641070636237
141,36705,0.4338742447024016
141,36706,0.6249460392707361
141,36707,0.6555147959761983
141,36708,0.3271577251251495
141,36709,1.0841410456610738
141,36710,0.5315489675348173
141,36711,0.4503662270866982
141,36712,1.1958500428345313
141,36713,0.4284884470998295
141,36714,1.5554930777045528
141,36715,0.9104183900127142
141,36716,1.3080815908408137
141,36717,0.7109303448768145
141,36718,1.9867143663308064
141,36719,0.6157712482598513
141,36720,1.475667588464234
141,36721,1.266534029802691
141,36722,3.1989409549637613
141,36723,0.6305292514482856
141,36724,0.5927020262618937
141,36725,0.38468340567683174
141,36726,0.5109096112882647
141,36727,0.7377918745106179
141,36728,0.42949733724070627
141,36729,0.82716548999125
141,36730,1.7902590519972976
141,36731,1.5045264497826447
141,36732,0.9589296716170519
141,36733,0.6002545855584798
141,36734,0.11256500996925733
141,36735,0.18607321591759307
141,36736,0.2500457437064985
141,36737,0.2813063031563478
141,36738,0.42529489539048654
141,36739,0.5949904986341062
141,36740,0.8412436815326566
141,36741,0.4703764146017795
141,36742,0.39718986228085723
141,36743,0.5422325363449757
141,36744,0.3300594555947447
141,36745,0.34046717917761593
141,36746,0.7841268954342873
141,36747,0.5175374857261688
141,36748,0.4211884543142721
141,36801,0.32029641477027415
141,36802,0.061581403926562577
141,36803,0.21090569031255252
141,36804,0.11826891527068928
141,36805,0.2726193252584747
141,36806,0.3817299298639597
141,36807,0.16189746968960925
141,36808,0.16247405576332746
141,36809,0.23266745916156356
141,36810,0.2236897119813124
141,36811,0.20122538190079511
141,36812,0.341185259838047
141,36813,0.6002093878287901
141,36814,0.8257740675667681
141,36815,0.852900941707421
141,36816,0.48381181699740033
141,36817,0.28321040237482004
141,36818,0.5619571176724881
141,36819,0.5001300713722019
141,36820,0.3948111840533786
141,36821,0.5806675371836693
141,36822,0.39563784124645573
141,36823,1.1568390164753914
141,36824,0.29519788359239457
141,36825,0.8522970443890285
141,36826,0.769355920661319
141,36827,0.5066873224965988
141,36828,0.8845913381658819
141,36829,0.816525736467911
141,36830,0.759525045057457
141,36831,0.4876898531907526
141,36832,0.32818938655994173
141,36833,0.5498969836309987
141,36834,0.4295953015220207
141,36835,0.4347903134999571
141,36836,0.27582848457818276
141,36837,0.7129868559379937
141,36838,0.6412360119246479
141,36839,0.35154128562656595
141,36840,0.5594891821357932
141,36841,0.5656715798166994
141,36842,0.4731628169893466
141,36843,0.33339530087635005
141,36844,0.5386805452669787
141,36845,0.3726296101340841
141,36846,0.6583077774064552
141,36847,0.15813229906752843
141,36848,0.2274269198292693
141,36901,0.2236024197657871
141,36902,0.09600089980692136
141,36903,0.11425511027174887
141,36904,0.22095894593784746
141,36905,0.335774894992604
141,36906,0.09875984392397058
141,36907,0.12852916328730918
141,36908,0.09646727969326041
141,36909,0.2658474482929148
141,36910,0.08325926110721302
141,36911,0.1258490169462112
141,36912,0.11006581382581491
141,36913,0.406303086604676
141,36914,0.7468199070280207
141,36915,0.6539863954505521
141,36916,0.8839738382605332
141,36917,0.4107189977036081
141,36918,0.5789008180643356
141,36919,0.3652400064304068
141,36920,0.832572026474507
141,36921,1.3630878898631835
141,36922,0.9646030785823431
141,36923,0.4220438404797161
141,36924,0.2802623171329204
141,36925,0.7813335777385416
141,36926,0.8324201513887942
141,36927,1.0681876479856782
141,36928,0.9126615023380403
141,36929,0.6841067005077834
141,36930,0.7768055381197398
141,36931,0.7247897367312695
141,36932,0.7402052309734867
141,36933,1.1683356286586268
141,36934,1.3441228995718273
141,36935,0.5110228336827151
141,36936,0.6176329912367858
141,36937,0.5606462799936642
141,36938,0.35167119726308194
141,36939,1.1110743053563101
141,36940,0.4819547121295482
141,36941,0.603683995934411
141,36942,0.3246069581442909
141,36943,0.3314292600149093
141,36944,0.35642862219900995
141,36945,0.7381858034598532
141,36946,0.3106295192127207
141,36947,0.34044695196044183
141,36948,0.543517518634061
141,37001,0.24241456383355847
141,37002,0.1264197234178072
141,37003,0.3332712695020639
141,37004,0.28889857973113153
141,37005,0.21381746715864355
141,37006,0.1739958227814551
141,37007,0.34263293721524535
141,37008,0.1887607020968312
141,37009,0.23220341582310877
141,37010,0.1623403667645403
141,37011,0.1408946416156721
141,37012,0.2392887095284488
141,37013,0.4662872684816748
141,37014,0.6165467851979436
141,37015,0.8927677314661604
141,37016,0.5849493595625851
141,37017,0.8933946718137512
141,37018,0.8091312100738814
141,37019,0.570228514461978
141,37020,0.8923749054717613
141,37021,0.8742014236583373
141,37022,0.750964431139049
141,37023,0.6285325701692606
141,37024,0.382605770513234
141,37025,0.7970328085393052
141,37026,0.39752584303275035
141,37027,0.7160710458163851
141,37028,0.9755502626440213
141,37029,0.9901181679882184
141,37030,0.2890803431421066
141,37031,0.4261721057028484
141,37032,0.6577005291783791
141,37033,0.13357144358779707
141,37034,0.27715788432160837
141,37035,0.2504743129176418
141,37036,0.132645397206698
141,37037,0.3612375535916728
141,37038,0.5939126952442892
141,37039,0.40718300565863996
141,37040,0.3329480275978463
141,37041,0.8680357778289415
141,37042,1.1270995209960812
141,37043,0.8365333893856993
141,37044,0.7773918645253115
141,37045,0.5989940384441845
141,37046,0.44252375327922794
141,37047,0.14011921226873286
141,37048,0.3500525998314056
141,37101,0.22571200283443293
141,37102,0.11892729819470625
141,37103,0.09343302425666462
141,37104,0.19506960149043123
141,37105,0.2058902608007768
141,37106,0.1723900247074514
141,37107,0.17396782030578958
141,37108,0.14008504538305597
141,37109,0.1053835676552505
141,37110,0.20650062626793744
141,37111,0.1700216396905477
141,37112,0.20492780259962612
141,37113,0.3753556631894982
141,37114,0.6796262743294494
141,37115,0.471747893036434
141,37116,0.46157571113856427
141,37117,0.3924624605172769
141,37118,0.7810746915162049
141,37119,0.9138440000626805
141,37120,0.5025046306706186
141,37121,0.7796379762469148
141,37122,0.807651389966063
141,37123,0.8793583833812791
141,37124,1.0529688619823925
141,37125,0.7035341249885718
141,37126,0.622875686041096
141,37127,0.3259685647355822
141,37128,1.310715422168723
141,37129,1.2134459160924729
141,37130,0.347718830863269
141,37131,1.0143956085366033
141,37132,0.343988845611063
141,37133,0.503949878967747
141,37134,0.1343296847440463
141,37135,0.18574462335303013
141,37136,0.2401303685967922
141,37137,0.4524174237365617
141,37138,0.549031140165155
141,37139,1.0288404971746163
141,37140,0.9016144462301786
141,37141,0.6935314461000855
141,37142,0.17000753598817422
141,37143,0.29318505488101904
141,37144,0.7349311533305226
141,37145,0.5263610943053209
141,37146,0.14913430346648146
141,37147,0.32770092193186956
141,37148,0.18648284898709824
141,37201,0.28435087215628224
141,37202,0.4124793340592742
141,37203,0.18043258777124108
141,37204,0.27959607166103495
141,37205,0.27413985065585494
141,37206,0.21647891333323685
141,37207,0.18604914263523234
141,37208,0.27523200420328764
141,37209,0.27289356412121546
141,37210,0.1224528403819432
141,37211,0.15514636338911317
141,37212,0.17685740343904144
141,37213,0.33499240704181654
141,37214,0.5556883241949567
141,37215,0.7006987804199859
141,37216,0.3647064842786388
141,37217,0.6225957132411747
141,37218,0.9481102439453616
141,37219,1.031174708517664
141,37220,0.7503387084898775
141,37221,0.9164656948351086
141,37222,0.39957329768396943
141,37223,0.39856211337574377
141,37224,1.1776121321748327
141,37225,0.8506857378128408
141,37226,1.5669085703819148
141,37227,0.9086735519125722
141,37228,0.5002507969583407
141,37229,0.24549086656239247
141,37230,0.6306573999727741
141,37231,1.6053687800164433
141,37232,0.6780870429678935
141,37233,0.3542625906902586
141,37234,0.2678559675262478
141,37235,0.24185603831906474
141,37236,0.15823176796883856
141,37237,0.23803484638661726
141,37238,0.28961261800560295
141,37239,1.2373537258832525
141,37240,0.2237926073624469
141,37241,0.533218979510671
141,37242,0.7695477671142482
141,37243,0.537066769587299
141,37244,0.39682158754822244
141,37245,0.27684392767360344
141,37246,0.5484312160737727
141,37247,0.38830758753648587
141,37248,0.16273176438558673
141,37301,0.05774822577591853
141,37302,0.07014551744070269
141,37303,0.33958535208058127
141,37304,0.31557851031511996
141,37305,0.32422986592468245
141,37306,0.3788391884932224
141,37307,0.35899473651036395
141,37308,0.16614002552617746
141,37309,0.11637522792809162
141,37310,0.21207980710112637
141,37311,0.306305410578893
141,37312,0.2688997085695044
141,37313,0.2609650215969806
141,37314,0.6495248920518263
141,37315,0.5441767307255322
141,37316,0.33600200569080085
141,37317,0.6660542900984007
141,37318,0.27441954408352603
141,37319,0.26448854572447794
141,37320,0.2331221220261429
141,37321,0.5352100374954498
141,37322,0.4989896864920422
141,37323,0.825326692526675
141,37324,1.1046930152637868
141,37325,0.8122705847564752
141,37326,1.1958835605707272
141,37327,1.4703498725361497
141,37328,0.856231783379578
141,37329,1.0220387292033148
141,37330,1.1470689234824627
141,37331,0.8567497971824733
141,37332,1.04975131875889
141,37333,0.4709689462701694
141,37334,0.12462708538207137
141,37335,0.26526782863813747
141,37336,0.33412333098069835
141,37337,0.4518562835475062
141,37338,0.29939212211958127
141,37339,0.5056983561077869
141,37340,0.8562897656972172
141,37341,0.49510557158055685
141,37342,0.25372920782215636
141,37343,0.2694609463828712
141,37344,0.2502051526836854
141,37345,0.4076780765080865
141,37346,0.5891074695899743
141,37347,0.7327480711432554
141,37348,0.5315980506502547
141,37401,0.24677453984765646
141,37402,0.19266824157074794
141,37403,0.40862774183399303
141,37404,0.12153167477248544
141,37405,0.2684913207036769
141,37406,0.24601200443935597
141,37407,0.13871949001321937
141,37408,0.2018209704917277
141,37409,0.18104960528828515
141,37410,0.3392333880384426
141,37411,0.14765955823130858
141,37412,0.23451048076697753
141,37413,0.5591483660390429
141,37414,0.6829146950410524
141,37415,1.0116602045228777
141,37416,0.4101785737223148
141,37417,0.9929526319566775
141,37418,0.3591642660911744
141,37419,0.34809820504817135
141,37420,0.5486671964877234
141,37421,0.6046740284594783
141,37422,0.32915346577214866
141,37423,0.45857465091247357
141,37424,0.5310440672130285
141,37425,0.9537404311207415
141,37426,0.8968218456570541
141,37427,0.8987365884163512
141,37428,0.2900534880751247
141,37429,0.307272794194844
141,37430,0.41697930137665873
141,37431,0.40587577927947655
141,37432,0.7757911175355505
141,37433,0.4969776745460777
141,37434,0.3435591448663915
141,37435,0.2590709509661733
141,37436,0.8051228684511852
141,37437,0.7875473163519908
141,37438,0.40437909115813947
141,37439,0.22482613739732685
141,37440,0.7721109523847649
141,37441,0.33160861222974214
141,37442,0.6994792717396915
141,37443,0.20398269583249506
141,37444,0.5964000932174206
141,37445,0.4047944990256399
141,37446,0.25525602615770177
141,37447,0.3855079660735619
141,37448,0.18770515632144436
141,37501,0.3629068484576361
141,37502,0.14835028711941212
141,37503,0.3246796136790232
141,37504,0.30994406035238226
141,37505,0.2919412251963319
141,37506,0.2731310492656203
141,37507,0.15151743022698397
141,37508,0.1448012960599675
141,37509,0.28743579456990437
141,37510,0.27152703634176717
141,37511,0.3457288821557403
141,37512,0.15053401396334612
141,37513,0.6657465983660676
141,37514,1.0217621810012694
141,37515,0.8613201478769383
141,37516,0.6057114725800659
141,37517,0.8423460682337462
141,37518,1.3404569782622018
141,37519,0.38057063375477096
141,37520,1.0384882648024865
141,37521,1.0964449284342592
141,37522,0.9634549734361679
141,37523,0.9431743031212074
141,37524,1.0492002042297217
141,37525,0.2810693618455313
141,37526,0.769078931726494
141,37527,2.594452259407626
141,37528,1.952426667273088
141,37529,1.172136049304106
141,37530,0.7190873017711694
141,37531,0.5567421895837471
141,37532,0.45246801113054336
141,37533,0.4936518783420257
141,37534,0.19450669688368213
141,37535,0.4629676595324083
141,37536,0.5949954202546562
141,37537,0.14735117155708138
141,37538,0.7754925333035706
141,37539,0.5256313062062289
141,37540,0.6876339960725238
141,37541,1.0809046555553423
141,37542,0.6147242495756067
141,37543,0.5548379077476402
141,37544,0.28638980762416927
141,37545,0.3994222212629478
141,37546,0.3349582452261698
141,37547,0.15935477478834478
141,37548,0.2875404724553974
141,37601,0.27024902544177215
141,37602,0.19276805507402386
141,37603,0.2808848578545423
141,37604,0.12450875564265261
141,37605,0.29697897316822125
141,37606,0.30846577651186663
141,37607,0.3366779743092934
141,37608,0.4184468710161726
141,37609,0.3680977518966085
141,37610,0.36119902379590446
141,37611,0.3423164333037468
141,37612,0.16216775304299916
141,37613,0.3780526662227198
141,37614,0.8769445708356691
141,37615,0.643916202103274
141,37616,0.636461659788684
141,37617,0.332409851708121
141,37618,0.8046339682912843
141,37619,0.9355743466427751
141,37620,2.0357538738036696
141,37621,1.3543188598168543
141,37622,2.3309461380304435
141,37623,1.160702939106185
141,37624,0.4925420557543881
141,37625,0.37284749009334656
141,37626,0.293116797353007
141,37627,1.0437097483163416
141,37628,0.273332774801751
141,37629,1.4815877962991901
141,37630,0.7689934011633354
141,37631,1.824872606684544
141,37632,0.4646115313677927
141,37633,0.823889486048143
141,37634,0.8384902974348043
141,37635,0.48815631641854035
141,37636,0.50471816710709
141,37637,0.23331630072989235
141,37638,0.7980581097482156
141,37639,0.8308319653288441
141,37640,0.3000986927377718
141,37641,0.6810353417498015
141,37642,0.37184656954976186
141,37643,0.5910755641378489
141,37644,0.5425570443015705
141,37645,0.46086493280618984
141,37646,0.35759421759679316
141,37647,0.23115191646749614
141,37648,0.3088250172942206
141,37701,0.19869238576711445
141,37702,0.3785254764558277
141,37703,0.2425237746577143
141,37704,0.32723664564863564
141,37705,0.22925114458576099
141,37706,0.2990190732965363
141,37707,0.18218555243398854
141,37708,0.2572728581177412
141,37709,0.14796034970978234
141,37710,0.3231824699367981
141,37711,0.13182971532150978
141,37712,0.116912727477829
141,37713,0.22226163701920573
141,37714,0.3573774748531445
141,37715,0.930855407130754
141,37716,0.847394065999744
141,37717,0.353932198759945
141,37718,0.5481199999873877
141,37719,0.781523717512394
141,37720,0.4396117575209432
141,37721,0.6000860437420111
141,37722,0.3132281613861222
141,37723,0.2689233509662918
141,37724,0.42106811654544196
141,37725,0.8880949299162413
141,37726,0.6820471520596796
141,37727,1.0234742893923154
141,37728,0.9559523064295237
141,37729,0.9739106846787444
141,37730,0.6204074634215353
141,37731,0.46082332780146107
141,37732,1.0424595947783997
141,37733,0.9318953548382576
141,37734,0.3032588580340486
141,37735,0.220793077404614
141,37736,0.20906892485539658
141,37737,0.17097724890788008
141,37738,1.3660304159899366
141,37739,0.6407977405192175
141,37740,0.231004161115764
141,37741,0.4409206567184024
141,37742,0.5663258022880526
141,37743,0.3221549989640561
141,37744,0.2105588445284169
141,37745,0.32310792001088123
141,37746,0.5963219344784659
141,37747,0.2904765442679253
141,37748,0.30624584996141474
141,37801,0.4221373736044242
141,37802,0.32266306331163147
141,37803,0.13280124505152574
141,37804,0.28887440725428104
141,37805,0.1738451575814753
141,37806,0.1473368441316371
141,37807,0.17007771637214789
141,37808,0.3099349178647087
141,37809,0.2898869119818945
141,37810,0.23632115894372768
141,37811,0.22814054091961078
141,37812,0.11707223698880662
141,37813,0.222618217015256
141,37814,0.3961287229978344
141,37815,0.3307082656557457
141,37816,0.6294579219841518
141,37817,0.8105219218161552
141,37818,0.6897652228059952
141,37819,0.5036702351959514
141,37820,0.7518429718772346
141,37821,1.0127510906457826
141,37822,0.8345172098379555
141,37823,0.7728708829996397
141,37824,0.2582592541370583
141,37825,0.8845936316380789
141,37826,0.5452130999939319
141,37827,0.303597543971223
141,37828,0.879687124783424
141,37829,0.3750481806315215
141,37830,0.739699201094169
141,37831,0.5216077770958162
141,37832,0.35902417977699286
141,37833,0.6632339246693386
141,37834,0.123667474550462
141,37835,0.19122762044825728
141,37836,0.2718463536699469
141,37837,0.44419092492066997
141,37838,0.16124980890294585
141,37839,0.36728100991739504
141,37840,0.7867388046130439
141,37841,0.40352064895176387
141,37842,0.8263099675796112
141,37843,0.5874157780285665
141,37844,0.4133274968506008
141,37845,0.25002036739349043
141,37846,0.5473571024810904
141,37847,0.31042009062535625
141,37848,0.4125952534981952
141,37901,0.1035808220347465
141,37902,0.3153972151967528
141,37903,0.19777076350840328
141,37904,0.5024039294418121
141,37905,0.11830112171989944
141,37906,0.1661744600599076
141,37907,0.15618115048697037
141,37908,0.268891590406918
141,37909,0.2674155328945033
141,37910,0.08265247048049039
141,37911,0.22903987934572415
141,37912,0.18012134658536091
141,37913,0.5492534173178139
141,37914,0.9978361313054843
141,37915,0.8904850458202713
141,37916,0.5816412370142308
141,37917,0.7635037016960796
141,37918,0.736344978152137
141,37919,0.7960560601131413
141,37920,0.32506989892547966
141,37921,0.6998927715472293
141,37922,0.2805641285650328
141,37923,0.9280004545354299
141,37924,0.35315410619191173
141,37925,0.511862470928934
141,37926,0.8166386187578483
141,37927,1.1702389273516176
141,37928,0.9667396437425696
141,37929,1.2557942488036757
141,37930,0.6896556813412589
141,37931,0.2833977768517108
141,37932,0.3172241208397492
141,37933,0.4588846495551821
141,37934,0.28674250412790525
141,37935,0.5701363039125147
141,37936,0.7876249008734112
141,37937,0.3949035503125143
141,37938,0.3396575183170759
141,37939,0.9181647168176087
141,37940,0.20270430034862075
141,37941,0.21396261586326626
141,37942,0.264259189589407
141,37943,0.6757558880120589
141,37944,0.3584272643855974
141,37945,0.2700147871970159
141,37946,0.1874684308761878
141,37947,0.3689976217363652
141,37948,0.5524313082082636
141,38001,0.21369270640772134
141,38002,0.5289059269455518
141,38003,0.19611448145853
141,38004,0.19271503241002327
141,38005,0.15448087791168677
141,38006,0.14956197411828162
141,38007,0.3101742319893219
141,38008,0.29699511627072234
141,38009,0.33640808703585984
141,38010,0.1838781647819033
141,38011,0.259677720623413
141,38012,0.138149387099102
141,38013,0.5288148831900643
141,38014,0.5012145870967492
141,38015,0.6572980861851252
141,38016,0.5703190540661858
141,38017,0.6550183625780404
141,38018,0.8861094627991387
141,38019,0.793568577022803
141,38020,0.9050811682305085
141,38021,0.5723597199167515
141,38022,0.7148393463431529
141,38023,0.5630250193608133
141,38024,0.7709429766439992
141,38025,0.29614506991102596
141,38026,0.8984380764401664
141,38027,1.0179123719183067
141,38028,0.8838826197867781
141,38029,0.8605734196707996
141,38030,0.643713763825127
141,38031,0.3744982841706453
141,38032,0.7640915189274387
141,38033,0.7230468863561547
141,38034,0.47545833735766085
141,38035,0.43094152058630647
141,38036,0.3769375236909025
141,38037,0.405311392387635
141,38038,0.527367385767208
141,38039,0.3265307085286677
141,38040,0.24558817721068738
141,38041,0.3592952037768362
141,38042,0.40142418818891584
141,38043,0.29357233607271493
141,38044,0.1645646081182968
141,38045,0.23940954484227622
141,38046,0.21325932077772936
141,38047,0.21289585201862893
141,38048,0.19615288083207594
141,38101,0.2979663657280458
141,38102,0.11501749629206394
141,38103,0.21769563343815754
141,38104,0.2005279346902016
141,38105,0.22751200616138362
141,38106,0.3541920991697531
141,38107,0.33125018854141364
141,38108,0.3072308799610714
141,38109,0.33466314164348243
141,38110,0.1713432629789048
141,38111,0.21888311433367674
141,38112,0.13234154744301466
141,38113,0.5077431049010713
141,38114,1.1507687424497965
141,38115,0.531220497761564
141,38116,0.545063883257698
141,38117,0.5281472065883459
141,38118,0.8226475258323254
141,38119,0.8705872004332681
141,38120,0.2849720024473844
141,38121,0.5263148033427545
141,38122,2.082262930124504
141,38123,2.48797457200822
141,38124,3.7097755053509
141,38125,3.419338364779506
141,38126,2.254495227826159
141,38127,0.8501921182275263
141,38128,2.3082787245206613
141,38129,2.021874346854483
141,38130,1.9854169665847172
141,38131,1.119160633911973
141,38132,0.5139023481097883
141,38133,0.24595931052976297
141,38134,0.37763772338934265
141,38135,3.0095150511263875
141,38136,1.0380632488966077
141,38137,2.3658141974310145
141,38138,3.292511538996803
141,38139,2.3047785514712538
141,38140,0.8986997643603856
141,38141,1.193956965135542
141,38142,0.8151335904243605
141,38143,2.397538386391626
141,38144,2.067268990603152
141,38145,0.6030709902168307
141,38146,0.3083501504835213
141,38147,0.5725932852980755
141,38148,0.16010410999977884
141,38201,0.37705214285535904
141,38202,0.4041515331796661
141,38203,0.3349757025288102
141,38204,0.1354494557167067
141,38205,0.271510599527227
141,38206,0.23711869874544853
141,38207,0.23556510996376098
141,38208,0.06087635004270215
141,38209,0.13555635364057875
141,38210,0.34107713294987585
141,38211,0.4343388749762677
141,38212,0.14733511795782087
141,38213,0.4494098972928128
141,38214,0.5761166039875458
141,38215,0.7900068046213031
141,38216,0.29969064824473424
141,38217,0.4600405087740958
141,38218,0.3210806899636028
141,38219,0.5090825365925802
141,38220,0.7811779574710702
141,38221,0.40622102223063494
141,38222,0.8224256165664832
141,38223,0.44301072990593715
141,38224,0.955461516459292
141,38225,0.26822342186851117
141,38226,2.517164878154836
141,38227,2.8826809485523537
141,38228,1.0615739948518197
141,38229,2.6683738680033424
141,38230,0.9890737391453854
141,38231,1.378464715992527
141,38232,0.9299636056977406
141,38233,0.26362252804413167
141,38234,0.46100979415849974
141,38235,0.220097478225628
141,38236,0.43038012166839235
141,38237,0.8284744909124152
141,38238,0.27633979422602584
141,38239,0.3126032249521632
141,38240,0.28171278230610114
141,38241,0.44134601889154723
141,38242,0.5974635156539794
141,38243,0.3224889264244903
141,38244,0.33922365901602397
141,38245,0.1828899996301529
141,38246,0.16846284809374068
141,38247,0.20420936155139027
141,38248,0.2915872456626573
141,38301,0.17838267428345606
141,38302,0.41174318104752233
141,38303,0.4161703074294094
141,38304,0.25703335954655604
141,38305,0.31095983858037735
141,38306,0.2438111638062313
141,38307,0.09119819294859248
141,38308,0.16062144581880677
141,38309,0.45356855181284006
141,38310,0.3822276446131372
141,38311,0.28531492784011736
141,38312,0.21111419038913828
141,38313,0.1769578417779706
141,38314,1.0512990035031722
141,38315,0.9400907270282678
141,38316,0.5455491251925597
141,38317,0.3964702766698374
141,38318,0.6238421401698788
141,38319,0.9064258773542988
141,38320,0.4904759330403646
141,38321,0.2515340567545243
141,38322,1.0050076694584278
141,38323,1.549968003847988
141,38324,0.9450869398881796
141,38325,0.6973910514679895
141,38326,0.6906556781608258
141,38327,0.9299329897948931
141,38328,0.8507743108134386
141,38329,0.5771076289130624
141,38330,1.0063619082651876
141,38331,0.25676712048171313
141,38332,1.051549860427938
141,38333,0.20383305398910076
141,38334,0.18312619610869413
141,38335,0.5412511698172198
141,38336,0.3570297674934381
141,38337,0.2485271856132159
141,38338,0.4214902782424207
141,38339,0.4735853600228835
141,38340,0.5078749432850428
141,38341,0.7615302645151278
141,38342,0.6598477069767759
141,38343,0.4424736021131487
141,38344,0.6011519073222187
141,38345,0.47920613552597247
141,38346,0.2482017962108185
141,38347,0.3334222525073483
141,38348,0.4622580934814724
141,38401,0.3944121766804119
141,38402,0.1462400027187858
141,38403,0.28202208220475306
141,38404,0.3102058734100159
141,38405,0.2563046229609949
141,38406,0.2652276470268743
141,38407,0.33547687918425917
141,38408,0.25621901571438477
141,38409,0.13612472855708918
141,38410,0.33480968451103515
141,38411,0.2951741661825087
141,38412,0.21816654440124605
141,38413,0.20141239571885172
141,38414,0.6893616254961249
141,38415,0.9494218859568762
141,38416,0.5270321326617015
141,38417,0.9649094815288438
141,38418,0.6051632266616985
141,38419,0.7749589703220385
141,38420,0.7158705561562982
141,38421,0.7639914303059498
141,38422,0.6030414429398501
141,38423,0.30211455476372717
141,38424,0.7170811403497181
141,38425,0.8559676108236839
141,38426,0.5957866559477585
141,38427,0.29794381957812915
141,38428,0.7028502519585449
141,38429,0.2602084004735687
141,38430,0.4215664795499681
141,38431,0.7342183397196218
141,38432,1.190561869138588
141,38433,0.2525330817303968
141,38434,0.2503158654916688
141,38435,0.397935600873861
141,38436,0.3781360002229608
141,38437,1.448994288599299
141,38438,0.7420973744891551
141,38439,0.25592622027414824
141,38440,0.4603015403460469
141,38441,0.5693239228592616
141,38442,0.6116676600340505
141,38443,0.5431611731610634
141,38444,0.3459095341314778
141,38445,0.4050609489909904
141,38446,0.25464820609200844
141,38447,0.30919683059193726
141,38448,0.34554357613943276
141,38501,0.08150877324351363
141,38502,0.4345744647090854
141,38503,0.409185662697434
141,38504,0.21406964639800014
141,38505,0.13053837041254557
141,38506,0.3767542083545979
141,38507,0.3163427113809792
141,38508,0.1808676273558122
141,38509,0.23966948930012497
141,38510,0.07722884331622251
141,38511,0.10993973258807267
141,38512,0.10301207673863035
141,38513,0.21935896187735424
141,38514,0.49775210880434717
141,38515,0.3637750636727652
141,38516,0.8413404872569149
141,38517,0.9422144198199656
141,38518,0.25204010267431526
141,38519,1.0481528826453954
141,38520,0.9623268966935303
141,38521,0.2953672958026158
141,38522,0.8291954492208429
141,38523,0.800222865771847
141,38524,1.0343994012455275
141,38525,1.3826691697544633
141,38526,0.9300062371326189
141,38527,1.2949028471379984
141,38528,0.7252325313209821
141,38529,0.4729884643469414
141,38530,0.7481952808365748
141,38531,0.33539496359067117
141,38532,0.5062379384565168
141,38533,0.20185394769170562
141,38534,0.6299188858235469
141,38535,0.12851368992467532
141,38536,0.23240822706399708
141,38537,0.43364942822561997
141,38538,0.2708760265942047
141,38539,0.3147498692285169
141,38540,0.6426538088840007
141,38541,0.5283449820036984
141,38542,0.1654554408455727
141,38543,0.5537273235586395
141,38544,0.27220258504440303
141,38545,0.2014534553303543
141,38546,0.1351297424094699
141,38547,0.5322255123169923
141,38548,0.14053717157752543
141,38601,0.3915439384983247
141,38602,0.41606080369155246
141,38603,0.11909514717967944
141,38604,0.37056042826558894
141,38605,0.3414562240459817
141,38606,0.4183485734534358
141,38607,0.271578933717068
141,38608,0.28052715680877316
141,38609,0.24360411531680276
141,38610,0.23668014522048894
141,38611,0.15099644742857637
141,38612,0.31057003899566665
141,38613,0.3276891170284442
141,38614,0.33699613411687945
141,38615,0.9622400010116541
141,38616,0.7091565329821831
141,38617,0.6127267024673959
141,38618,0.993764092139143
141,38619,0.6231732751578912
141,38620,0.8740854325124319
141,38621,0.7435357680879189
141,38622,0.563410750702214
141,38623,0.5693080181526217
141,38624,1.0717885791517008
141,38625,0.8244755355978529
141,38626,0.8493405306883979
141,38627,0.4349236329244821
141,38628,0.36025245381926885
141,38629,0.32930635546176806
141,38630,0.7499074080222746
141,38631,1.269317243464415
141,38632,0.6172944565865045
141,38633,0.6844250216977342
141,38634,0.5565708823505958
141,38635,0.4646755046943175
141,38636,0.35656055832669514
141,38637,0.1291317062317547
141,38638,0.22469379406645476
141,38639,0.49015789137377663
141,38640,0.3304592796341231
141,38641,0.17004949985094772
141,38642,0.19113652276564846
141,38643,0.48661423380663493
141,38644,0.23470722891545157
141,38645,0.30888692189435457
141,38646,0.3125376830361626
141,38647,0.17478311567301158
141,38648,0.3514715603820372
141,38701,0.2868639123056968
141,38702,0.31002424444519877
141,38703,0.2505700389712453
141,38704,0.24892981230841318
141,38705,0.11292774710391776
141,38706,0.20653076277907
141,38707,0.2979676109026807
141,38708,0.2406486766454033
141,38709,0.3201792476627252
141,38710,0.23131180363200446
141,38711,0.146283079950798
141,38712,0.1140550531270291
141,38713,0.4965483506466504
141,38714,0.5667625563569288
141,38715,0.2915916134065874
141,38716,0.2962491795043749
141,38717,0.8940175739709
141,38718,0.6718887002151854
141,38719,0.4934065250256664
141,38720,0.48766031255702036
141,38721,0.38772232304603077
141,38722,0.8101944425733089
141,38723,0.8981471524176113
141,38724,0.589006374885302
141,38725,1.2033819545622473
141,38726,0.42848451676994787
141,38727,0.8749079213860697
141,38728,0.5157569714068732
141,38729,1.1730947177939377
141,38730,0.6118334936226405
141,38731,0.43129567200057195
141,38732,0.3135082958957943
141,38733,0.6300101124788638
141,38734,0.45054898815470235
141,38735,0.4488137141506112
141,38736,0.1410180736651734
141,38737,0.16416009937055456
141,38738,0.36485672124190854
141,38739,0.39297010754717676
141,38740,0.2893690695212158
141,38741,0.41870194223710017
141,38742,0.2753940703001616
141,38743,0.3179532347121799
141,38744,0.28631338104359033
141,38745,0.48870117681477654
141,38746,0.3314245728120793
141,38747,0.11435711681481711
141,38748,0.1558918726544404
141,38801,0.3032705971580552
141,38802,0.14405516996826556
141,38803,0.4116803157711559
141,38804,0.407773405547765
141,38805,0.26288113039728866
141,38806,0.13542218293232564
141,38807,0.1752178086224786
141,38808,0.30235305421945957
141,38809,0.22379333403444585
141,38810,0.14667086585592667
141,38811,0.307947283837654
141,38812,0.13416167040651833
141,38813,0.5426811860875053
141,38814,0.9329122433461754
141,38815,0.6227804272374958
141,38816,0.7144873558854057
141,38817,0.9329548901953095
141,38818,0.6035732018045658
141,38819,0.4085028786476704
141,38820,0.5751450871214346
141,38821,0.9054873611632858
141,38822,1.3188185363304028
141,38823,0.3363410262574371
141,38824,1.0035070353342044
141,38825,0.5517843843325214
141,38826,0.9570498079833114
141,38827,0.4770233549511835
141,38828,0.4132793451807836
141,38829,0.5525702165464677
141,38830,0.9133282903497182
141,38831,0.6300057729534366
141,38832,0.6632931137026028
141,38833,0.20531142835551236
141,38834,0.3114130741935052
141,38835,0.45585537323177394
141,38836,0.4803881855405166
141,38837,0.3498633072733818
141,38838,0.4711376057853666
141,38839,0.14652294390591183
141,38840,1.4122472411854095
141,38841,1.2300794019930785
141,38842,0.8612039442941705
141,38843,0.2832182542497455
141,38844,0.2147002264824774
141,38845,0.5320156831752376
141,38846,0.3448519175358782
141,38847,0.5559475120159633
141,38848,0.49753121923384414
141,38901,0.4939505885950802
141,38902,0.28933798285668133
141,38903,0.14645411018215412
141,38904,0.17513311829016331
141,38905,0.16414905073488653
141,38906,0.2635057322061202
141,38907,0.31770473842327424
141,38908,0.38226337840987834
141,38909,0.11473481265075929
141,38910,0.14778911623487867
141,38911,0.1894748167166123
141,38912,0.1705039070047665
141,38913,0.4281364868210673
141,38914,0.8394999718160521
141,38915,0.6792920469139627
141,38916,0.2981722928303948
141,38917,0.822581323247913
141,38918,0.3262093382616537
141,38919,1.14129434653445
141,38920,1.356746339502387
141,38921,0.8826253926934347
141,38922,0.7640935954866656
141,38923,0.9058658855255131
141,38924,0.7193752733300067
141,38925,0.9096833849632698
141,38926,1.3941993029769275
141,38927,2.9353969030953992
141,38928,3.763115052655421
141,38929,1.5095653622129717
141,38930,0.6581709753077979
141,38931,0.5774092265328079
141,38932,0.5405893634424733
141,38933,0.611275346563503
141,38934,0.49191993248117
141,38935,0.2453429429993797
141,38936,0.6005262386795754
141,38937,0.9872683520031249
141,38938,0.3801240106574281
141,38939,0.6336288837536411
141,38940,0.7047395382866114
141,38941,3.183493841234672
141,38942,1.929953430383018
141,38943,0.8738313090472992
141,38944,2.1226413248198077
141,38945,2.7852778096745485
141,38946,0.7010882196209728
141,38947,1.0347219735612476
141,38948,0.9882625271533714
141,39001,1.491227421235663
141,39002,0.3636091279899227
141,39003,1.0986093922643316
141,39004,1.152435280773047
141,39005,1.1004717959581227
141,39006,1.1880377893696672
141,39007,0.9960705180928757
141,39008,0.725310580161837
141,39009,0.7468302577313927
141,39010,1.029990037887795
141,39011,1.0849022762333032
141,39012,0.8464644874581533
141,39013,0.3775559565543695
141,39014,0.5316911236207199
141,39015,1.42590391140672
141,39016,1.151203068097716
141,39017,0.8419286209250662
141,39018,0.5376352163477225
141,39019,0.815131375519158
141,39020,0.7697777478432045
141,39021,0.7380575899611338
141,39022,0.38217257271065924
141,39023,0.6868141611159997
141,39024,1.02030264917781
141,39025,1.194350636251447
141,39026,0.637468899309402
141,39027,1.0254880134620799
141,39028,1.6605533141728737
141,39029,1.6011062839650767
141,39030,1.64725004522289
141,39031,2.9980079866074574
141,39032,2.0178235962211315
141,39033,2.920455018616751
141,39034,1.5786343498590156
141,39035,2.1850897227854023
141,39036,0.8880308875043285
141,39037,0.9212229734124867
141,39038,1.1556617737302035
141,39039,3.2133089326292414
141,39040,0.726316959350677
141,39041,0.4881256690247024
141,39042,0.32851611252121815
141,39043,0.6880747825890351
141,39044,0.6222717746910138
141,39045,0.6571772907313541
141,39046,0.18690121509965757
141,39047,0.47511319883650294
141,39048,0.33850352195363553
141,39101,0.24003436708309842
141,39102,0.15672925822256117
141,39103,0.35366871786091997
141,39104,0.2790838620416611
141,39105,0.35456105168859736
141,39106,0.4514919036702922
141,39107,0.3782512274123565
141,39108,0.2733422010914188
141,39109,0.20927727626689846
141,39110,0.35197490177018337
141,39111,0.20075532545050923
141,39112,0.27862938876783633
141,39113,0.16977035815288935
141,39114,0.40194191489897685
141,39115,0.42342734655778824
141,39116,0.4206129986417736
141,39117,1.0712001680728491
141,39118,0.5299244547534098
141,39119,0.5734159236827581
141,39120,0.49462117360727037
141,39121,0.2761073653758919
141,39122,1.0559300889246719
141,39123,0.9616463544010324
141,39124,0.7927461904460452
141,39125,0.5018053227428744
141,39126,1.1341124911136007
141,39127,0.9040492005151959
141,39128,0.3783723876373086
141,39129,0.5737783243251755
141,39130,0.237900320673198
141,39131,0.49299663883109923
141,39132,0.9264387541780593
141,39133,1.077563199501868
141,39134,0.9326662314030431
141,39135,1.0092406152393594
141,39136,1.9522810001175113
141,39137,0.5789901989163853
141,39138,0.43717850957341914
141,39139,0.5049749636761601
141,39140,0.2679492486775064
141,39141,0.34852454960176116
141,39142,0.5477987832956454
141,39143,0.5916454163775562
141,39144,0.6530675730648794
141,39145,0.4451594808185181
141,39146,0.5618411324558934
141,39147,0.5412360590368727
141,39148,0.5369015637435989
141,39201,0.1746963726252475
141,39202,0.21476095990281033
141,39203,0.26616237116139535
141,39204,0.1693840373395647
141,39205,0.09374491978065073
141,39206,0.14676986233939238
141,39207,0.1590255444771875
141,39208,0.23228404926307067
141,39209,0.2825055434251986
141,39210,0.23402693483991696
141,39211,0.07484491586947321
141,39212,0.36481473569954664
141,39213,0.46712191011246956
141,39214,0.6112105144279997
141,39215,0.7154950259507901
141,39216,0.8380580348313043
141,39217,0.7087553000351722
141,39218,0.7269894115660585
141,39219,0.8222666936859551
141,39220,0.9731554716817288
141,39221,0.41501197792599887
141,39222,0.8543648916485768
141,39223,0.7530137268702047
141,39224,0.8702923896984017
141,39225,0.31830242339203074
141,39226,0.6641003929051832
141,39227,1.0742427822657539
141,39228,0.4717762497108309
141,39229,0.8389302105371922
141,39230,0.32130564270660883
141,39231,1.2941711152479203
141,39232,0.543093360294604
141,39233,0.3133657642018715
141,39234,0.19613652966563522
141,39235,0.3201121842122047
141,39236,0.4943170215115297
141,39237,0.20250451705792338
141,39238,0.2675859654309796
141,39239,0.3418047042363813
141,39240,0.5745123995112165
141,39241,0.7518450717297116
141,39242,0.46953640669104646
141,39243,0.7482950955501407
141,39244,0.45940437175587456
141,39245,0.7344979887057302
141,39246,0.3898256158402681
141,39247,0.2344746486658984
141,39248,0.2082133208547118
141,39301,0.27990393404763597
141,39302,0.22104807823575073
141,39303,0.2653851809154105
141,39304,0.2054989253582655
141,39305,0.10636361008376903
141,39306,0.18742184058372002
141,39307,0.13956655982244306
141,39308,0.20488078220308192
141,39309,0.421034799978988
141,39310,0.15153122330050145
141,39311,0.2626833623778877
141,39312,0.4337246777176242
141,39313,0.2482186582561035
141,39314,0.6185170065098974
141,39315,1.034892398692034
141,39316,0.5161775023547913
141,39317,0.614688330994423
141,39318,0.554640398634944
141,39319,0.8705848415652636
141,39320,0.815223137043956
141,39321,0.39808916394091237
141,39322,0.24530909927665767
141,39323,0.47325458221673977
141,39324,0.6856493333887781
141,39325,0.7358078146403346
141,39326,0.7953529397995645
141,39327,0.3370361509940556
141,39328,0.809301454996402
141,39329,0.2307687838721574
141,39330,0.7773162089374519
141,39331,0.6046336296841441
141,39332,0.6477217352442357
141,39333,0.10780540797444532
141,39334,0.08104337336076961
141,39335,0.2662946459935812
141,39336,0.11031651660643566
141,39337,0.31140444161967895
141,39338,0.4245256650398256
141,39339,0.1492468704402958
141,39340,0.27404721929582265
141,39341,0.14251568939459072
141,39342,0.21273693286805598
141,39343,0.29511061017656165
141,39344,0.132990335327712
141,39345,0.22406916707649635
141,39346,0.2698111691736542
141,39347,0.35903412251967065
141,39348,0.36897526638435735
141,39401,0.28544409810415733
141,39402,0.3695845050488545
141,39403,0.2228830447307202
141,39404,0.18814057375301382
141,39405,0.2337496070294603
141,39406,0.20909763188935554
141,39407,0.1075558855609047
141,39408,0.0758150135082129
141,39409,0.09749512047943562
141,39410,0.23953434551085925
141,39411,0.19423575636566137
141,39412,0.14389449319781664
141,39413,0.4921260025499461
141,39414,0.21831589789298664
141,39415,0.8820966462261528
141,39416,0.2766619281160467
141,39417,0.5476585643857493
141,39418,0.32560155477306923
141,39419,0.49898331747429614
141,39420,0.6300005143225611
141,39421,0.6903441248144216
141,39422,0.7806085787968422
141,39423,0.9099894580162325
141,39424,0.6263520183667068
141,39425,0.9738206270012321
141,39426,0.7525693410387221
141,39427,0.28881539724973887
141,39428,0.28599680627967494
141,39429,0.6144260440406143
141,39430,0.3135705562978028
141,39431,0.4376727049114616
141,39432,0.24948807872521378
141,39433,0.3007109359069363
141,39434,0.19912829651023128
141,39435,0.3890146149913106
141,39436,0.13016895750329224
141,39437,0.3196192779900384
141,39438,0.16315711053424006
141,39439,0.31886107018673054
141,39440,0.1895884330565375
141,39441,0.5335017193531878
141,39442,0.15616923088866128
141,39443,0.1046751269357361
141,39444,0.18341423477579416
141,39445,0.3221441566200848
141,39446,0.34911333496182195
141,39447,0.21317351613722318
141,39448,0.11429221601018229
141,39501,0.11491361302868774
141,39502,0.2926383733160393
141,39503,0.2477560581169012
141,39504,0.22411802886310958
141,39505,0.2889902536897707
141,39506,0.17048882591312395
141,39507,0.17795469971574931
141,39508,0.19579751662445477
141,39509,0.0840112033444094
141,39510,0.060815297864133165
141,39511,0.14534422308514047
141,39512,0.29413279299021694
141,39513,0.2731189208416034
141,39514,0.4148510379607335
141,39515,0.9155663720614283
141,39516,0.7931807590218845
141,39517,0.5803369764006684
141,39518,0.891568492346264
141,39519,0.3141669422226154
141,39520,0.5248012919640376
141,39521,0.3418813151750041
141,39522,0.4394421430674173
141,39523,0.2861099907102502
141,39524,0.803277204121324
141,39525,0.6354197488510298
141,39526,0.7094235587694866
141,39527,0.6917555334374641
141,39528,0.638005670649788
141,39529,0.5520591184021572
141,39530,1.0496533234939245
141,39531,0.5265297537100554
141,39532,0.5725183331168479
141,39533,0.33884040156554923
141,39534,0.2444962873673999
141,39535,0.384327476809833
141,39536,0.23771437072885143
141,39537,0.28497413940012833
141,39538,0.3054398629075763
141,39539,0.3884223248239553
141,39540,0.4128061169877165
141,39541,0.8151495925329132
141,39542,0.2284070336734794
141,39543,0.6859523456027599
141,39544,0.25098695862324544
141,39545,0.21778626773325294
141,39546,0.4155425629499512
141,39547,0.37930891837648106
141,39548,0.22864366676333203
141,39601,0.37794633637467046
141,39602,0.20450339590623745
141,39603,0.5329156211981539
141,39604,0.3159746480011626
141,39605,0.33245734716144715
141,39606,0.2319245461062911
141,39607,0.26950995649207077
141,39608,0.2496540701408347
141,39609,0.07018762233464466
141,39610,0.3012168322703557
141,39611,0.1770783842243718
141,39612,0.08542949899939448
141,39613,0.8930272926436842
141,39614,0.43899536014711427
141,39615,0.9988130557552333
141,39616,0.7446841647763058
141,39617,1.0539757784849584
141,39618,0.7407739943078498
141,39619,0.7701793281220989
141,39620,0.5076691534791448
141,39621,0.9965703507786591
141,39622,0.8991618454598889
141,39623,0.7858547261242438
141,39624,0.6823122714560409
141,39625,0.9782386803362525
141,39626,0.4253984626950281
141,39627,0.2789731960254797
141,39628,0.39173823269137287
141,39629,0.8772771682997726
141,39630,0.33426737359456987
141,39631,0.7685452261336236
141,39632,1.0956344102636002
141,39633,0.302403093091753
141,39634,0.14228260576155607
141,39635,0.36280316235590543
141,39636,0.12554284502850385
141,39637,0.3472076275294243
141,39638,0.33417052315792267
141,39639,0.17455386791428934
141,39640,0.15334997974820733
141,39641,0.43001646163123736
141,39642,0.3531251710844827
141,39643,0.4238882914930176
141,39644,0.794963706865149
141,39645,0.6195018901397902
141,39646,0.3911293963581238
141,39647,0.5643460712711287
141,39648,0.28193977957889904
141,39701,0.4093797144971564
141,39702,0.30765845837887146
141,39703,0.24738893427100164
141,39704,0.15329215475179264
141,39705,0.3332386515064104
141,39706,0.2760597303951067
141,39707,0.21135376965756777
141,39708,0.24131275842677335
141,39709,0.32350441133787694
141,39710,0.19623575429096987
141,39711,0.19316504750174746
141,39712,0.12562729289631522
141,39713,0.5236993689606312
141,39714,0.9037871593598192
141,39715,0.25060349598023707
141,39716,0.8790367426781082
141,39717,0.6267686931590518
141,39718,0.3129938146627429
141,39719,0.5321766230914274
141,39720,0.8466797005741423
141,39721,0.5203320037524439
141,39722,0.3461790874230005
141,39723,0.8666584149952407
141,39724,0.9913641295492917
141,39725,0.7599614625796158
141,39726,0.6735864497763729
141,39727,0.5392089371154518
141,39728,0.37382636387388785
141,39729,0.5225532608955995
141,39730,0.3496486124224381
141,39731,0.8567526081229295
141,39732,0.425066896651564
141,39733,0.1558101691799559
141,39734,0.43050826651603075
141,39735,0.36662422971210484
141,39736,0.22615606107278088
141,39737,0.14421098089486348
141,39738,0.2094694502470892
141,39739,0.2414831749209579
141,39740,0.4777385068542483
141,39741,0.34966325200870246
141,39742,0.34977658265714834
141,39743,0.3031259036030405
141,39744,0.6492932416910812
141,39745,0.6281808713782864
141,39746,0.48739565385905775
141,39747,0.6418827581845686
141,39748,0.1383070370463886
141,39801,0.5162110660695391
141,39802,0.3828628587061521
141,39803,0.3610349560288722
141,39804,0.25300876299495895
141,39805,0.15556047792605507
141,39806,0.4222622394481894
141,39807,0.4087801702454186
141,39808,0.3953946637732691
141,39809,0.3941127556373001
141,39810,0.36302076176439735
141,39811,0.1114951994170757
141,39812,0.2803547456205115
141,39813,0.6781348189334685
141,39814,0.5689710419114702
141,39815,0.551515224363606
141,39816,0.30758929482965097
141,39817,0.30212257833053613
141,39818,0.5016774234486817
141,39819,0.69180236873482
141,39820,1.06536190837751
141,39821,0.871694346743218
141,39822,0.9097606568766623
141,39823,0.47554832827595384
141,39824,0.9503210422842169
141,39825,0.6969149997847259
141,39826,1.092954827503311
141,39827,0.7400678277897982
141,39828,1.7356841346025444
141,39829,0.5025985561071129
141,39830,0.5385973410749602
141,39831,0.5173123340847654
141,39832,0.3676523122107931
141,39833,0.29350940895787775
141,39834,0.39700750340302005
141,39835,0.41673994574382106
141,39836,0.5135932294545466
141,39837,0.2470919502226415
141,39838,0.36408573930716703
141,39839,0.5652406065667444
141,39840,0.2475837073227682
141,39841,0.3916386434484761
141,39842,0.5664658253088595
141,39843,0.41223516741094235
141,39844,0.3757913628275317
141,39845,0.7794993191167952
141,39846,0.39834183870679485
141,39847,0.37064899820616826
141,39848,0.32124773196358086
141,39901,0.4232286999153184
141,39902,0.4075230563131404
141,39903,0.2148446345967849
141,39904,0.2765979519631575
141,39905,0.5410485543375124
141,39906,0.4497107306698618
141,39907,0.258230058966932
141,39908,0.30030508974676995
141,39909,0.19472814094415464
141,39910,0.22743520125165212
141,39911,0.5112255125868125
141,39912,0.21653445199094395
141,39913,0.8378002136077487
141,39914,0.7816892311862754
141,39915,0.7641312169242471
141,39916,0.4747092301362951
141,39917,0.5328231918561573
141,39918,0.9629576506958047
141,39919,0.4312326516668336
141,39920,0.2828353844466233
141,39921,0.6048034756757019
141,39922,0.4809228771194895
141,39923,0.7466898582765062
141,39924,0.9302127748297637
141,39925,0.5235354165519187
141,39926,0.40450553665714506
141,39927,1.0293594236456773
141,39928,0.3700232523417939
141,39929,0.6454718905954843
141,39930,0.9613896575766504
141,39931,0.7928391007336298
141,39932,0.9979785423014994
141,39933,0.38553110476056146
141,39934,0.24704568549004027
141,39935,0.11895727265024741
141,39936,0.20987459733977393
141,39937,0.22074993194395576
141,39938,0.6513122239530663
141,39939,0.6242557160211553
141,39940,0.3122762898448135
141,39941,1.3495438388102488
141,39942,0.9842867177563618
141,39943,0.3149337019891568
141,39944,0.23224755314310322
141,39945,0.5897890983825803
141,39946,0.5669562781906547
141,39947,0.3302808171384648
141,39948,0.49521697033062984
141,40001,0.21977241651228155
141,40002,0.4835054983561243
141,40003,0.37554728574231294
141,40004,0.3452577743427648
141,40005,0.32347925558635193
141,40006,0.41519190112680276
141,40007,0.14829879847379338
141,40008,0.18749182423755276
141,40009,0.32404926864415373
141,40010,0.5024429480604518
141,40011,0.42459378574256956
141,40012,0.34101860832980224
141,40013,0.5563556709639476
141,40014,0.5106760879590891
141,40015,0.3635091710384647
141,40016,0.4335090099527504
141,40017,0.34116630569842443
141,40018,0.34077862339831655
141,40019,0.41252901829097777
141,40020,0.7454739780900089
141,40021,0.789317006250073
141,40022,0.8019130015806752
141,40023,0.6050710542491888
141,40024,0.7403099571007749
141,40025,0.25974557019867656
141,40026,0.4113455351811886
141,40027,0.8533823146022954
141,40028,0.6487312695212266
141,40029,0.27104785210879073
141,40030,0.42995569882874785
141,40031,0.6787127834557841
141,40032,0.3570556165354476
141,40033,0.5005404145978296
141,40034,0.5153927627378811
141,40035,0.5159942901829792
141,40036,0.27791383835863015
141,40037,0.3759970526533141
141,40038,0.26931980159851177
141,40039,0.10855157372268867
141,40040,0.27279043884175824
141,40041,0.18444843876495595
141,40042,0.5552761318656181
141,40043,0.13470684204902875
141,40044,0.17372153926767844
141,40045,0.7078011381082443
141,40046,0.3237954055989588
141,40047,0.6891156462659819
141,40048,0.8638283690834785
141,40101,0.3590674921622597
141,40102,0.16798654102122626
141,40103,0.08761799339362539
141,40104,0.33442303143653196
141,40105,0.27883196778375574
141,40106,0.07124002780959963
141,40107,0.27433223460051137
141,40108,0.309010731985601
141,40109,0.337191614572419
141,40110,0.22117131340503277
141,40111,0.24587152731458833
141,40112,0.41969891737506104
141,40113,0.6125513012301171
141,40114,1.0447391717444898
141,40115,0.44458166358587864
141,40116,0.21413603635748563
141,40117,0.7054842456284898
141,40118,0.5480327349695396
141,40119,0.4004627345324552
141,40120,0.8204126667721063
141,40121,0.6383990354459199
141,40122,0.44426332774449195
141,40123,0.8754977354406182
141,40124,0.4748754157987959
141,40125,0.564125748256364
141,40126,0.5223337974798399
141,40127,0.8864569888256313
141,40128,0.880431787116696
141,40129,0.40478530219735687
141,40130,0.721314518154477
141,40131,1.0844765455355205
141,40132,0.8819237033135665
141,40133,0.5716306639668064
141,40134,0.5556260148421623
141,40135,0.38214535976448244
141,40136,0.6800894548509271
141,40137,0.3564053209798714
141,40138,0.5399512236467761
141,40139,0.24517147178220342
141,40140,0.6055354781457647
141,40141,0.5933483006078963
141,40142,0.5924177990920587
141,40143,0.29926849839502057
141,40144,0.3840994751596792
141,40145,0.863090063411529
141,40146,0.5827974335478066
141,40147,0.6676850483696319
141,40148,0.6603410261182883
141,40201,0.28616597810121885
141,40202,0.3491342958315653
141,40203,0.49650470841910344
141,40204,0.3873849545021824
141,40205,0.2759479429036445
141,40206,0.2803198639573848
141,40207,0.12898742313287737
141,40208,0.313411942008693
141,40209,0.33785927691849654
141,40210,0.25193418045006133
141,40211,0.3095628869972454
141,40212,0.30203032126692053
141,40213,0.4452634259986111
141,40214,0.9531410415265213
141,40215,0.5140290107122455
141,40216,0.2925567345464388
141,40217,0.3837711320627138
141,40218,0.7165809151330227
141,40219,0.7843985354323832
141,40220,0.7681829064474405
141,40221,0.6637983281244237
141,40222,0.22887487316117078
141,40223,0.6011680387879428
141,40224,0.8260898614688825
141,40225,0.6834752928652136
141,40226,0.5956034234455303
141,40227,0.8385052878693194
141,40228,0.5383698878818848
141,40229,0.5685035725483639
141,40230,0.736156493847673
141,40231,0.4555736725899455
141,40232,0.5525961406127936
141,40233,0.5352623659787704
141,40234,0.26651899799075535
141,40235,0.39118832056932146
141,40236,0.49267133663303425
141,40237,0.5249665918298965
141,40238,0.17815021887865817
141,40239,0.41312476078988647
141,40240,0.6419037180248937
141,40241,0.763362633963984
141,40242,0.6220513336219463
141,40243,0.3003329138992565
141,40244,0.636881352192541
141,40245,0.23207944277535847
141,40246,0.5956303850406823
141,40247,0.9011013373909662
141,40248,0.14947958573114212
141,40301,0.5830858511320548
141,40302,0.38071238599983187
141,40303,0.1555104796875133
141,40304,0.2462439921881282
141,40305,0.16912358855826218
141,40306,0.08001263292884758
141,40307,0.13822657877144573
141,40308,0.2890255796520048
141,40309,0.16562240953398852
141,40310,0.084350234270249
141,40311,0.10978901343566727
141,40312,0.12346471304581635
141,40313,0.3049409079906896
141,40314,0.25419515496839745
141,40315,0.14801736526721992
141,40316,0.5995344114128903
141,40317,0.5588544396638101
141,40318,0.17020943341482828
141,40319,0.21750665000141722
141,40320,0.4032622605163326
141,40321,0.2666483965113248
141,40322,0.7031826552830347
141,40323,0.8005853278685159
141,40324,0.24782909779836584
141,40325,0.49130618184809727
141,40326,0.1636426853356326
141,40327,0.681437312374612
141,40328,0.3340869666419398
141,40329,0.2179293950130675
141,40330,0.16422378836993543
141,40331,0.561716782465455
141,40332,0.23349846906477234
141,40333,0.22155542616541415
141,40334,0.12759154200726033
141,40335,0.3457918055805735
141,40336,0.1863474586029576
141,40337,0.22673544258170772
141,40338,0.060215972211574514
141,40339,0.07250716516964897
141,40340,0.3730516585260922
141,40341,0.2663474268325336
141,40342,0.36631976060995103
141,40343,0.2604853907499366
141,40344,0.21521286264749276
141,40345,0.4637838123043437
141,40346,0.2035514630012469
141,40347,0.2193805512149581
141,40348,0.22791763160281972
141,40401,0.10324958324788001
141,40402,0.2944494534720506
141,40403,0.18237247254557282
141,40404,0.054919627913230844
141,40405,0.2359138458548288
141,40406,0.16115527451071257
141,40407,0.2541581354839457
141,40408,0.18490528831652114
141,40409,0.13758963929758952
141,40410,0.1271153777216235
141,40411,0.19647425115488337
141,40412,0.23546626863811473
141,40413,0.21764519534181542
141,40414,0.5484864699969018
141,40415,0.5268945478764321
141,40416,0.4990835387654139
141,40417,0.28330171364503315
141,40418,0.6505700749588286
141,40419,0.26749993581772613
141,40420,0.4412356136839323
141,40421,0.4871830198050511
141,40422,0.584294203463858
141,40423,0.39484341403792855
141,40424,0.41063805567129685
141,40425,0.6640767243490714
141,40426,0.709885566015034
141,40427,0.6992998479291045
141,40428,0.261562903754367
141,40429,0.19522012880152234
141,40430,0.453640741977606
141,40431,0.3974160693144205
141,40432,0.42572087469976166
141,40433,0.18920418628284005
141,40434,0.2651842431090568
141,40435,0.2771563134375069
141,40436,0.2894944959443077
141,40437,0.28083567627948325
141,40438,0.2190100155173382
141,40439,0.11734610281525475
141,40440,0.16268873234121714
141,40441,1.0619606223417928
141,40442,0.7539126329495138
141,40443,0.5035069950431481
141,40444,0.26917776118151676
141,40445,0.5519544902079078
141,40446,0.49101383103350593
141,40447,0.30969737462766206
141,40448,0.11403804257694997
141,40501,0.05082989097807991
141,40502,0.1635173412830075
141,40503,0.2059382330998992
141,40504,0.15896516670641675
141,40505,0.09294597034205779
141,40506,0.39619163244504174
141,40507,0.19161724188349258
141,40508,0.06930648429399631
141,40509,0.20404524483229836
141,40510,0.14943226504311546
141,40511,0.15095650014760847
141,40512,0.2837543307841977
141,40513,0.6480524205537072
141,40514,0.3456488375022842
141,40515,0.17776759702702
141,40516,0.5612076513201137
141,40517,0.16671311096398175
141,40518,0.597324248822863
141,40519,0.4056014621607509
141,40520,0.2165039600111927
141,40521,0.21036430470826661
141,40522,0.31301901155973216
141,40523,0.2430710025496207
141,40524,0.46272492712544055
141,40525,0.5347259844764513
141,40526,0.34209063000915735
141,40527,0.2606927928602221
141,40528,0.17496682087286466
141,40529,0.5217815646488164
141,40530,0.348565408703266
141,40531,0.5810646266040531
141,40532,0.23753682899891995
141,40533,0.1914942419072166
141,40534,0.11470696836581606
141,40535,0.2924674327997517
141,40536,0.29784458829321975
141,40537,0.17712058271294676
141,40538,0.15948584505159943
141,40539,0.0666622044461134
141,40540,0.4305007941202929
141,40541,0.36994205999694474
141,40542,0.9077389351157228
141,40543,0.6712263683117156
141,40544,0.6082934052896348
141,40545,0.6264176711883382
141,40546,0.46637214171193725
141,40547,0.39345754357491475
141,40548,0.3533168343090827
141,40601,0.21703533288426446
141,40602,0.05944080892893334
141,40603,0.2830744456448955
141,40604,0.2611697664506383
141,40605,0.20175870079926903
141,40606,0.12113592507887842
141,40607,0.06780766288262674
141,40608,0.21483739558783332
141,40609,0.12740162676257277
141,40610,0.09875658967314402
141,40611,0.10706987147262072
141,40612,0.14738148337794282
141,40613,0.31839374231071915
141,40614,0.7014538471502436
141,40615,0.6906828837646252
141,40616,0.2561183976470207
141,40617,0.6946732449675594
141,40618,0.7172176399260302
141,40619,0.21629422436497991
141,40620,0.3204995523409075
141,40621,0.4938933540237952
141,40622,0.715110761389394
141,40623,0.42570458296259095
141,40624,0.7458106140293087
141,40625,1.2835629826396786
141,40626,0.5470051156490658
141,40627,0.43995087366315144
141,40628,0.6283414448527347
141,40629,0.7453978701146776
141,40630,1.1738486080624866
141,40631,0.6826920410161049
141,40632,0.28149910172213155
141,40633,0.28815209824913274
141,40634,0.1085358739083714
141,40635,0.3335898027742485
141,40636,0.43138402072569165
141,40637,0.5162886327031143
141,40638,0.6141383360020445
141,40639,0.09233859919284519
141,40640,1.0809003095394185
141,40641,0.723266678481208
141,40642,0.6347592041957167
141,40643,1.3389894761441927
141,40644,0.40500276013459396
141,40645,0.2821288339894994
141,40646,0.6773928499350583
141,40647,0.5642113569165702
141,40648,0.18022219033595563
141,40701,0.16208194782475285
141,40702,0.1527610875093974
141,40703,0.18977460596314466
141,40704,0.1889808175616451
141,40705,0.07509714291821747
141,40706,0.2114522232609845
141,40707,0.08274329715839349
141,40708,0.18335164177329027
141,40709,0.23109520053456684
141,40710,0.21280613294316766
141,40711,0.19673751348305296
141,40712,0.12466580802589998
141,40713,0.18465139184409185
141,40714,0.47609966218495303
141,40715,0.5377895784089076
141,40716,0.665095938071855
141,40717,0.4015379405175042
141,40718,0.2292206907872377
141,40719,0.6177296925258453
141,40720,0.6737997078748527
141,40721,0.41823761152013467
141,40722,0.2150180254312456
141,40723,0.6223303384077801
141,40724,0.7684195251538126
141,40725,0.37474400205835645
141,40726,0.7714681782639837
141,40727,0.4230270264568962
141,40728,0.5793974493860581
141,40729,0.5743041401432377
141,40730,0.7341811525925314
141,40731,0.307273881183823
141,40732,0.5983565215556125
141,40733,0.12048700384913849
141,40734,0.12154359388517375
141,40735,0.294629015707559
141,40736,0.14431494784161153
141,40737,0.34249019712257067
141,40738,0.6375831816912798
141,40739,0.7250892868273141
141,40740,1.4139054887366123
141,40741,0.17854279251961647
141,40742,0.36282409168864627
141,40743,0.19997061913449982
141,40744,0.6346349940070418
141,40745,0.42250292050913524
141,40746,0.1925744684128203
141,40747,0.42012520003498216
141,40748,0.27596536973206803
141,40801,0.23725850168174983
141,40802,0.3735307208158586
141,40803,0.177662323801783
141,40804,0.22926279724139428
141,40805,0.25260309598866026
141,40806,0.13768557870715256
141,40807,0.09992436441250761
141,40808,0.25996223806865215
141,40809,0.42188650022260427
141,40810,0.24095447408245213
141,40811,0.09522427198038856
141,40812,0.28621550193863077
141,40813,0.3594885705934252
141,40814,0.1620023894249014
141,40815,0.937237492899683
141,40816,0.28449798909892626
141,40817,0.8295791903428921
141,40818,0.5296711806119696
141,40819,0.8882771291473591
141,40820,0.7468261767911104
141,40821,0.8063591407099613
141,40822,1.1924662045804673
141,40823,0.9728911488426575
141,40824,0.6552613670775914
141,40825,0.773316293367615
141,40826,0.7940170380228505
141,40827,0.23532060721564535
141,40828,0.6014350422316894
141,40829,0.8777881291375739
141,40830,0.7365549314871466
141,40831,0.6604986120151031
141,40832,0.6280875457427442
141,40833,0.24545335558820985
141,40834,0.15904135845406384
141,40835,0.13120197815360585
141,40836,0.25415826595378693
141,40837,0.13576369639840463
141,40838,0.11421762707026079
141,40839,0.303246060325148
141,40840,0.2687733216176183
141,40841,0.1734203471943887
141,40842,0.16132702788264955
141,40843,0.22821151655227048
141,40844,0.11392468257398879
141,40845,0.3544552869636813
141,40846,0.3948990756065481
141,40847,0.24270456444833347
141,40848,0.07644557550036919
141,40901,0.06845593427728093
141,40902,0.11492141437911657
141,40903,0.27247180803598453
141,40904,0.24262101051205626
141,40905,0.1639903934347076
141,40906,0.11769292592237647
141,40907,0.051878182859939614
141,40908,0.17987234358625692
141,40909,0.2252219874939437
141,40910,0.14071791407328282
141,40911,0.30366036984234296
141,40912,0.09053447867737024
141,40913,0.5375527880942632
141,40914,0.38529686005951186
141,40915,0.49410132806832313
141,40916,0.23182457667219958
141,40917,0.3135072811146281
141,40918,0.5059087689972587
141,40919,0.24862813368612816
141,40920,0.36438752505872807
141,40921,0.32891726525957504
141,40922,0.4418306321992936
141,40923,0.6157679786122545
141,40924,0.314942916645542
141,40925,0.6546719887610266
141,40926,0.33511538344561825
141,40927,0.6833074589269202
141,40928,0.9027440112014196
141,40929,0.6248058484961375
141,40930,1.6463831798337496
141,40931,0.7803720958785031
141,40932,1.4382907171095374
141,40933,0.8339836908155159
141,40934,0.4836426656056506
141,40935,1.1878599443073115
141,40936,1.6133989266684345
141,40937,0.3229288284523736
141,40938,0.2367990568450992
141,40939,0.31006711072691423
141,40940,0.8403737151295292
141,40941,0.5247018957520229
141,40942,0.886683244740612
141,40943,0.6829540089849732
141,40944,1.2470235046689455
141,40945,0.4013019991690488
141,40946,0.4070001139505418
141,40947,0.2508681690700214
141,40948,0.27354846630302854
141,41001,0.2992804489534438
141,41002,0.1080179094162839
141,41003,0.09121464646596665
141,41004,0.07240716989817829
141,41005,0.3072817818226922
141,41006,0.13226195467175875
141,41007,0.2153565679098669
141,41008,0.1980738377589797
141,41009,0.11051238996714145
141,41010,0.08474168915278849
141,41011,0.34022924106349695
141,41012,0.3006003506162827
141,41013,0.3033304080091022
141,41014,0.3521903183533018
141,41015,0.7298990565160707
141,41016,0.4864440685966009
141,41017,0.36843518314962015
141,41018,0.23148550444661503
141,41019,0.6554232199203168
141,41020,0.5742356492699954
141,41021,0.16054653306014968
141,41022,0.393577023308941
141,41023,0.24570097647691433
141,41024,0.30280670316978625
141,41025,0.6322875036219197
141,41026,0.44545780331991636
141,41027,0.35738995851752
141,41028,0.2549831116209395
141,41029,0.5057733257585996
141,41030,0.3192870087872973
141,41031,0.605937595092011
141,41032,1.3717239669941663
141,41033,0.6456299633401176
141,41034,0.3214585778780812
141,41035,0.19191392930311013
141,41036,0.48472688549864734
141,41037,0.2891603774861455
141,41038,0.4423680264813024
141,41039,0.6659928336430629
141,41040,0.26043921333430536
141,41041,0.45168006972418556
141,41042,0.43805810025030795
141,41043,0.4738328073399683
141,41044,0.30791281949652327
141,41045,0.1942933232569835
141,41046,0.5818612428660845
141,41047,0.12975810288625253
141,41048,0.3558829535064621
141,41101,0.09828627265942877
141,41102,0.12280455460765512
141,41103,0.11331947948679956
141,41104,0.06262786296219643
141,41105,0.21861468549211543
141,41106,0.18521171558123756
141,41107,0.2192944198499638
141,41108,0.07953139715883147
141,41109,0.18643093691201817
141,41110,0.08541889243456183
141,41111,0.17855241795716054
141,41112,0.22885505582018012
141,41113,0.2541007622484731
141,41114,0.6009884252507596
141,41115,0.5149884633464907
141,41116,0.31710885738083416
141,41117,0.4587487698041877
141,41118,0.2205562776125417
141,41119,0.7627360965142089
141,41120,0.5899517798562027
141,41121,0.3257876063844836
141,41122,0.48585088409206095
141,41123,0.5432575736994015
141,41124,0.8688398677137615
141,41125,1.1082720637366834
141,41126,1.020077544348479
141,41127,0.7242152935486005
141,41128,0.3782841332116829
141,41129,0.7637083901035381
141,41130,1.3280608532916556
141,41131,1.368902420437985
141,41132,0.40804614607174805
141,41133,0.20844134588395932
141,41134,0.6116116472658883
141,41135,0.15895977992238478
141,41136,0.5054532999200286
141,41137,0.6154470703288196
141,41138,0.4316952563012181
141,41139,1.3460207059438603
141,41140,0.9873799247589296
141,41141,0.26161154922026847
141,41142,0.4850717807464916
141,41143,0.9038647389157054
141,41144,0.2990208640463433
141,41145,0.23343728854868928
141,41146,0.5082355204590469
141,41147,0.4344426773958148
141,41148,0.3014357730479473
141,41201,0.20727454741594126
141,41202,0.10889777695991054
141,41203,0.2787590441173718
141,41204,0.15306536347676303
141,41205,0.28084600692850575
141,41206,0.2015560093589048
141,41207,0.14833339320215663
141,41208,0.060981582994536404
141,41209,0.29861389241192504
141,41210,0.2633020550390774
141,41211,0.24151012311087047
141,41212,0.16886517996432404
141,41213,0.5668176140298421
141,41214,0.7416101904398715
141,41215,0.7167676793756252
141,41216,0.4733529372986751
141,41217,0.6355216767956943
141,41218,0.47401180702512824
141,41219,0.34228995037929766
141,41220,0.28188952488407165
141,41221,0.4242659626912447
141,41222,0.5969899291441222
141,41223,0.7727133742728685
141,41224,0.38848870134451147
141,41225,0.6682066242314844
141,41226,0.24955203205412918
141,41227,0.6365366678566209
141,41228,0.5154732010176847
141,41229,0.30998340802032437
141,41230,0.6378940054952931
141,41231,0.2412643034042633
141,41232,0.750658046645796
141,41233,0.4130493856022802
141,41234,0.16430208466561044
141,41235,0.39117305632747656
141,41236,0.21485535831076225
141,41237,0.19887256448468954
141,41238,0.1332939604098699
141,41239,0.42643206344175116
141,41240,0.7556929103187928
141,41241,0.388671028406061
141,41242,0.43821313163819375
141,41243,0.7168466946325607
141,41244,0.2580873413980847
141,41245,0.40571778354946725
141,41246,0.3283179085571879
141,41247,0.3896166645057804
141,41248,0.2602834434083621
141,41301,0.12055233208236078
141,41302,0.3119235578237229
141,41303,0.2708769361641699
141,41304,0.29576170799983575
141,41305,0.19277940331858448
141,41306,0.12118822863754868
141,41307,0.21473309727405587
141,41308,0.17808998024623884
141,41309,0.2220676487760976
141,41310,0.11923802409715258
141,41311,0.11508388005602115
141,41312,0.43742304818260547
141,41313,0.24937702963359795
141,41314,0.28675671251704443
141,41315,0.6431750748241885
141,41316,0.21567557197319154
141,41317,0.5950465771265943
141,41318,0.5013357925879212
141,41319,0.5037711942423626
141,41320,0.41727535999879595
141,41321,0.3060329456306986
141,41322,0.5902715663275635
141,41323,0.5011331208128145
141,41324,0.5070323795267532
141,41325,0.5243036083245504
141,41326,0.1849108911561
141,41327,0.4858667540882885
141,41328,0.9298100368308158
141,41329,0.9102913289406115
141,41330,0.5575518718563018
141,41331,1.1008760921327183
141,41332,0.4247006222671589
141,41333,0.3097705557067803
141,41334,0.4041346758522627
141,41335,0.3479733504350613
141,41336,0.48634802384502446
141,41337,0.2497134364687506
141,41338,0.8328036586035591
141,41339,1.0826274514426353
141,41340,0.19450044791954826
141,41341,0.24676660166477057
141,41342,0.6933688172033843
141,41343,0.8524230291950068
141,41344,0.7968376173156653
141,41345,0.8784505549931084
141,41346,0.3532959297308998
141,41347,0.256144649688671
141,41348,0.32911503510084317
141,41401,0.4495573531518473
141,41402,0.39645784845896215
141,41403,0.5199065987990886
141,41404,0.3299398735914159
141,41405,0.24241868198981947
141,41406,0.36248980491680644
141,41407,0.16145721062446008
141,41408,0.1454611625258692
141,41409,0.10874712538801487
141,41410,0.16664482310184417
141,41411,0.21567898077180264
141,41412,0.299566982604431
141,41413,0.2702764827767588
141,41414,0.8060445278805365
141,41415,0.5871839517535097
141,41416,0.2376121513666581
141,41417,0.7929117360565944
141,41418,0.2638348417732881
141,41419,0.4484171150469818
141,41420,0.39395105548239423
141,41421,0.16747089781565727
141,41422,0.8207741280101637
141,41423,0.3456263993208392
141,41424,0.4617156005918553
141,41425,0.4906076741087887
141,41426,0.3587043878938225
141,41427,0.2898263068325123
141,41428,0.6512505890155534
141,41429,0.5523608963311042
141,41430,0.881916889931377
141,41431,0.5265640613960225
141,41432,0.8457336419659467
141,41433,0.3337341479750148
141,41434,0.29224218053313816
141,41435,0.45978827712671405
141,41436,0.29000696519526753
141,41437,0.8022546908426182
141,41438,0.1898770767328779
141,41439,0.22407718314872696
141,41440,0.5899593891450001
141,41441,0.2762131545613299
141,41442,0.512104442261777
141,41443,0.5869521150241758
141,41444,0.47780505981451915
141,41445,0.4220606581781104
141,41446,0.22330067495635036
141,41447,0.4209386760234928
141,41448,0.11694456313150378
141,41501,0.2882540208019881
141,41502,0.14607977390009164
141,41503,0.2182319057408478
141,41504,0.20477937534040455
141,41505,0.10807256307229632
141,41506,0.18272930777368168
141,41507,0.12105181903677008
141,41508,0.23209480186678264
141,41509,0.08767168721382515
141,41510,0.19692114109334008
141,41511,0.3244731585099156
141,41512,0.39450066394257466
141,41513,0.17964774513160228
141,41514,0.54237497348569
141,41515,0.3744532864756215
141,41516,0.3938832974944507
141,41517,0.5784040173951046
141,41518,0.6064900822679807
141,41519,0.6979462465692233
141,41520,0.7537176068068243
141,41521,2.9357797094673317
141,41522,1.2512574776339611
141,41523,1.4015481202240543
141,41524,3.4247543649899663
141,41525,1.8825209287353322
141,41526,1.4069649716074384
141,41527,2.1205676921525036
141,41528,3.3828791667459335
141,41529,1.629237530389478
141,41530,0.6631537841953009
141,41531,0.6805665652505877
141,41532,0.506981991977332
141,41533,0.20254006450903078
141,41534,0.09641100930245278
141,41535,0.21139047094816565
141,41536,0.25860124706518534
141,41537,0.20242308245480783
141,41538,0.26808053964272494
141,41539,0.24383237688615017
141,41540,0.17582990419273845
141,41541,0.3953758719180557
141,41542,0.1809320901586194
141,41543,0.3496418713509659
141,41544,1.140372028870621
141,41545,3.2221685702599943
141,41546,1.808814075692222
141,41547,1.0717147443881516
141,41548,1.3904985608707605
141,41601,1.1848218108653572
141,41602,1.3764501171486054
141,41603,1.779290211922783
141,41604,1.3855442836941152
141,41605,2.321441187337723
141,41606,1.9658645126990515
141,41607,0.6997264025595573
141,41608,2.094282585072825
141,41609,1.6850862499054757
141,41610,0.9198505655263288
141,41611,0.8700875949245208
141,41612,0.887629896889766
141,41613,1.2856718485186027
141,41614,2.0621059582486723
141,41615,1.7901342431184357
141,41616,1.7298705263653433
141,41617,1.1513468730386134
141,41618,1.738981460799394
141,41619,1.7502929899727222
141,41620,2.3912365208825657
141,41621,1.8733507414906851
141,41622,1.7348601678492892
141,41623,1.1132773542906744
141,41624,3.6339737531531133
141,41625,2.789484123162635
141,41626,3.4596888263655323
141,41627,3.3807998321998154
141,41628,3.533482332361792
141,41629,1.6897142124316582
141,41630,2.7307354654237774
141,41631,2.4189929513442934
141,41632,0.14070033223506467
141,41633,0.35607203912373514
141,41634,0.5192117054959046
141,41635,0.29986919510781934
141,41636,0.6802903038880587
141,41637,2.118702669016861
141,41638,1.4598392887884601
141,41639,1.5922702322088849
141,41640,3.3893124493474787
141,41641,3.736828819538354
141,41642,1.9265287902440822
141,41643,1.5097145462240444
141,41644,0.734280227563944
141,41645,0.29207180896009677
141,41646,0.3357209665638759
141,41647,0.6199264665116817
141,41648,0.3103574800929808
141,41701,0.3262006768043738
141,41702,0.35874606018836064
141,41703,0.1845968427019797
141,41704,0.3652413484106863
141,41705,0.24515796922562194
141,41706,0.47590524999588385
141,41707,0.35852509937935456
141,41708,0.15792723042889414
141,41709,0.302936931557648
141,41710,0.22912755268491491
141,41711,0.20668781318082263
141,41712,0.3027564943192184
141,41713,0.8474492512226066
141,41714,0.46166633065774676
141,41715,0.31330605260000216
141,41716,0.2533253801158107
141,41717,0.405992485963069
141,41718,0.2810813299299969
141,41719,0.5869833791397782
141,41720,0.6666526680568189
141,41721,0.46305943471683314
141,41722,0.2898827422668916
141,41723,0.6403098807271401
141,41724,0.5380645032503668
141,41725,0.6880792306976123
141,41726,0.49170460473255356
141,41727,0.4014890217413669
141,41728,0.6252964209300589
141,41729,0.5901484856177031
141,41730,0.4534055384558318
141,41731,0.7896113179405992
141,41732,0.4905731640996338
141,41733,0.44905355768628386
141,41734,0.1500309397660593
141,41735,0.3433320967574313
141,41736,0.3315761448247677
141,41737,0.20403751056293143
141,41738,0.30997929981058764
141,41739,0.543232806420694
141,41740,0.7568165617255762
141,41741,0.2799243225921091
141,41742,0.43500266952665106
141,41743,0.7438755616411373
141,41744,0.32340767022766576
141,41745,0.1688456117036442
141,41746,0.39579893250599013
141,41747,0.5393692553364511
141,41748,0.2832244707716789
141,41801,0.15703174771585113
141,41802,0.1400748584307589
141,41803,0.2962633820178108
141,41804,0.0961118814914647
141,41805,0.18197428964359794
141,41806,0.06206447790764283
141,41807,0.08955936632506546
141,41808,0.391472484627315
141,41809,0.14978879568093129
141,41810,0.12733661708548655
141,41811,0.11028933721566353
141,41812,0.12997630173728303
141,41813,0.628250163014939
141,41814,0.7474593817955724
141,41815,0.3402870815314468
141,41816,0.33090367950452815
141,41817,0.5077009521975082
141,41818,0.22852807958856022
141,41819,0.2955563960697855
141,41820,0.5685194447548436
141,41821,0.3392017366893253
141,41822,0.8546914039577488
141,41823,0.4751186235169798
141,41824,2.0303594985687683
141,41825,1.186220781077331
141,41826,1.6942490275461182
141,41827,0.685448658260976
141,41828,0.5768446546594658
141,41829,0.7623868538744373
141,41830,0.715765607310206
141,41831,1.4197074813035464
141,41832,0.5499588820824755
141,41833,0.7113633038519436
141,41834,0.5723622049901522
141,41835,0.27208550265952797
141,41836,0.2270847928290765
141,41837,0.3220649081679588
141,41838,0.7437593681666801
141,41839,0.7194128690015918
141,41840,0.8880586677799681
141,41841,0.7768635402700136
141,41842,0.3545091929566198
141,41843,0.45989497990194217
141,41844,0.4657406215203683
141,41845,0.5938918797679738
141,41846,0.3399227544585362
141,41847,0.17518381972494204
141,41848,0.177543435599244
141,41901,0.21599933069464725
141,41902,0.15038860868395001
141,41903,0.09902775874868798
141,41904,0.1850558200289275
141,41905,0.10822282990688009
141,41906,0.2245756028029462
141,41907,0.22695894497205046
141,41908,0.1537271729846035
141,41909,0.07451246488276546
141,41910,0.18442936292331327
141,41911,0.306893019254962
141,41912,0.17908793491023708
141,41913,0.5411141755997014
141,41914,0.3287585313215656
141,41915,0.4164930252966872
141,41916,0.3496957754140204
141,41917,0.5839297961729363
141,41918,0.46857154063077733
141,41919,0.48364016204884036
141,41920,0.3639919660593598
141,41921,0.5424218111391463
141,41922,0.3160126432394093
141,41923,0.5668990125928289
141,41924,0.6037285716627384
141,41925,0.5477123722920583
141,41926,0.5882435473504961
141,41927,0.2737036016548359
141,41928,0.37634407181476454
141,41929,0.5105173700051978
141,41930,0.7086297905639466
141,41931,0.44206223927433386
141,41932,0.9657987474588707
141,41933,0.694344602004111
141,41934,0.27535416582025046
141,41935,0.4909166548760715
141,41936,0.4438176973390449
141,41937,0.24019434158634786
141,41938,0.3214635719534478
141,41939,0.8331729296630441
141,41940,0.8898459410559085
141,41941,0.501230462884548
141,41942,0.21101954000985265
141,41943,0.4787454872997358
141,41944,0.19042665048384552
141,41945,0.21320798819550613
141,41946,0.2896970533507054
141,41947,0.31407161915972387
141,41948,0.4109587782257076
141,42001,0.3665118445071794
141,42002,0.17427824177391965
141,42003,0.3129494982647232
141,42004,0.4474293048975101
141,42005,0.30446376771793215
141,42006,0.1779868809103529
141,42007,0.126466432363665
141,42008,0.23540613399356347
141,42009,0.14203990180897075
141,42010,0.117101519646219
141,42011,0.27420124756470976
141,42012,0.3468682667212953
141,42013,0.4402608261590159
141,42014,0.6178027377036124
141,42015,0.6328873684059858
141,42016,0.7962873179816142
141,42017,0.8319259429577749
141,42018,0.3293366874991905
141,42019,0.48726986531438293
141,42020,0.33253647331128267
141,42021,0.44049739506815155
141,42022,0.6410638430181119
141,42023,0.657093414534074
141,42024,0.39924153258893247
141,42025,0.5614779945245402
141,42026,1.0860922930498742
141,42027,1.171286721624667
141,42028,0.6421750814267027
141,42029,1.5170091237843182
141,42030,0.32421021411357526
141,42031,1.1024981146380173
141,42032,0.9442150858387106
141,42033,0.2971933446142346
141,42034,0.4562023568960288
141,42035,0.22455537846572962
141,42036,0.26787639938672936
141,42037,0.32520459482080566
141,42038,0.4433154975303307
141,42039,1.0983180982619454
141,42040,0.23678499650190568
141,42041,0.6194864774154571
141,42042,0.9287924179804247
141,42043,0.6722698613186878
141,42044,0.8410720120299883
141,42045,0.42481998181035596
141,42046,0.4872228578909062
141,42047,0.13440152865947208
141,42048,0.19151571019286603
141,42101,0.2187917128993133
141,42102,0.10662285568447115
141,42103,0.2950041372541588
141,42104,0.30425925390856234
141,42105,0.193113014261459
141,42106,0.14320807656704534
141,42107,0.07741823660359363
141,42108,0.2729799338742531
141,42109,0.14520534670270022
141,42110,0.23189174829459316
141,42111,0.12657042081859948
141,42112,0.33999885628261767
141,42113,0.4139706968420959
141,42114,0.3319461177821303
141,42115,0.8874892603814739
141,42116,0.34361594530916845
141,42117,0.5074098273598638
141,42118,0.49358665131200097
141,42119,0.31566728205806016
141,42120,0.21769844095948654
141,42121,0.35458823974983655
141,42122,0.380856375548829
141,42123,0.7521101032456904
141,42124,0.5528893867562935
141,42125,0.3605572081621537
141,42126,0.7239907797255439
141,42127,0.4676429338920226
141,42128,0.4751975079985858
141,42129,0.7925269572046513
141,42130,0.5391407943549963
141,42131,0.7203731307159909
141,42132,0.7143106163127343
141,42133,0.3544739124160754
141,42134,0.42759529639273586
141,42135,0.7919479967208701
141,42136,0.8567903997640401
141,42137,0.32222453830763703
141,42138,0.13330295406708678
141,42139,0.47931935109910634
141,42140,0.6268634768405162
141,42141,0.3734076109775585
141,42142,0.6728325941494572
141,42143,0.17273841675004786
141,42144,0.2620970310953335
141,42145,0.4537859182214164
141,42146,0.18879072235644032
141,42147,0.461502562019924
141,42148,0.42568007810531944
141,42201,0.5002992285665357
141,42202,0.29595153647270384
141,42203,0.08686900708877532
141,42204,0.23814229188643699
141,42205,0.2956783524121982
141,42206,0.19139085625525937
141,42207,0.2552574265543288
141,42208,0.2673918775237747
141,42209,0.06522296495539544
141,42210,0.2013064088714558
141,42211,0.22784736606404216
141,42212,0.10820053117533314
141,42213,0.39236620721972354
141,42214,0.37323638283944705
141,42215,0.3431418562803774
141,42216,0.5080001996119173
141,42217,0.22725361761641236
141,42218,0.532757009175377
141,42219,0.9115881852190241
141,42220,0.3442149093849253
141,42221,0.6039472232174663
141,42222,0.6460441965786962
141,42223,0.27436834318036085
141,42224,0.5069191112914767
141,42225,0.588557581210173
141,42226,0.9631672217319293
141,42227,0.8641496938789301
141,42228,1.546644998691436
141,42229,3.33659739487794
141,42230,3.0412597169081876
141,42231,2.9795598153682703
141,42232,3.5382679270836377
141,42233,2.0923332961653407
141,42234,0.7097274243093098
141,42235,2.6525572863388467
141,42236,0.7389518444461672
141,42237,1.6320292683589128
141,42238,2.1261459317026787
141,42239,1.3947658019320575
141,42240,0.3186797505886311
141,42241,0.38155830224974063
141,42242,0.14374454289662195
141,42243,0.37546706265417773
141,42244,0.25173100123614833
141,42245,0.6324341942689023
141,42246,0.3359181170320277
141,42247,0.4925273532006392
141,42248,0.2593458422575909
141,42301,0.2506392635233078
141,42302,0.21428201218640444
141,42303,0.08906585782427334
141,42304,0.21843284129837812
141,42305,0.2470499107084669
141,42306,0.11337585733411754
141,42307,0.1930917451085404
141,42308,0.1798238925408042
141,42309,0.15583011600887445
141,42310,0.08372168974112322
141,42311,0.3760756214157757
141,42312,0.1105790798588223
141,42313,0.47570433474374424
141,42314,0.3639587501832317
141,42315,0.45685138577394696
141,42316,0.5172058164459153
141,42317,0.5486631675239757
141,42318,0.3550491977851771
141,42319,0.7689316716488597
141,42320,0.5048613023643633
141,42321,0.5285555329744136
141,42322,0.7361516308616257
141,42323,0.38572605202975974
141,42324,0.3189456197103201
141,42325,1.0360495056477346
141,42326,0.6949241136104292
141,42327,0.221969025923644
141,42328,0.763351787165558
141,42329,0.8574900124439844
141,42330,0.49137219880388544
141,42331,0.3261165725083976
141,42332,0.41146602961294665
141,42333,0.6027799198521451
141,42334,0.2986557070732021
141,42335,0.18744920448713592
141,42336,0.8221928598225373
141,42337,0.7346442500181549
141,42338,0.3406155908971134
141,42339,0.7334906150359755
141,42340,1.1612055021533556
141,42341,0.3637811598217209
141,42342,0.6173848535394876
141,42343,0.6843768379247436
141,42344,0.6080566540179952
141,42345,0.18453665652418497
141,42346,0.20519880850569075
141,42347,0.29664338101294374
141,42348,0.21042920895582165
141,42401,0.24104655703589228
141,42402,0.1854049949906934
141,42403,0.16694039757164822
141,42404,0.3443164278025226
141,42405,0.17811324978360116
141,42406,0.16860089206560724
141,42407,0.2480524472438726
141,42408,0.14817420032739584
141,42409,0.24729172266597488
141,42410,0.3544555893937167
141,42411,0.3370689268959054
141,42412,0.18111626242891204
141,42413,0.1376294619562026
141,42414,0.2376095540925877
141,42415,0.6474479681139116
141,42416,0.24785534991924443
141,42417,0.350371806096917
141,42418,0.3788274450072835
141,42419,0.5267503414367984
141,42420,0.6296918554554254
141,42421,0.4429456504502195
141,42422,0.2799968571831869
141,42423,0.2940347972242723
141,42424,0.6451679220003373
141,42425,0.24589025151053986
141,42426,0.6469073761949039
141,42427,0.3468877240882084
141,42428,0.4672122006706922
141,42429,0.31576286882596105
141,42430,0.6885112708573659
141,42431,0.726332630794374
141,42432,0.44403063269879944
141,42433,0.30956609456093914
141,42434,0.16506779536570837
141,42435,0.5529161084091665
141,42436,0.37142926818747163
141,42437,0.6479461806929943
141,42438,0.31490003035008207
141,42439,0.5033734789207058
141,42440,0.7797989021378896
141,42441,0.7501677538785946
141,42442,0.2797297567381981
141,42443,0.532370226743269
141,42444,0.22446799046584237
141,42445,0.42095364587524775
141,42446,0.2633812691961727
141,42447,0.14137842713688822
141,42448,0.12499070936523635
141,42501,0.20204237560412738
141,42502,0.18293031752723352
141,42503,0.20067609319583796
141,42504,0.09745914495711594
141,42505,0.2815335310617243
141,42506,0.3158784768406827
141,42507,0.44340503899554123
141,42508,0.30061998390101446
141,42509,0.09253198180182313
141,42510,0.35921648706977954
141,42511,0.13497090631310005
141,42512,0.07732564253156232
141,42513,0.45081472513131227
141,42514,0.20649832068830554
141,42515,0.9136332630475028
141,42516,0.6981649961732519
141,42517,0.5750522113433673
141,42518,0.5538756138624957
141,42519,0.5412391743443152
141,42520,0.40781416467990517
141,42521,0.9353159810822254
141,42522,0.5678309882179131
141,42523,0.5349906509449597
141,42524,0.3714897993339706
141,42525,0.7780985310214174
141,42526,0.3378243684006779
141,42527,0.6681805355052038
141,42528,0.37613360425660053
141,42529,1.5542009951264673
141,42530,0.6306324025615391
141,42531,0.876633671595787
141,42532,0.639152693356163
141,42533,1.8767280653561613
141,42534,2.7306328919950507
141,42535,1.8670612787163225
141,42536,3.043682942758206
141,42537,0.9652543868116642
141,42538,0.8110132096399886
141,42539,0.6026617656161686
141,42540,0.28847694074159325
141,42541,0.6972740126025302
141,42542,0.38225686522235175
141,42543,0.27417064016517145
141,42544,0.5342630193120954
141,42545,0.4317537555869967
141,42546,0.4839912374038609
141,42547,0.3896033780006246
141,42548,0.20887512415490098
141,42601,0.16097453330150632
141,42602,0.2039760742515552
141,42603,0.37550801161313746
141,42604,0.2794371774333157
141,42605,0.39450524748104676
141,42606,0.10363200326120678
141,42607,0.10078775463181103
141,42608,0.10685137620465504
141,42609,0.10970118919549125
141,42610,0.2962379970904067
141,42611,0.2253264416248203
141,42612,0.2006179122839035
141,42613,0.620086491437599
141,42614,0.3450688357815658
141,42615,0.720655566915663
141,42616,0.46083482087398586
141,42617,0.30281756418950634
141,42618,0.6646859825935532
141,42619,0.5504135945164005
141,42620,0.28647762814069305
141,42621,0.6892793126503785
141,42622,0.3329780504918244
141,42623,0.5369383190326165
141,42624,0.2491468873582238
141,42625,0.45371593205629135
141,42626,0.6802424700874783
141,42627,0.563948720282543
141,42628,0.3041527965358342
141,42629,0.3520918660922969
141,42630,0.6905317759083853
141,42631,0.6557814532660264
141,42632,0.47004034499104275
141,42633,0.45187500020538607
141,42634,0.4649226027241019
141,42635,0.26103402820719784
141,42636,0.13862963883454926
141,42637,0.37151162981528396
141,42638,0.4833991813997579
141,42639,0.5279714193703806
141,42640,0.20592592364735865
141,42641,0.2400679234794818
141,42642,0.6257016110396448
141,42643,0.5482381010483948
141,42644,0.15888337835098676
141,42645,0.15017142024976635
141,42646,0.29732418544906786
141,42647,0.1028022522197417
141,42648,0.2097613752117902
141,42701,0.21897579029262298
141,42702,0.18660959990855452
141,42703,0.10577146986960882
141,42704,0.12078545856455374
141,42705,0.19448625995805643
141,42706,0.0780583366892341
141,42707,0.0805253771568973
141,42708,0.12241068758782296
141,42709,0.26272454235621706
141,42710,0.18741494542885945
141,42711,0.13965607167056024
141,42712,0.1573171881130285
141,42713,0.7251882239136642
141,42714,0.36322824488280664
141,42715,0.4092421975599058
141,42716,0.6469368340854116
141,42717,0.4003270523974829
141,42718,0.7328169625758623
141,42719,0.6573660325554584
141,42720,0.49996698273014467
141,42721,0.2738151728727993
141,42722,0.9414426743345572
141,42723,0.7197646673184751
141,42724,0.20679542583448002
141,42725,0.7324254086732808
141,42726,0.2965313648019493
141,42727,1.2056340228800337
141,42728,0.5966071834565642
141,42729,0.5803851936679789
141,42730,0.5217899694175802
141,42731,0.25825180058972325
141,42732,0.9564520308368232
141,42733,0.2926019323763919
141,42734,0.27078993568455084
141,42735,0.14489995543214376
141,42736,0.46062262976266505
141,42737,0.42749544117998267
141,42738,0.6187503611022215
141,42739,0.8852134992480366
141,42740,0.7414295402458116
141,42741,0.45801514253878345
141,42742,0.217188460102349
141,42743,0.3518340713177298
141,42744,0.5393030776793325
141,42745,0.20949885867277107
141,42746,0.4317317508967127
141,42747,0.2672532283568139
141,42748,0.39418853917951807
141,42801,0.16641302667850738
141,42802,0.17386793660731262
141,42803,0.11276215001656775
141,42804,0.2707355999097717
141,42805,0.1452741633088485
141,42806,0.39453812305655633
141,42807,0.38763938246431984
141,42808,0.12967528279555934
141,42809,0.14554116462145342
141,42810,0.20489292024149394
141,42811,0.11808844296429788
141,42812,0.2546846981098462
141,42813,0.4254603109452228
141,42814,0.5911078612239732
141,42815,0.32304055699096934
141,42816,0.4277318035181099
141,42817,0.1755334705141175
141,42818,0.7086572940813678
141,42819,0.30821047782558586
141,42820,0.4835131773753486
141,42821,0.3168602862883523
141,42822,0.42783758298603647
141,42823,0.2546638669352542
141,42824,0.5470649226840021
141,42825,0.24551283234711477
141,42826,0.8537604851660618
141,42827,0.31207297338684864
141,42828,0.3177309904229657
141,42829,0.5549555973679192
141,42830,0.39921630252658985
141,42831,0.6286281206647765
141,42832,0.673712698994621
141,42833,0.6350961116624857
141,42834,0.31101582823330143
141,42835,0.6468691180599997
141,42836,0.7049531142049043
141,42837,0.5100925656429037
141,42838,0.2554119737313973
141,42839,0.16748609544890028
141,42840,0.7750184376165117
141,42841,0.7670682151893414
141,42842,0.6047678080611084
141,42843,0.3347058232294153
141,42844,0.6707072597440829
141,42845,0.537569774953118
141,42846,0.28388234556162933
141,42847,0.0931197816137396
141,42848,0.14610768893983672
141,42901,0.28901901820888076
141,42902,0.1465023945162382
141,42903,0.13623322694717518
141,42904,0.12039497851574263
141,42905,0.2589731164395537
141,42906,0.26857514305364516
141,42907,0.2035388562565664
141,42908,0.13570953771690242
141,42909,0.1733254224573644
141,42910,0.31515801129703386
141,42911,0.20315073841461362
141,42912,0.14104965031776764
141,42913,0.6240024506783943
141,42914,0.16261328355580396
141,42915,0.584456447464257
141,42916,0.605358369282098
141,42917,0.4242301520476855
141,42918,0.7966751259587993
141,42919,0.587361696782071
141,42920,0.2298016575427422
141,42921,0.31328331881641686
141,42922,0.21273247850763222
141,42923,0.6637052628444803
141,42924,1.0225004595363245
141,42925,0.42072040449526754
141,42926,1.4852321422583088
141,42927,0.6777787932828343
141,42928,0.30587925912327324
141,42929,0.27715920514498915
141,42930,0.24599931767449001
141,42931,0.703850999435952
141,42932,0.5416671018934263
141,42933,0.2568530531377252
141,42934,0.4985883570511728
141,42935,0.1769889470925705
141,42936,0.3292326099206906
141,42937,0.29895789501178327
141,42938,0.2610070907237847
141,42939,0.21712027037127568
141,42940,0.312698360212314
141,42941,0.4141554408707045
141,42942,0.2531815906517048
141,42943,0.5905516543538508
141,42944,0.1408839221528146
141,42945,0.6188009425092995
141,42946,0.2722052774789338
141,42947,0.19500575114734986
141,42948,0.0866695199862859
141,43001,0.13326539861393955
141,43002,0.1302841828522681
141,43003,0.3052835635666135
141,43004,0.28120950317594373
141,43005,0.1511834409181541
141,43006,0.12149827800602805
141,43007,0.08275168372868023
141,43008,0.24565814893619783
141,43009,0.22319289626081854
141,43010,0.21823303394974028
141,43011,0.2948982246325484
141,43012,0.26145026712926633
141,43013,0.4689610149000066
141,43014,0.3969797754550143
141,43015,0.5591354012966834
141,43016,0.4852761825469282
141,43017,0.5734660057195666
141,43018,0.25674822054612195
141,43019,0.710451804813155
141,43020,0.5581286970962914
141,43021,0.6192041428294807
141,43022,0.43718412075605223
141,43023,1.2350793819083372
141,43024,1.0762869590838426
141,43025,0.6542234514750358
141,43026,0.22395332853156255
141,43027,0.6410599245048494
141,43028,0.7732943318740577
141,43029,0.5770109131265234
141,43030,0.5135477566510028
141,43031,0.659632733388621
141,43032,1.2427727320901265
141,43033,0.41265617198848326
141,43034,0.21763546378460888
141,43035,0.39086210212151823
141,43036,0.1880192424770641
141,43037,0.15353918390890037
141,43038,0.2558265240045606
141,43039,0.76105961322841
141,43040,0.5509904618721638
141,43041,0.45298682475698315
141,43042,0.1696021520852124
141,43043,0.519600300746204
141,43044,0.5767175809364546
141,43045,0.41905726396802817
141,43046,0.13305823832493857
141,43047,0.1310925998287566
141,43048,0.2856162634883973
141,43101,0.39173421405801995
141,43102,0.37056800178357263
141,43103,0.308104510812695
141,43104,0.06320229117492764
141,43105,0.26027271795594703
141,43106,0.2956227971100314
141,43107,0.15416303947200782
141,43108,0.08181080798802175
141,43109,0.08890771383985326
141,43110,0.3484535216989033
141,43111,0.16827079245758556
141,43112,0.1395136503979425
141,43113,0.38988504768658233
141,43114,0.47262900145391873
141,43115,0.2506094660418606
141,43116,0.3488438899714079
141,43117,0.3626542810759236
141,43118,0.2252653570989209
141,43119,0.20759759193544683
141,43120,0.4410493278028302
141,43121,0.6422583690657412
141,43122,0.5400858018732582
141,43123,0.23409785692444524
141,43124,0.16659824840891033
141,43125,0.5623350398847121
141,43126,0.6392631861548829
141,43127,0.6020421046429953
141,43128,0.5581676271171998
141,43129,0.8493436008410324
141,43130,0.7179836092085008
141,43131,0.7153465238196549
141,43132,0.3146893481090633
141,43133,0.64508118117156
141,43134,0.2388635706179782
141,43135,0.2442015813677421
141,43136,0.2039053505396367
141,43137,0.48921550410666154
141,43138,1.2773079619700993
141,43139,0.8633656978253734
141,43140,0.23168857194905984
141,43141,0.4915491874225552
141,43142,0.5922794901736517
141,43143,0.5660630208276684
141,43144,0.3219710414897943
141,43145,0.24775943757654248
141,43146,0.3680346518596203
141,43147,0.6223506780760615
141,43148,0.6069428368428256
141,43201,0.3844274006425635
141,43202,0.35552281421867915
141,43203,0.31868590024025045
141,43204,0.4523431153698762
141,43205,0.32465540026865836
141,43206,0.36016963143652553
141,43207,0.1537501193076147
141,43208,0.2342582315968453
141,43209,0.14111847717866582
141,43210,0.236249233698977
141,43211,0.08840532922519978
141,43212,0.14855889109804687
141,43213,0.3756653030605738
141,43214,0.4278109291486954
141,43215,0.3586650899429725
141,43216,0.24986143135832672
141,43217,0.18069208980887486
141,43218,0.3795586521878284
141,43219,0.702153996843326
141,43220,0.4834760182333995
141,43221,0.32822631808431224
141,43222,0.7405179289818794
141,43223,0.8215227175692781
141,43224,0.30415579083471894
141,43225,0.6496201237495424
141,43226,1.0919675870758008
141,43227,0.3409858381723418
141,43228,0.6449509266224356
141,43229,0.8455583661419885
141,43230,0.5948081404671234
141,43231,0.755656491400616
141,43232,1.1076918063324523
141,43233,0.8074846458932298
141,43234,0.37616761280692995
141,43235,0.23365296420514853
141,43236,0.6857844018757497
141,43237,1.0708293597894052
141,43238,0.5536023148333232
141,43239,0.3547360957497708
141,43240,0.694534080916925
141,43241,0.5459601859623113
141,43242,0.24480457591701363
141,43243,0.499672377036101
141,43244,0.458268145429737
141,43245,0.33027935390475993
141,43246,0.6192856957264098
141,43247,0.43925059871483046
141,43248,0.279011452491561
141,43301,0.11564612418609614
141,43302,0.2127979216913821
141,43303,0.4277176595911645
141,43304,0.2975432520537688
141,43305,0.08746835246073191
141,43306,0.2587821623814302
141,43307,0.2645959402275954
141,43308,0.30281509881523755
141,43309,0.09073827521348589
141,43310,0.2610426813375136
141,43311,0.34639065438849514
141,43312,0.15343668634746285
141,43313,0.33683005228016233
141,43314,0.4541480639808309
141,43315,0.6390775847056573
141,43316,0.7778703218286389
141,43317,0.6022914694821606
141,43318,0.24441097095328895
141,43319,0.5946569087574921
141,43320,0.24069323817682675
141,43321,0.5326473308420125
141,43322,0.6825382035293746
141,43323,0.47914845665979294
141,43324,0.6943541772139178
141,43325,0.7944494831381407
141,43326,0.3034713694176741
141,43327,0.5697116743386468
141,43328,0.7732609522816365
141,43329,0.26349955156313065
141,43330,0.2509216749582269
141,43331,0.25812014883184603
141,43332,0.4443687387737985
141,43333,0.25988088407622667
141,43334,0.2997596404007112
141,43335,0.23796631406812951
141,43336,0.4540548182776355
141,43337,0.3412495740965939
141,43338,1.0344507243223637
141,43339,1.3097938819682675
141,43340,0.4893718450528033
141,43341,0.180281327033066
141,43342,0.23391352365527363
141,43343,0.5545653112662331
141,43344,0.7642740100193511
141,43345,0.336489371478484
141,43346,0.159449195273257
141,43347,0.24623024237905872
141,43348,0.39441994616207965
141,43401,0.34722990053515485
141,43402,0.10198219920834764
141,43403,0.2083480230471591
141,43404,0.16259743907085422
141,43405,0.21916234431101522
141,43406,0.29563621468674467
141,43407,0.10180942569718125
141,43408,0.1925343505851867
141,43409,0.21228642170941914
141,43410,0.14318124858433606
141,43411,0.22625004339421123
141,43412,0.18913227033429422
141,43413,0.5777617006009166
141,43414,1.188297885384866
141,43415,0.3162657358029259
141,43416,0.37385906372532673
141,43417,0.6593606586998592
141,43418,0.23709939632658086
141,43419,0.3791904536943602
141,43420,0.2139053507952452
141,43421,0.5027229257405011
141,43422,0.5690359351539669
141,43423,0.32831406134510555
141,43424,0.40608136816954743
141,43425,0.6284756454042713
141,43426,0.41904872272170135
141,43427,0.33383930191574307
141,43428,0.3632991223203765
141,43429,0.6460983289963379
141,43430,0.4237999119625773
141,43431,0.797216732244381
141,43432,0.9685881376428198
141,43433,0.8669154003347354
141,43434,0.47730720503920554
141,43435,0.3620615208750598
141,43436,0.7069237685991813
141,43437,0.20126387105498186
141,43438,0.6179101640928083
141,43439,1.3786149853206713
141,43440,0.2818207884150764
141,43441,0.3423444486739003
141,43442,0.46858392192680837
141,43443,0.47816506582858753
141,43444,0.4400999828102007
141,43445,0.32993424665822046
141,43446,0.3058123866077446
141,43447,0.412588995477772
141,43448,0.3992589435316977
141,43501,0.3410676673477621
141,43502,0.3736168097893149
141,43503,0.31182989211591206
141,43504,0.1936745472333057
141,43505,0.08249446597080601
141,43506,0.4006967957351682
141,43507,0.1116895362837747
141,43508,0.19700983073158862
141,43509,0.06441886127826965
141,43510,0.23288215933011558
141,43511,0.11114861669832503
141,43512,0.1265307508992841
141,43513,0.6885226343437463
141,43514,0.23362381870090607
141,43515,0.7336357138561583
141,43516,0.23735161839045205
141,43517,0.7598269647730133
141,43518,0.43615706715533453
141,43519,0.46759521561898176
141,43520,0.6946587740697746
141,43521,1.0754552312692491
141,43522,1.642908427251375
141,43523,0.8214074284303529
141,43524,1.195798702486819
141,43525,0.7540267757808787
141,43526,0.2961703761515328
141,43527,0.8332602185176823
141,43528,1.1219634554708644
141,43529,1.0441911109205044
141,43530,0.8857721136566571
141,43531,0.5957153581228466
141,43532,0.36608456348911805
141,43533,0.6153257901753271
141,43534,0.19545272463878774
141,43535,0.7569031186750603
141,43536,0.5088809885083898
141,43537,0.3576453157694739
141,43538,0.7481193569250144
141,43539,0.3419699644934045
141,43540,0.2790795782682359
141,43541,0.6328643903466205
141,43542,0.5126364075829232
141,43543,0.3322377976970993
141,43544,0.6646586930190336
141,43545,0.2762672939330293
141,43546,0.20804141091065226
141,43547,0.4473085359865525
141,43548,0.19548019142594544
141,43601,0.0968371451907899
141,43602,0.09499170806245127
141,43603,0.3230596555998303
141,43604,0.2802544266446999
141,43605,0.14590113975581576
141,43606,0.17137521383499127
141,43607,0.36950340425228717
141,43608,0.27461105007475006
141,43609,0.2652011190171848
141,43610,0.06200034970468684
141,43611,0.25995021545952685
141,43612,0.2955196593828844
141,43613,0.6040738812792394
141,43614,0.21210491345643506
141,43615,0.2908394325569588
141,43616,0.6456038775061017
141,43617,0.5888360697930589
141,43618,0.5732605325311371
141,43619,0.33784563495713965
141,43620,1.0742216601828274
141,43621,0.6361492091161489
141,43622,0.6483538274556642
141,43623,1.3989348086985942
141,43624,1.016852139347336
141,43625,1.1050431075212304
141,43626,0.9681295055484518
141,43627,0.31568267537706424
141,43628,0.634535206357895
141,43629,0.7182804384607074
141,43630,0.393670500001859
141,43631,0.6672453901235074
141,43632,0.8397404653754101
141,43633,0.1944972358093595
141,43634,0.07766441707249516
141,43635,0.15797686292792165
141,43636,0.15848877674442985
141,43637,0.3360145855289718
141,43638,0.1983908485113848
141,43639,0.21037666569505842
141,43640,0.39620113077404684
141,43641,0.13395546462305927
141,43642,0.22591974383290392
141,43643,0.3737793013432466
141,43644,0.33265047698270445
141,43645,0.45721563977266844
141,43646,0.1873931442650218
141,43647,0.250712487097076
141,43648,0.5110682115975473
141,43701,0.08323481825167302
141,43702,0.13458383467473528
141,43703,0.2922665708404301
141,43704,0.1333812872798528
141,43705,0.2015560630843643
141,43706,0.2374935159063852
141,43707,0.08854378527478379
141,43708,0.09770064876995445
141,43709,0.24943787761492367
141,43710,0.2222670551486446
141,43711,0.20625582028305944
141,43712,0.259132366044142
141,43713,0.2707412420393666
141,43714,0.5200792209948635
141,43715,0.2500524326542597
141,43716,0.6372222104231823
141,43717,0.6327193453918335
141,43718,0.6672345303284913
141,43719,0.739353780939853
141,43720,0.4335280313662241
141,43721,1.0531081697913618
141,43722,0.634964382894349
141,43723,0.281236844826349
141,43724,1.1288220349234792
141,43725,2.956260835180612
141,43726,3.1570277362564214
141,43727,2.6354930362474773
141,43728,3.147040571307767
141,43729,2.355275994090363
141,43730,3.202827230831007
141,43731,3.3564582529701497
141,43732,1.550017712581511
141,43733,1.7020123216618146
141,43734,1.3038161020988501
141,43735,0.7884747079882284
141,43736,1.2102680809493362
141,43737,0.4120517407570636
141,43738,0.7894924448878298
141,43739,1.0209608361089142
141,43740,0.6629442326305437
141,43741,0.4064653151912048
141,43742,0.3163979331218288
141,43743,0.2874885348725793
141,43744,0.4559387758887758
141,43745,0.32155471349257303
141,43746,0.49155483972355885
141,43747,0.21510454750736402
141,43748,0.33166654522254646
141,43801,0.4706035441006029
141,43802,0.2694522917345318
141,43803,0.36338807273807006
141,43804,0.09569301656398295
141,43805,0.13450915439262534
141,43806,0.31649323061642765
141,43807,0.24397061659956137
141,43808,0.21190968322776027
141,43809,0.2686556119397321
141,43810,0.3504348552455177
141,43811,0.23770956953975733
141,43812,0.18850157173321186
141,43813,0.4071851213718741
141,43814,0.7295240914752056
141,43815,0.7447141215290964
141,43816,0.7536020494961888
141,43817,0.26698917642796505
141,43818,0.7782225527000421
141,43819,0.8234066351643681
141,43820,0.21331945670466004
141,43821,0.4888345581520847
141,43822,0.8059159447709858
141,43823,0.616886636661878
141,43824,0.7460721477841347
141,43825,0.6190156654772024
141,43826,0.39251082596226644
141,43827,0.8572511009492328
141,43828,1.0864703661530224
141,43829,0.7794711647236515
141,43830,1.0303436522876408
141,43831,0.43849964367048166
141,43832,0.6150495169015314
141,43833,0.47398684903502775
141,43834,0.413771137603122
141,43835,0.4002461566971083
141,43836,0.3246923603693348
141,43837,0.3460694419641149
141,43838,0.23775301251530656
141,43839,1.0744657919582679
141,43840,0.6618316683078282
141,43841,0.2687792748172719
141,43842,0.19184266680153847
141,43843,0.42694917904156554
141,43844,0.5852252104690618
141,43845,0.25715835617101546
141,43846,0.3354467187401997
141,43847,0.39786647006357756
141,43848,0.44532733928124824
141,43901,0.15070420610410923
141,43902,0.06068281156101151
141,43903,0.26303487778373635
141,43904,0.1620750917794767
141,43905,0.05541253580781308
141,43906,0.20271794468533638
141,43907,0.16607600138358294
141,43908,0.20315624081058956
141,43909,0.2256379015834591
141,43910,0.20932467907835134
141,43911,0.20889611646445921
141,43912,0.26181401790686243
141,43913,0.6234703891310013
141,43914,0.5954342966910595
141,43915,0.5307456871806212
141,43916,0.21377242651721995
141,43917,0.6717478339461027
141,43918,0.19742993275419643
141,43919,0.4932534357352322
141,43920,1.2890787615510342
141,43921,0.6042329805899282
141,43922,1.023360306803895
141,43923,0.5705238905996859
141,43924,0.4959998242199123
141,43925,0.6804030051190095
141,43926,0.8128755900567591
141,43927,0.612897437490887
141,43928,0.37148688681538944
141,43929,0.34053199968707915
141,43930,0.9204323105683351
141,43931,0.7584734768810336
141,43932,0.5263562186419327
141,43933,0.6582421295825914
141,43934,0.3870481035156271
141,43935,0.3851482782638903
141,43936,0.3138054785768943
141,43937,0.20656942780384402
141,43938,0.6081130573068272
141,43939,0.4409183552556615
141,43940,0.25841243337405023
141,43941,0.3949229126730542
141,43942,0.6584974492122734
141,43943,0.5826097894539451
141,43944,0.17245898495444897
141,43945,0.5973019616377083
141,43946,0.6189998674230185
141,43947,0.4563620350426341
141,43948,0.21543640534353828
141,44001,0.19425969833985018
141,44002,0.27812365938761624
141,44003,0.3409314334598106
141,44004,0.17917017224832107
141,44005,0.10240392428006395
141,44006,0.261985854393893
141,44007,0.20703682959840414
141,44008,0.1687738994581739
141,44009,0.13797997058110006
141,44010,0.26338398209937836
141,44011,0.2397206937186545
141,44012,0.3042542528372782
141,44013,0.2113063411763318
141,44014,0.8272094800227151
141,44015,0.5423319773880533
141,44016,0.46207922608298607
141,44017,0.4176282298807374
141,44018,0.2023058374537959
141,44019,0.5823001468004042
141,44020,0.3079640554807833
141,44021,0.5490760458213618
141,44022,0.3907216744591856
141,44023,0.7287730993522766
141,44024,0.45296892546506873
141,44025,0.8259011667858456
141,44026,0.7528178759674359
141,44027,0.22688476737971316
141,44028,0.3783309235773274
141,44029,0.8609100172055901
141,44030,0.7748579831889282
141,44031,0.6667948409549872
141,44032,0.4833846065377521
141,44033,0.5370338947981097
141,44034,0.12050335724593655
141,44035,0.4500531594901909
141,44036,0.1851791540113818
141,44037,0.6778438998226638
141,44038,0.600178010718563
141,44039,1.256207138787354
141,44040,0.4326760382817589
141,44041,0.582910987281445
141,44042,0.5780050542821576
141,44043,0.5986265469641951
141,44044,0.455990091175212
141,44045,0.5845067704138069
141,44046,0.22904687117840616
141,44047,0.1319727212358863
141,44048,0.2144224691935099
141,44101,0.2304820287068181
141,44102,0.2409789286114943
141,44103,0.18736204618320265
141,44104,0.15252859753630055
141,44105,0.10476204806115576
141,44106,0.3276890838572579
141,44107,0.10149202939452807
141,44108,0.2599475160847675
141,44109,0.09078985700689769
141,44110,0.08012716338565629
141,44111,0.12270698831271912
141,44112,0.1662401167960561
141,44113,0.21000380809347924
141,44114,0.3778727451264125
141,44115,0.5085251335942147
141,44116,0.5036852226859438
141,44117,0.7422438700458588
141,44118,0.7838667744981733
141,44119,0.8105715390911742
141,44120,0.5302810700197977
141,44121,0.7146537344281261
141,44122,1.1687920552809434
141,44123,1.0111233097436059
141,44124,0.9207504863302698
141,44125,0.7467811894894704
141,44126,0.6564449427631313
141,44127,0.7378670196005993
141,44128,0.7504177152738875
141,44129,1.143768202498795
141,44130,1.381194007183422
141,44131,0.2889583884199872
141,44132,0.3823380696150633
141,44133,0.24544565643973387
141,44134,0.5416469587104787
141,44135,0.3035812820866026
141,44136,0.2237069378740051
141,44137,0.2723965947141657
141,44138,0.2798462641264292
141,44139,0.39673344354289775
141,44140,1.4383247026360264
141,44141,0.7133561876522189
141,44142,0.8491404306077234
141,44143,0.16701200464296392
141,44144,0.6803815314223727
141,44145,0.33134172596419253
141,44146,0.4619137569858529
141,44147,0.34881701789869796
141,44148,0.33170085779449543
141,44201,0.16982835754046724
141,44202,0.35170797164416157
141,44203,0.27142669248148765
141,44204,0.12385313641737207
141,44205,0.11136119440930696
141,44206,0.15578713388553667
141,44207,0.25669409640814217
141,44208,0.22637718495880133
141,44209,0.22160176485916672
141,44210,0.2967152438540608
141,44211,0.2859553026856446
141,44212,0.215052998718576
141,44213,0.5240903634251342
141,44214,0.6399712247613065
141,44215,0.8462980403757491
141,44216,0.4328876271798512
141,44217,0.8165371828306918
141,44218,0.36839252744680745
141,44219,0.5044550827604144
141,44220,0.35962689491230115
141,44221,0.390234721183122
141,44222,0.6072933235227449
141,44223,0.5136225114366505
141,44224,0.3564524284294672
141,44225,0.28562592584926627
141,44226,0.3777292839501476
141,44227,0.446486934579147
141,44228,0.4274501618323409
141,44229,0.3027482099123822
141,44230,0.461834972901835
141,44231,0.28250886620255355
141,44232,0.5288960966744326
141,44233,0.23307457725887032
141,44234,0.2851818514338812
141,44235,0.2193499836811209
141,44236,0.15127217331280288
141,44237,0.09338760087460825
141,44238,0.14645921535800946
141,44239,0.707621694014436
141,44240,0.24832449959054465
141,44241,0.5873267841204506
141,44242,0.47630684608145607
141,44243,0.6284915734277311
141,44244,0.5534653278323337
141,44245,0.23568272813860489
141,44246,0.1564944669120789
141,44247,0.2901345333707514
141,44248,0.15535231989666237
141,44301,0.19022188149127478
141,44302,0.08244002689767504
141,44303,0.3320880041988924
141,44304,0.24530232158859344
141,44305,0.15129383471339047
141,44306,0.28424876360088
141,44307,0.29765498583771804
141,44308,0.05501454298255557
141,44309,0.2520372333395297
141,44310,0.06576270698596136
141,44311,0.10411713977028075
141,44312,0.10400279181723948
141,44313,0.5520124484789497
141,44314,0.41525969600511414
141,44315,0.5810960502233579
141,44316,0.2719012048836663
141,44317,0.6049805891365658
141,44318,0.29717964981353906
141,44319,0.28554882683067717
141,44320,1.0247162715845646
141,44321,0.3925732409508474
141,44322,0.47071837095014946
141,44323,0.38087185479725105
141,44324,0.37757396535647014
141,44325,0.7817588305865745
141,44326,0.4207168276261368
141,44327,0.3473591056894291
141,44328,0.4703760907024737
141,44329,0.27574728353448524
141,44330,0.47371141919444065
141,44331,0.3633964706064153
141,44332,0.2052567407977633
141,44333,0.3553467750699431
141,44334,0.5153122233812334
141,44335,0.49474687680936963
141,44336,0.4493246549475631
141,44337,0.3811480063419373
141,44338,0.1626311601992958
141,44339,0.21028202087528666
141,44340,0.14508199685222153
141,44341,0.07928499907989138
141,44342,0.2846917471769207
141,44343,0.233199299514524
141,44344,0.26083192736116284
141,44345,0.6079267942187023
141,44346,1.1823650983155585
141,44347,0.46762088512894506
141,44348,0.28412160374304946
141,44401,0.33815369823845576
141,44402,0.1605182058328615
141,44403,0.09339998930040201
141,44404,0.16006683740399225
141,44405,0.0913538665057258
141,44406,0.1459683989237377
141,44407,0.18723748419468605
141,44408,0.2659067664469319
141,44409,0.12787833940186769
141,44410,0.059685769970943596
141,44411,0.2654293503634342
141,44412,0.20392288169503325
141,44413,0.49593828404594065
141,44414,0.2462911999782204
141,44415,0.49285362331773225
141,44416,0.48590794606021687
141,44417,0.7265799693590761
141,44418,0.3141624990107074
141,44419,0.5725588713099635
141,44420,0.2128945829670499
141,44421,0.8445615185131987
141,44422,0.23423357152797225
141,44423,0.5786830882442615
141,44424,0.2937601750321663
141,44425,0.40055513124143305
141,44426,1.1646393117723386
141,44427,0.7347565928122972
141,44428,0.6404287012299983
141,44429,1.0628124593395163
141,44430,0.9275027576933095
141,44431,0.8207528863836924
141,44432,0.25313181113901184
141,44433,0.4145656310042154
141,44434,0.7887334404367365
141,44435,0.36212010586696913
141,44436,0.47630592609816785
141,44437,0.615311687754377
141,44438,0.5620708066063101
141,44439,0.5784821171087947
141,44440,0.47092728295305947
141,44441,0.5253217565250883
141,44442,0.3758507288405705
141,44443,0.4714226534857109
141,44444,0.3182581093418507
141,44445,0.4866804674538247
141,44446,0.51822421046484
141,44447,0.23226927934533004
141,44448,0.3974427299568912
141,44501,0.3843578108413501
141,44502,0.1804363453622253
141,44503,0.14101577513910446
141,44504,0.34506907113160273
141,44505,0.1674993080656614
141,44506,0.10668096654468187
141,44507,0.07235721715921528
141,44508,0.21340103638016703
141,44509,0.1463442949633705
141,44510,0.13971381159069954
141,44511,0.18819401251306747
141,44512,0.18122204376731357
141,44513,0.4234537969128053
141,44514,1.0242187111626588
141,44515,1.0094149573704396
141,44516,0.4477812351480365
141,44517,0.9168906032725751
141,44518,0.7680247661005684
141,44519,0.34499174276935923
141,44520,0.5351669375553261
141,44521,0.637316960998733
141,44522,0.44374816768257885
141,44523,0.6738800932603557
141,44524,0.5589630603618646
141,44525,0.3338306619103976
141,44526,0.92905361559403
141,44527,0.3642002006995469
141,44528,0.47999466474162095
141,44529,0.3612199544347291
141,44530,0.41361328370705164
141,44531,0.5551659005340995
141,44532,0.5429697901838173
141,44533,1.5261989132976297
141,44534,0.4633534475474595
141,44535,0.24616668226092603
141,44536,0.5283016908121905
141,44537,0.8899236426961245
141,44538,2.4431239671021725
141,44539,1.3794394672596497
141,44540,0.6655029122965663
141,44541,0.7364822993487508
141,44542,0.5046844374281907
141,44543,0.3280191325399581
141,44544,0.2357192715118799
141,44545,0.28243288859465104
141,44546,0.3090315800300899
141,44547,0.19007878740662715
141,44548,0.5287005968171006
141,44601,0.3022445574897953
141,44602,0.31705855369843744
141,44603,0.36639852894516056
141,44604,0.2310033639356999
141,44605,0.11065519112806262
141,44606,0.1464858501292058
141,44607,0.15398109133256524
141,44608,0.2712607950871524
141,44609,0.27786047993759094
141,44610,0.1109170800975749
141,44611,0.25019620789039937
141,44612,0.17089206653152353
141,44613,0.6555487002451694
141,44614,0.4285643494003322
141,44615,0.9313255002484977
141,44616,0.7452579298308772
141,44617,0.2379828639095981
141,44618,0.4464019168955631
141,44619,0.393171983987562
141,44620,0.47858971919071946
141,44621,0.5446798867062831
141,44622,1.2399564000503156
141,44623,1.061045385694858
141,44624,1.6294597500952814
141,44625,0.9039954922084746
141,44626,0.39028349535695367
141,44627,0.7152074087299454
141,44628,0.9736227884407405
141,44629,0.7898389596401758
141,44630,0.9492947934133029
141,44631,0.43724675955684783
141,44632,0.2801307798263783
141,44633,0.19466386720977277
141,44634,0.2766899121307838
141,44635,0.16460352066453332
141,44636,0.5085440522707032
141,44637,1.84062610128566
141,44638,0.7828130162070109
141,44639,0.5800534467154206
141,44640,0.4181809259825259
141,44641,0.5617157262353136
141,44642,0.4119214684667517
141,44643,0.1717339677562146
141,44644,0.36497021218194126
141,44645,0.34222806024718355
141,44646,0.27281778493701214
141,44647,0.32989657848080534
141,44648,0.2710435967448457
141,44701,0.16885130543595311
141,44702,0.27996913511888716
141,44703,0.16614895114781875
141,44704,0.13784812920982037
141,44705,0.21396006338962403
141,44706,0.3682117277325452
141,44707,0.2551183048697639
141,44708,0.28056874299658746
141,44709,0.22123416695829903
141,44710,0.22721294740184597
141,44711,0.216103023638371
141,44712,0.3804558475568231
141,44713,0.2864421219488227
141,44714,0.9401425355006165
141,44715,0.4434292796325652
141,44716,0.8408558526362899
141,44717,0.5335066737603799
141,44718,0.39129634187318857
141,44719,0.7676633653144581
141,44720,0.2602238352988004
141,44721,0.47367628934996325
141,44722,0.4404259188297134
141,44723,0.5865500696619047
141,44724,0.438682809869711
141,44725,0.47274519539511733
141,44726,0.6317783349126782
141,44727,0.23533176828341656
141,44728,0.4125979988396318
141,44729,0.8333036330993421
141,44730,0.6722865842440388
141,44731,0.6935496928373251
141,44732,0.4950337938114792
141,44733,0.34335516417818834
141,44734,0.15374973543783801
141,44735,0.5414008701839194
141,44736,0.6195345125631833
141,44737,0.5198930654391196
141,44738,0.6584911746593682
141,44739,0.6874616455160896
141,44740,0.23707833957034138
141,44741,0.34673989973717934
141,44742,0.23422806102620686
141,44743,0.5621321091310971
141,44744,0.27890626571142435
141,44745,0.5479258685784382
141,44746,0.39702890855402945
141,44747,0.15419436393834743
141,44748,0.3645889284118811
141,44801,0.36298281215091427
141,44802,0.09508493969411604
141,44803,0.14350448358087953
141,44804,0.18081942975755064
141,44805,0.2708181796270719
141,44806,0.22555368989289232
141,44807,0.2950387966788299
141,44808,0.28540053944186355
141,44809,0.28035785811264474
141,44810,0.19767546494931867
141,44811,0.05895686219879073
141,44812,0.23009926544906092
141,44813,0.5169756190276676
141,44814,0.20205416324227032
141,44815,0.6173369869169227
141,44816,0.36163404004713967
141,44817,0.6855150438757177
141,44818,0.764851680087559
141,44819,0.8399054552674365
141,44820,0.36692554348589146
141,44821,0.23633037431457024
141,44822,0.3920492488813013
141,44823,0.4682284540029876
141,44824,0.34915130107349807
141,44825,0.27702559767358875
141,44826,0.7958575710851854
141,44827,1.1496781666762355
141,44828,0.39443965680799686
141,44829,1.58840789541425
141,44830,0.693687531761631
141,44831,0.5655986769585668
141,44832,1.0216624199622277
141,44833,0.5420588706167208
141,44834,0.13937884154384386
141,44835,0.3765781404881138
141,44836,0.21061647178214515
141,44837,0.16478452614879446
141,44838,0.6740038711152272
141,44839,0.19110863714896495
141,44840,1.476449684417541
141,44841,0.9711989832346626
141,44842,0.4057663400540841
141,44843,0.4387599752289889
141,44844,0.5378109304880289
141,44845,0.2852355534469365
141,44846,0.4139007222728233
141,44847,0.3823909961722911
141,44848,0.1305207516138603
141,44901,0.49778914873301033
141,44902,0.3628725978859514
141,44903,0.3317754072759482
141,44904,0.305157543186876
141,44905,0.0802147234930172
141,44906,0.25076569640074764
141,44907,0.17552511622621558
141,44908,0.20554957262662973
141,44909,0.1817043878171162
141,44910,0.0969681487574337
141,44911,0.2822757184114565
141,44912,0.1818201934295665
141,44913,0.5207903355693352
141,44914,0.8949612084982345
141,44915,0.9714463726178766
141,44916,0.5068863556828159
141,44917,0.35493852820253
141,44918,0.5925374840073955
141,44919,0.34875281663134405
141,44920,0.29670431925332275
141,44921,0.30123982534690363
141,44922,0.6512349760276418
141,44923,0.2534554809828973
141,44924,0.5171117752867411
141,44925,0.41707238401362556
141,44926,0.3966115114811819
141,44927,0.8395898121083484
141,44928,0.9847423681500276
141,44929,0.832775985013179
141,44930,0.9246073976568268
141,44931,0.8505781309772399
141,44932,0.8022508412105804
141,44933,0.2217822774807408
141,44934,0.4475721362465896
141,44935,0.6970069273213235
141,44936,0.5273217189664021
141,44937,0.3916169949181845
141,44938,0.5276641667082739
141,44939,0.33286925371474163
141,44940,0.2957129715239253
141,44941,0.13691636718462102
141,44942,0.38858181741170045
141,44943,0.689503276016211
141,44944,0.5924639046562445
141,44945,0.5653208460734115
141,44946,0.4487087767630606
141,44947,0.3951609475751994
141,44948,0.11449427147446732
141,45001,0.2389952685142324
141,45002,0.2554290331843271
141,45003,0.32689748651998385
141,45004,0.1480939280404369
141,45005,0.22282498445775725
141,45006,0.19432086735488768
141,45007,0.22878142841948526
141,45008,0.30198849033859787
141,45009,0.23711455804388262
141,45010,0.23358207183645252
141,45011,0.2966458967070378
141,45012,0.26840954768326686
141,45013,0.48938769547906896
141,45014,0.26022421942636736
141,45015,0.5163636778185832
141,45016,0.682448022849265
141,45017,0.9009981296636396
141,45018,0.8706590026767688
141,45019,0.489672353964883
141,45020,0.26904441355276826
141,45021,1.2388858114115175
141,45022,0.5920047682191898
141,45023,0.8496438381227386
141,45024,0.8285549531542059
141,45025,0.8974265894800324
141,45026,0.30299425841686795
141,45027,0.8115327392805558
141,45028,0.6279671536297358
141,45029,0.6231814425975576
141,45030,0.2704406682989013
141,45031,0.5519890040614633
141,45032,0.45764012992510866
141,45033,0.23847048536503457
141,45034,0.2870298696167407
141,45035,0.16287232802659699
141,45036,0.3889828449457329
141,45037,0.3489216446197136
141,45038,1.356528090474636
141,45039,0.5834041582691982
141,45040,0.5828154321407488
141,45041,0.3227258911647871
141,45042,0.24438724027099512
141,45043,0.46408064750071953
141,45044,0.37889576653308
141,45045,0.31282942336456887
141,45046,0.3510681926331621
141,45047,0.2972589316955884
141,45048,0.3532605416741462
141,45101,0.2744307835312485
141,45102,0.2312542115603374
141,45103,0.2085045988595304
141,45104,0.15450906248345445
141,45105,0.12609904500417646
141,45106,0.19841865895814884
141,45107,0.07566388927599926
141,45108,0.18263141990796272
141,45109,0.3020954393821773
141,45110,0.12738587320614822
141,45111,0.12575324562717236
141,45112,0.0647921932030971
141,45113,0.34073091125882093
141,45114,0.8172028200710021
141,45115,0.2671884785491384
141,45116,0.5097443758186626
141,45117,0.22428540455150564
141,45118,0.4989716603891658
141,45119,0.6704035910466886
141,45120,0.27156499414371915
141,45121,0.2552021764197836
141,45122,0.35948274081324216
141,45123,0.4490089010186262
141,45124,0.7367275150291483
141,45125,0.8385759681774587
141,45126,0.5027389357591165
141,45127,0.9512139367756784
141,45128,0.9967056330284437
141,45129,0.19007839732376738
141,45130,0.11283657078108966
141,45131,0.7802256171422374
141,45132,1.027453049695406
141,45133,0.8521785293590969
141,45134,0.4847273461558398
141,45135,0.9371898843129687
141,45136,1.0015048539755211
141,45137,0.6227648855291221
141,45138,1.749814491932958
141,45139,0.639407255442975
141,45140,0.266014284663299
141,45141,0.5119763957256307
141,45142,0.8641141999073505
141,45143,1.1281219925342427
141,45144,0.8749162667578888
141,45145,0.2537143549319216
141,45146,0.27824979149703627
141,45147,0.097352715147808
141,45148,0.2625916517825958
141,45201,0.09928833121346779
141,45202,0.0866239607802981
141,45203,0.3173063553130249
141,45204,0.28328854950344995
141,45205,0.09020879091494916
141,45206,0.16642753814039346
141,45207,0.12635649605829077
141,45208,0.37137911373967286
141,45209,0.3007382617861594
141,45210,0.3643419449548383
141,45211,0.25604806847631484
141,45212,0.2791214631447714
141,45213,0.4706138051725965
141,45214,1.2421062722461347
141,45215,0.6577299589855854
141,45216,0.5858222707272096
141,45217,1.0789416156254692
141,45218,1.8122508932166748
141,45219,1.0382367159700174
141,45220,0.20535506305537174
141,45221,0.3270304947396272
141,45222,0.44147319550722247
141,45223,0.4645974170568647
141,45224,0.6915630366798636
141,45225,0.33590582598615304
141,45226,0.4293890230430211
141,45227,0.36766918568969575
141,45228,0.32758616427257126
141,45229,0.20154512213315398
141,45230,0.15743132669155444
141,45231,0.4325380445676861
141,45232,0.4574385894171945
141,45233,0.48190917045510856
141,45234,0.16267206748987362
141,45235,0.2981962640780624
141,45236,0.21209804914594674
141,45237,0.21173037252675025
141,45238,0.764591320026523
141,45239,0.9601292214549071
141,45240,0.41349077726587397
141,45241,0.663625064691915
141,45242,0.4544308275488889
141,45243,0.2672973198868359
141,45244,0.3428664414176412
141,45245,0.2328109761371558
141,45246,0.11781253200696186
141,45247,0.14596080436194855
141,45248,0.19203174817169757
141,45301,0.11277439339784497
141,45302,0.2217185561970771
141,45303,0.07079206705150864
141,45304,0.0811231191789239
141,45305,0.06930687610123826
141,45306,0.0615512434473794
141,45307,0.07647223268161281
141,45308,0.3278457960442887
141,45309,0.26704857511009483
141,45310,0.20705444877947263
141,45311,0.24617255226361873
141,45312,0.37109935202086225
141,45313,0.3612856190013175
141,45314,0.31039884145876734
141,45315,0.8090485893151663
141,45316,0.7532237321923266
141,45317,0.28843654049900874
141,45318,0.5596222933902093
141,45319,0.9899688722490911
141,45320,0.3428536834427152
141,45321,0.36534145439935295
141,45322,0.39053953062336993
141,45323,0.43406436519847014
141,45324,1.2122989471597538
141,45325,1.3856204331435684
141,45326,0.42677414349622556
141,45327,0.7180553607804033
141,45328,0.9623630156876457
141,45329,0.22270688866028335
141,45330,0.19130269081925438
141,45331,0.2664201881256652
141,45332,0.5099735815346244
141,45333,0.3151941047384803
141,45334,0.30688985755781834
141,45335,0.39384128576808386
141,45336,0.5837406733417331
141,45337,0.20199304122187073
141,45338,1.11516743394354
141,45339,1.2911993914240603
141,45340,1.3565698469932899
141,45341,0.7298874754565351
141,45342,0.40063274610576094
141,45343,0.41992079876996663
141,45344,0.5547411360176643
141,45345,0.29279408425460096
141,45346,0.2608588262117729
141,45347,0.29083484979784613
141,45348,0.32640301854751147
141,45401,0.22611342104373883
141,45402,0.11368941024587337
141,45403,0.1264458693279868
141,45404,0.22067728594581826
141,45405,0.21713735063263456
141,45406,0.15225738735750613
141,45407,0.1977439036955731
141,45408,0.25876608586235605
141,45409,0.20124881198181843
141,45410,0.1781669096018614
141,45411,0.3454647047431572
141,45412,0.13191902713145118
141,45413,0.2544993795664555
141,45414,0.796118956074546
141,45415,0.8435279922934138
141,45416,0.9042194534737851
141,45417,0.6123309408138298
141,45418,0.3535205403054174
141,45419,0.5894158926654459
141,45420,0.8537724533522462
141,45421,0.6167392733195745
141,45422,0.2573323339075425
141,45423,0.31540136485704173
141,45424,0.4096736448234528
141,45425,0.9994759470562645
141,45426,0.36768930595477717
141,45427,0.9623315114390931
141,45428,0.29520736267872477
141,45429,0.15387588918100267
141,45430,0.11624990888744213
141,45431,0.3193740573961029
141,45432,0.13302039321873907
141,45433,0.22908313934137764
141,45434,0.32426713345857455
141,45435,0.33393643959852576
141,45436,0.22155398317480238
141,45437,0.473264999713573
141,45438,0.7566699583582545
141,45439,0.7671857507958492
141,45440,0.2925688817756275
141,45441,0.4612870850882987
141,45442,0.20917871559232343
141,45443,0.6634627182138024
141,45444,0.22886296833529685
141,45445,0.3704670726430328
141,45446,0.29970556565365636
141,45447,0.1642896294561387
141,45448,0.14429231393079878
141,45501,0.13675472818245035
141,45502,0.30342133392256476
141,45503,0.18979582226670114
141,45504,0.10796429051069911
141,45505,0.22077908261295892
141,45506,0.24601122390501262
141,45507,0.273043257250724
141,45508,0.26908049619100344
141,45509,0.2740742979004008
141,45510,0.23355355797116453
141,45511,0.29458525176041617
141,45512,0.39680664846707125
141,45513,0.5616829754094367
141,45514,0.5580407538673001
141,45515,1.076525915895273
141,45516,0.745003738482208
141,45517,0.7632230795521621
141,45518,0.6688912452770923
141,45519,0.6630258204414473
141,45520,0.5229537492528912
141,45521,0.7911770159837099
141,45522,1.055395076067241
141,45523,0.42500152194588137
141,45524,0.7139040533809109
141,45525,0.4090587869220236
141,45526,0.4376073139023788
141,45527,0.6344449499381369
141,45528,0.7184986980809828
141,45529,0.2721658605336543
141,45530,0.2831067535104301
141,45531,0.47229644069139043
141,45532,0.25498089660320383
141,45533,0.3463667355216157
141,45534,0.24716586799270296
141,45535,0.40325768302720577
141,45536,0.18035794002526945
141,45537,0.6926441168620389
141,45538,0.5968624241921996
141,45539,0.5858260260486564
141,45540,0.5260898525289774
141,45541,0.5687354216515925
141,45542,0.43909710194216633
141,45543,0.44648883676733486
141,45544,0.16214218586857065
141,45545,0.41337894892340826
141,45546,0.35596062861511474
141,45547,0.13678032662577538
141,45548,0.08125555154955681
141,45601,0.13351116493844672
141,45602,0.2637550226628306
141,45603,0.23379244631135754
141,45604,0.31036173406555084
141,45605,0.1788187427075693
141,45606,0.18362345731224378
141,45607,0.10403271609698032
141,45608,0.1996908502352231
141,45609,0.1436501625064494
141,45610,0.14719546569459993
141,45611,0.19185518519899333
141,45612,0.09944928099051292
141,45613,0.46644466203910917
141,45614,0.6148017512757133
141,45615,0.5879357621876276
141,45616,0.2694932749566831
141,45617,0.7990141684025287
141,45618,0.2711953950233558
141,45619,0.9265364392950689
141,45620,0.7373188187092521
141,45621,0.8414036347161732
141,45622,0.30836780964125765
141,45623,0.44581220015818207
141,45624,1.7268142160295052
141,45625,0.3590665949281733
141,45626,0.49116793090451305
141,45627,0.5772525510744962
141,45628,0.5537108295813719
141,45629,1.1023106603088975
141,45630,0.508182582016182
141,45631,0.24237475017184834
141,45632,0.3195413588982768
141,45633,0.2412108893150586
141,45634,0.36280008456763096
141,45635,0.2748203679688563
141,45636,0.5029425238196356
141,45637,0.4437838382120372
141,45638,0.3344453085499393
141,45639,1.0682786238401585
141,45640,0.7603805307564852
141,45641,0.5843483266042281
141,45642,0.23569060010314716
141,45643,0.42906794160401546
141,45644,0.17091929705288103
141,45645,0.2846736736725577
141,45646,0.1530144816031405
141,45647,0.25284155394936714
141,45648,0.545122475720102
141,45701,0.1532935975199437
141,45702,0.3058752766607582
141,45703,0.20553830966588094
141,45704,0.3287333506993162
141,45705,0.08174686524660003
141,45706,0.14970543592496163
141,45707,0.1144061585653712
141,45708,0.22624782260084833
141,45709,0.17392159262414852
141,45710,0.12135937605701647
141,45711,0.07070479088607382
141,45712,0.24255864185871462
141,45713,0.455240338621245
141,45714,0.5984549842164197
141,45715,0.5090098383777311
141,45716,0.5358239236484681
141,45717,0.5456052891407484
141,45718,0.663084353226735
141,45719,0.3774049263031029
141,45720,1.0125027915812108
141,45721,0.34253052306274356
141,45722,0.6017359632404421
141,45723,0.6261913142463533
141,45724,0.8894282327961346
141,45725,0.538418452582868
141,45726,0.6531371387958516
141,45727,0.3770446733305456
141,45728,0.9571306902851526
141,45729,0.32440937286209204
141,45730,0.22840874500893865
141,45731,0.12728368389127453
141,45732,0.19746083039248172
141,45733,0.3078493660167863
141,45734,0.09638071613693187
141,45735,0.12105144779852889
141,45736,0.1348629055657968
141,45737,0.2272085768148194
141,45738,0.17069237539929763
141,45739,1.007607398981234
141,45740,0.6941724080372261
141,45741,0.21325058664771945
141,45742,0.27363834904244466
141,45743,0.28365116267630686
141,45744,0.3628502337773146
141,45745,0.21411326170769168
141,45746,0.230862555574949
141,45747,0.4580960641922562
141,45748,0.2665034771302345
141,45801,0.2114213186386766
141,45802,0.09477981491872706
141,45803,0.19293151377270712
141,45804,0.13831629242762775
141,45805,0.48659105584686857
141,45806,0.42644644778102864
141,45807,0.23240946505120869
141,45808,0.17635236933200424
141,45809,0.12342626854712277
141,45810,0.042699211704162514
141,45811,0.5504726992386666
141,45812,0.5990669532216842
141,45813,0.7508046079273907
141,45814,0.7283620550096829
141,45815,0.6533208289562561
141,45816,0.3140919263495505
141,45817,0.4676570736591939
141,45818,0.3089150602735188
141,45819,0.5976471632271919
141,45820,0.3671240038152082
141,45821,0.9680071697244774
141,45822,0.4195255566836851
141,45823,0.6884805587011443
141,45824,0.9412478108268106
141,45825,0.5207071611251898
141,45826,0.4042652666072982
141,45827,0.8239003503796969
141,45828,0.8437292040701009
141,45829,0.7217137708894633
141,45830,0.3118056511658828
141,45831,0.2991040362359638
141,45832,0.5479128434128708
141,45833,0.7428892952291598
141,45834,0.42662352320356106
141,45835,0.5315149768288003
141,45836,0.49800285962996005
141,45837,0.5971357357623036
141,45838,0.6639365622731573
141,45839,0.744747490399903
141,45840,0.29213642507657206
141,45841,0.5534768408148965
141,45842,0.5823136960116817
141,45843,0.2757032134103148
141,45844,0.6048259573435268
141,45845,0.6693269551453296
141,45846,0.4457920448504032
141,45847,0.4244753916841201
141,45848,0.2191951104615573
141,45901,0.11401398724444624
141,45902,0.10536561260922857
141,45903,0.1499893941099238
141,45904,0.1792522684232196
141,45905,0.18207265212689702
141,45906,0.18104928859737027
141,45907,0.19009215345349184
141,45908,0.10865874187961964
141,45909,0.18992022543630582
141,45910,0.17781900107671014
141,45911,0.06810714675828015
141,45912,0.06490021951069454
141,45913,0.20093284508604986
141,45914,1.2672485977786472
141,45915,0.357175795831133
141,45916,0.6844275186837527
141,45917,0.4081383105324639
141,45918,0.9768771067408333
141,45919,0.44048011854593494
141,45920,0.9332749151962033
141,45921,0.876101386941791
141,45922,0.8884256225369136
141,45923,0.8883133413158331
141,45924,0.96546477694914
141,45925,0.7835231546383858
141,45926,0.410587670383333
141,45927,0.9204543956990694
141,45928,0.878030477691922
141,45929,0.41476150371021
141,45930,0.20170731214729093
141,45931,0.25842332680251934
141,45932,0.19002596247986353
141,45933,0.13381422471459586
141,45934,0.38868911952564933
141,45935,0.14692276678621266
141,45936,0.46648253800457246
141,45937,0.12464866629446358
141,45938,0.2644618901607313
141,45939,0.7608877263389026
141,45940,0.6048639148455404
141,45941,0.7969358869823426
141,45942,0.2874989967902291
141,45943,0.683326074278849
141,45944,0.37062249105478273
141,45945,0.29235811185680327
141,45946,0.28670443857242056
141,45947,0.1747497947564785
141,45948,0.1902205006809183
141,46001,0.1707013366696762
141,46002,0.10995418318024223
141,46003,0.15480946105980428
141,46004,0.3032623702070777
141,46005,0.05247601601944225
141,46006,0.059965173358202846
141,46007,0.11557952576408172
141,46008,0.15166341448392617
141,46009,0.26097741351311915
141,46010,0.08034301798902929
141,46011,0.14173065949681124
141,46012,0.161973477758525
141,46013,0.19170477232519376
141,46014,0.4016100459347236
141,46015,0.890817073998692
141,46016,0.5344239077372335
141,46017,0.3725250777962108
141,46018,0.40040416456390066
141,46019,0.7489275983755429
141,46020,0.9032335252275536
141,46021,1.671887007707652
141,46022,0.5101897950693031
141,46023,0.7213205542515186
141,46024,0.563091216888689
141,46025,0.7648919177280923
141,46026,0.4084659249412921
141,46027,1.4496255315152167
141,46028,2.129446055970753
141,46029,0.9700572002854689
141,46030,0.7222521153050407
141,46031,1.2620537829660423
141,46032,0.8252684069372488
141,46033,0.34645112557860336
141,46034,0.33739461757904526
141,46035,0.5821665559477724
141,46036,0.1846405259423808
141,46037,0.4832008352428397
141,46038,0.31465139164025313
141,46039,0.7592248582414295
141,46040,0.24203327819143153
141,46041,0.3478183435720689
141,46042,0.36728792933287735
141,46043,0.3132272144944122
141,46044,0.2657878910118589
141,46045,0.1628812902273266
141,46046,0.20780457089278212
141,46047,0.21001513444528885
141,46048,0.08705781850298903
141,46101,0.1891281530908228
141,46102,0.26993396027998556
141,46103,0.10790904165486867
141,46104,0.09182012356398071
141,46105,0.15179404518208078
141,46106,0.18891385859784376
141,46107,0.1929143298783818
141,46108,0.2288101640148221
141,46109,0.20733032067389445
141,46110,0.1877783168529287
141,46111,0.18574252327914922
141,46112,0.30976248059712247
141,46113,0.14298165273720764
141,46114,1.0376343626230284
141,46115,0.648212111059535
141,46116,0.3228941711637082
141,46117,0.5795593620748652
141,46118,0.212393903634222
141,46119,0.2851713235586189
141,46120,0.7823162044044016
141,46121,0.5754029083778988
141,46122,0.2902741546346648
141,46123,0.4261680825095956
141,46124,0.749192690608856
141,46125,0.2342021756639056
141,46126,0.27125793477406557
141,46127,0.7548226539871461
141,46128,0.3897914339062888
141,46129,0.6004820163954543
141,46130,0.19402896120794427
141,46131,0.1579496653574387
141,46132,0.13156377768773098
141,46133,0.10725688647035929
141,46134,0.1610130893588154
141,46135,0.17830192608689294
141,46136,0.23635002048299475
141,46137,1.726817763299041
141,46138,1.5153632629054812
141,46139,0.8842696730089399
141,46140,0.5053143830258772
141,46141,0.2785581248172908
141,46142,0.23782493361950044
141,46143,0.5022632263184846
141,46144,0.47212936135774053
141,46145,0.23329480959398616
141,46146,0.21182672943624048
141,46147,0.059358026188176
141,46148,0.1989248126850615
141,46201,0.24213457464165886
141,46202,0.05474001513863321
141,46203,0.2178977922411403
141,46204,0.2035740168984715
141,46205,0.19441204960409544
141,46206,0.14536425698321814
141,46207,0.10080883761130656
141,46208,0.08156561716516965
141,46209,0.1724362944659162
141,46210,0.2126909887782325
141,46211,0.20463155839509156
141,46212,0.3678974065386789
141,46213,0.4170441721144149
141,46214,0.4871212284952831
141,46215,0.8332323472972479
141,46216,0.8378726221108136
141,46217,0.34694795837887815
141,46218,0.29086775595213454
141,46219,1.112476183990975
141,46220,0.5819256369600578
141,46221,0.9292302042092954
141,46222,1.0528415072497028
141,46223,1.1075753261331562
141,46224,0.25554163655833906
141,46225,0.9236840449099339
141,46226,0.5771299730634665
141,46227,1.3371226207980715
141,46228,0.5910663032924415
141,46229,0.6398729492319917
141,46230,0.18394165692392422
141,46231,0.36557361615313255
141,46232,0.36760147052927034
141,46233,0.14619069665065149
141,46234,0.5449372296566896
141,46235,0.23189689935436317
141,46236,0.4308183079259979
141,46237,0.37956084780287064
141,46238,0.6768893814829784
141,46239,1.1101360799838635
141,46240,0.9132665649890349
141,46241,0.2432661457272159
141,46242,0.6183217840862895
141,46243,0.36066563369585514
141,46244,0.40312809802497096
141,46245,0.2466932883424576
141,46246,0.3772387590627384
141,46247,0.485471324263611
141,46248,0.3197414204785489
141,46301,0.13803798076655105
141,46302,0.14555909777155515
141,46303,0.3177672365469404
141,46304,0.2019642667493002
141,46305,0.18392152381054536
141,46306,0.10854306752173996
141,46307,0.11580962514896818
141,46308,0.06945304990143404
141,46309,0.24429314880409983
141,46310,0.25231339224636035
141,46311,0.1199890633674423
141,46312,0.09771041514029394
141,46313,0.5581138024312393
141,46314,0.46363539700754625
141,46315,0.43793342132318847
141,46316,0.4106326477937619
141,46317,0.6516056798472207
141,46318,0.5665016879507588
141,46319,0.478897296174981
141,46320,0.6044137049786455
141,46321,0.898196687878457
141,46322,0.5182925316839077
141,46323,0.6292611460949092
141,46324,0.30188935204767925
141,46325,0.827665345622754
141,46326,0.3038037419732052
141,46327,0.456932369514178
141,46328,0.32012944895326845
141,46329,0.8907940298314767
141,46330,0.13353009426494797
141,46331,0.25461890816534294
141,46332,0.18984050370370298
141,46333,0.05440347555354813
141,46334,0.19535344987561437
141,46335,0.19116414849802613
141,46336,0.09880771256801751
141,46337,0.25935296025744575
141,46338,0.0870913853025955
141,46339,0.20109307093500695
141,46340,0.17145913706787122
141,46341,0.2585669843772093
141,46342,0.1619666930066964
141,46343,0.15985559946520606
141,46344,0.14877866311798207
141,46345,0.1732024915622768
141,46346,0.1387086275597636
141,46347,0.08886719318369717
141,46348,0.04739782851864582
141,46401,0.08234046806130278
141,46402,0.1793557804485353
141,46403,0.1864032946082719
141,46404,0.23401073971746744
141,46405,0.1634337018907378
141,46406,0.09803339885109527
141,46407,0.09139966408868716
141,46408,0.12133451354310285
141,46409,0.06787451214971676
141,46410,0.16044615876465168
141,46411,0.2917584581590532
141,46412,0.08183173328617327
141,46413,0.27809538066109707
141,46414,0.5500058888729914
141,46415,0.5690701773344874
141,46416,0.7894244655015228
141,46417,0.32505277289336315
141,46418,0.31110810444194054
141,46419,0.4049650029687799
141,46420,0.5415801410974603
141,46421,0.32814800320460646
141,46422,0.34202232724150505
141,46423,0.8293017341315657
141,46424,0.7036275772305783
141,46425,0.930274779933312
141,46426,0.6173529956545625
141,46427,0.33392869278947507
141,46428,0.5552067112431103
141,46429,0.4399537458283291
141,46430,0.15164370240181912
141,46431,0.1294574390078934
141,46432,0.08585555337971773
141,46433,0.41855555229375835
141,46434,0.2833864579845515
141,46435,0.5022058773359137
141,46436,0.12450184996759267
141,46437,0.31396197006426335
141,46438,0.15457610296878904
141,46439,0.23896794005427208
141,46440,0.2681159886057583
141,46441,0.13646150411136349
141,46442,0.1407314011421851
141,46443,0.2813903846632319
141,46444,0.05874640471225341
141,46445,0.2336515361936726
141,46446,0.30295490205726416
141,46447,0.24485995481066458
141,46448,0.24345157282354646
141,46501,0.2500270080689434
141,46502,0.059544726055383
141,46503,0.20666465878729556
141,46504,0.25878508745111634
141,46505,0.16700342988912834
141,46506,0.15507778282095996
141,46507,0.34304593256543614
141,46508,0.17698479404923742
141,46509,0.09358188642120822
141,46510,0.16577226269880882
141,46511,0.14501649047729878
141,46512,0.09172943937155062
141,46513,0.262773552783841
141,46514,0.9757659662559374
141,46515,0.45133607394365943
141,46516,0.38873153346409267
141,46517,0.44515470439351884
141,46518,0.496155566796219
141,46519,0.46433996157190105
141,46520,0.41524510495221983
141,46521,0.3487426275737627
141,46522,0.3367657614307896
141,46523,0.6334996790537704
141,46524,0.43784124316677075
141,46525,0.49021938580651425
141,46526,0.3709126087623932
141,46527,0.24170025094980044
141,46528,0.2777661091257559
141,46529,0.5156052290712556
141,46530,0.06848640297580796
141,46531,0.3384468816763631
141,46532,0.17146263589414548
141,46533,0.404051054843853
141,46534,0.36072262114395226
141,46535,0.1032364123707779
141,46536,0.3173953028714611
141,46537,0.38866651667594565
141,46538,0.2195676320254566
141,46539,0.47602498124444825
141,46540,0.48870609475635596
141,46541,0.7291432496608654
141,46542,0.6906856040764738
141,46543,0.6523993933159019
141,46544,0.3404154784383276
141,46545,0.12775914805834604
141,46546,0.12865146502131644
141,46547,0.10240805149370284
141,46548,0.24937565412615206
141,46601,0.13970003480665927
141,46602,0.13180171961389042
141,46603,0.1482936750385106
141,46604,0.19287307404028284
141,46605,0.18028290305788577
141,46606,0.1525879863561894
141,46607,0.09841342193666154
141,46608,0.1008353233245682
141,46609,0.2780215008933853
141,46610,0.30216729007101045
141,46611,0.2568727148298221
141,46612,0.2215775030980344
141,46613,0.29978511012818776
141,46614,0.7768381060120634
141,46615,0.6449693439977079
141,46616,0.28188831036762335
141,46617,0.7802061813994303
141,46618,0.40586012932093857
141,46619,0.7303624035206377
141,46620,0.47640658134705177
141,46621,0.26919150862984387
141,46622,0.24067966466314644
141,46623,0.6056890512685886
141,46624,0.8361690757298657
141,46625,0.4802151261572414
141,46626,0.9855395051414673
141,46627,0.5865283153033243
141,46628,0.6129967079384457
141,46629,0.5259786467415482
141,46630,0.1834947872861564
141,46631,0.1400321350062311
141,46632,0.2770812447714459
141,46633,0.17850163007690187
141,46634,0.1390566740978496
141,46635,0.5487315966103782
141,46636,0.6678717229602132
141,46637,0.5656007511214208
141,46638,0.13483802032023962
141,46639,0.31000979969305836
141,46640,0.4510515430642696
141,46641,0.3209916244542504
141,46642,0.3119627870661316
141,46643,0.1323332494240061
141,46644,0.5423539172760146
141,46645,0.39856411599845826
141,46646,0.2585709775216312
141,46647,0.1516213173660188
141,46648,0.13636028488939406
141,46701,0.0853309836528541
141,46702,0.17193933794544086
141,46703,0.11740500753176189
141,46704,0.12776501656259723
141,46705,0.1635063116015238
141,46706,0.22428642884645525
141,46707,0.18697459229333793
141,46708,0.1604116650773457
141,46709,0.11972691044264624
141,46710,0.10959896708175614
141,46711,0.23683441512859224
141,46712,0.14440577151809897
141,46713,0.1957863511306809
141,46714,0.3256164321398225
141,46715,0.6594447168366128
141,46716,0.724684719268794
141,46717,0.4422912917911782
141,46718,1.0304289023519386
141,46719,0.9775132807091609
141,46720,0.7029414996656439
141,46721,1.111664542107884
141,46722,0.5024778895733439
141,46723,0.8826143158205102
141,46724,1.544285668522712
141,46725,0.9593672044670836
141,46726,0.3453383458943082
141,46727,1.2667131883829539
141,46728,0.3149583127205828
141,46729,0.5891799046148435
141,46730,0.10312822840177865
141,46731,0.19220820296321106
141,46732,0.07946971051193591
141,46733,0.5633309471735322
141,46734,0.7427119259152563
141,46735,0.19734891015033434
141,46736,0.7823746731916394
141,46737,0.5539716092798452
141,46738,0.4605865425831088
141,46739,0.4713102015327749
141,46740,0.3791755634510924
141,46741,0.4824420117477289
141,46742,1.2992303573109523
141,46743,0.606141497118087
141,46744,0.7058100796322027
141,46745,0.23475773285773172
141,46746,0.16396624921213174
141,46747,0.09399034505633132
141,46748,0.09352653629541469
141,46801,0.1810904809755844
141,46802,0.11314056109354985
141,46803,0.24475885717709783
141,46804,0.38842042464464593
141,46805,0.15492539840051306
141,46806,0.16015653920073994
141,46807,0.15855302112679803
141,46808,0.05047504946184078
141,46809,0.25052139983993643
141,46810,0.2931865981030627
141,46811,0.1552622557412299
141,46812,0.2585862764578147
141,46813,0.12414047853998879
141,46814,0.3233274380410132
141,46815,0.8197466070675288
141,46816,0.5981462088901398
141,46817,0.5443018948084241
141,46818,0.6754040653171843
141,46819,0.27274084642517316
141,46820,0.2045166934471556
141,46821,0.5828152524820492
141,46822,0.29161902625761416
141,46823,0.7914863397917833
141,46824,0.7211947716036464
141,46825,0.8548466181084835
141,46826,0.27805407102259194
141,46827,0.7406360258903131
141,46828,0.8639812370368176
141,46829,0.347296475255571
141,46830,0.15366699465979122
141,46831,0.48030564042985135
141,46832,0.2934492843035322
141,46833,0.20332760645908987
141,46834,0.27154941241968883
141,46835,0.6781733003643465
141,46836,0.10505653114472006
141,46837,0.17131767645892268
141,46838,0.2913041670850269
141,46839,0.2789731146005228
141,46840,0.4466760668940515
141,46841,0.5332964732358372
141,46842,0.26213057674485907
141,46843,0.5301797107078978
141,46844,0.2305045598652238
141,46845,0.5252821848947297
141,46846,0.6210428258178093
141,46847,0.2829880014849385
141,46848,0.24125229333285542
141,46901,0.11362478149809424
141,46902,0.15105390796819856
141,46903,0.440146119868018
141,46904,0.23774730172533864
141,46905,0.17588965268383602
141,46906,0.09327754354162662
141,46907,0.2808733690470889
141,46908,0.22993136072603595
141,46909,0.12506556138655914
141,46910,0.09837594834171563
141,46911,0.2275362109263257
141,46912,0.23206965799624424
141,46913,0.14437801469662895
141,46914,1.0839754273692206
141,46915,0.7815834119308667
141,46916,0.713628618920001
141,46917,0.35439919657556385
141,46918,0.3912811206632126
141,46919,1.2012762933520529
141,46920,1.2188721480630091
141,46921,1.2099569127838172
141,46922,0.5109921614104707
141,46923,0.7402818617171587
141,46924,0.5188632510457212
141,46925,0.44832000228674507
141,46926,0.7917362919193034
141,46927,0.39411621479977904
141,46928,0.9666234015995101
141,46929,0.7661959910610786
141,46930,0.1556869328450114
141,46931,0.19701240877231388
141,46932,0.2851720635646669
141,46933,0.334209914155392
141,46934,0.16868011331283975
141,46935,0.4032126025672991
141,46936,0.4029507665183072
141,46937,0.2762131809958434
141,46938,0.17796856659521346
141,46939,0.6109234842510739
141,46940,0.5241817289195041
141,46941,0.7178583605624479
141,46942,0.35645617075373776
141,46943,0.5107973862867485
141,46944,0.4949481360896863
141,46945,0.49754895413741274
141,46946,0.12768893412280666
141,46947,0.3830945118046625
141,46948,0.33354731332497944
141,47001,0.178146726946824
141,47002,0.08087248199012471
141,47003,0.20323478543795764
141,47004,0.23777487140788306
141,47005,0.2611559340202261
141,47006,0.17411128551766902
141,47007,0.1399491863536253
141,47008,0.20107419977006388
141,47009,0.3544855398258342
141,47010,0.16811789973865304
141,47011,0.16252054570937913
141,47012,0.22105822883327259
141,47013,0.15424140253436783
141,47014,0.8973307874508266
141,47015,0.6296988996033074
141,47016,0.41326202631408177
141,47017,0.8835827320814787
141,47018,0.9196156868556887
141,47019,0.253738067209991
141,47020,0.5331495348604866
141,47021,0.41448193316771165
141,47022,0.24897077182190414
141,47023,0.6270665020602333
141,47024,0.7602603312137857
141,47025,0.782970985853341
141,47026,0.7580670088640817
141,47027,0.564912133116887
141,47028,0.7485073649279111
141,47029,0.43694543848277895
141,47030,0.3702070727353597
141,47031,0.3741280211943866
141,47032,0.4169767406215103
141,47033,0.11737342872528105
141,47034,0.34578608514309467
141,47035,0.3020881779804275
141,47036,0.48796435077080463
141,47037,0.599211968477988
141,47038,0.29821885808579085
141,47039,0.2372624724521023
141,47040,0.8235658679302074
141,47041,0.16688937410437318
141,47042,0.5816762711359028
141,47043,0.24028070844838134
141,47044,0.32212358580980943
141,47045,0.33417366121828407
141,47046,0.3870453908535734
141,47047,0.2840034361345457
141,47048,0.06820440282545083
141,47101,0.056379452694153745
141,47102,0.32462798829929074
141,47103,0.25660503491560893
141,47104,0.1592817195272323
141,47105,0.256499168155253
141,47106,0.25939486510469645
141,47107,0.058536499160179827
141,47108,0.07756330696977799
141,47109,0.2533107727476305
141,47110,0.07245976827369703
141,47111,0.09265953486996317
141,47112,0.18269556468170114
141,47113,0.48050085596586284
141,47114,0.9621117082456445
141,47115,0.8464233870920633
141,47116,0.6278929507305522
141,47117,0.8355727363065512
141,47118,0.2171340112787692
141,47119,0.542426050779403
141,47120,0.4340491179698332
141,47121,1.0702127984141852
141,47122,0.6324599770997754
141,47123,0.9567107585635451
141,47124,0.40632309241984255
141,47125,0.7184408634949353
141,47126,0.5000100854775886
141,47127,0.6306834313125537
141,47128,0.7396643824027145
141,47129,0.7228963665044544
141,47130,0.33174542865269585
141,47131,0.22485977675984578
141,47132,0.14434738967984023
141,47133,0.29142796167354834
141,47134,0.17988243052556038
141,47135,0.19135363505702863
141,47136,0.3075814397609511
141,47137,0.2842241724478795
141,47138,0.12770290133349863
141,47139,0.2518422876397138
141,47140,0.08881262991975572
141,47141,0.22485548085508925
141,47142,0.25015097564108957
141,47143,0.15079703296912297
141,47144,0.31989436937547483
141,47145,0.4883957557671953
141,47146,0.28336634632375257
141,47147,0.5249571053001404
141,47148,0.2577737836182442
141,47201,0.2496468044201265
141,47202,0.17003322092606948
141,47203,0.13372496025386735
141,47204,0.21996336359211957
141,47205,0.24613334663378117
141,47206,0.21505693553209781
141,47207,0.22942893188109814
141,47208,0.16324504181672522
141,47209,0.09337455531603882
141,47210,0.22614811454349132
141,47211,0.12124195618841163
141,47212,0.15020894260974768
141,47213,0.130953150500513
141,47214,0.8205968117115328
141,47215,0.3754899003015642
141,47216,0.39187352462764063
141,47217,0.8555280209886056
141,47218,0.8707017245418077
141,47219,0.23801966616463016
141,47220,0.531320899483492
141,47221,0.44776895423791374
141,47222,0.346719819466388
141,47223,1.2107506783674842
141,47224,0.5904679119016645
141,47225,1.2448633581274777
141,47226,1.268121182934753
141,47227,1.2397693475569738
141,47228,1.3852575442042288
141,47229,0.6607728999075383
141,47230,0.2562520535786741
141,47231,0.17129740802947133
141,47232,0.056129187759575296
141,47233,0.10292247728032948
141,47234,0.10063252154783892
141,47235,0.17059452170289752
141,47236,0.2627232655713861
141,47237,0.43195314826410447
141,47238,0.40706531571086746
141,47239,1.4032009500088278
141,47240,0.8442161902410208
141,47241,0.7526521047536969
141,47242,0.35861042069721555
141,47243,0.313994222092327
141,47244,0.22920846377144485
141,47245,0.365838607940397
141,47246,0.1042757097198248
141,47247,0.27496139630153954
141,47248,0.2482973232342817
141,47301,0.3757642762019042
141,47302,0.3601322573374595
141,47303,0.14242456148513602
141,47304,0.17077870126834763
141,47305,0.26330378290513023
141,47306,0.13307027414613232
141,47307,0.054138493967473236
141,47308,0.050412976013956036
141,47309,0.16862244101822338
141,47310,0.11604160901869233
141,47311,0.17186987050977887
141,47312,0.08635589161860813
141,47313,0.3443359117119141
141,47314,0.9354326375954384
141,47315,0.24614408073138436
141,47316,0.24815717204853355
141,47317,0.5084406080792934
141,47318,0.21221916861568313
141,47319,0.6914059897295277
141,47320,1.0263969291135837
141,47321,0.6855815457117221
141,47322,1.0453927547275388
141,47323,0.44684536411450965
141,47324,0.8356369767551345
141,47325,0.7088098247819465
141,47326,0.8207934968700608
141,47327,0.8397676814372629
141,47328,0.9375065483375391
141,47329,1.8025074984638603
141,47330,0.5294337919888141
141,47331,0.1745196259640132
141,47332,0.39887224962905193
141,47333,0.3058463258828267
141,47334,0.29085816725809227
141,47335,0.31973672745200776
141,47336,0.45296915246751757
141,47337,0.5570619420370715
141,47338,0.5877599420878411
141,47339,0.3155807577510911
141,47340,0.295444617309404
141,47341,0.28450175586332127
141,47342,0.6531320610647808
141,47343,0.4602407035333188
141,47344,0.549330736144621
141,47345,0.412554572877253
141,47346,0.25926444066659987
141,47347,0.24063942109095776
141,47348,0.12123629113200528
141,47401,0.12797519643927072
141,47402,0.17531177493789835
141,47403,0.35529243198646926
141,47404,0.15173593905437027
141,47405,0.11871510740665565
141,47406,0.19257994118028035
141,47407,0.2803919258441973
141,47408,0.08602827581390537
141,47409,0.18920084719219163
141,47410,0.1935980815653952
141,47411,0.07115083106336631
141,47412,0.21072865050570874
141,47413,0.2470469256947568
141,47414,0.6565850729273979
141,47415,0.36761000651873654
141,47416,0.7182475189412899
141,47417,0.699459917623597
141,47418,0.886818769106156
141,47419,0.3264133285287354
141,47420,0.24428528541435646
141,47421,0.5224077950925516
141,47422,0.5350456303121597
141,47423,0.4621471732417817
141,47424,1.1918686798876894
141,47425,0.41000274054457597
141,47426,0.5819643392086005
141,47427,0.9013352744278837
141,47428,0.44664601766894474
141,47429,0.5521501034465501
141,47430,0.23803068753708992
141,47431,0.11205128468550662
141,47432,0.25918092956858324
141,47433,0.3224649670712152
141,47434,0.5622701562138949
141,47435,0.3754695674649727
141,47436,0.7736980753377982
141,47437,1.7579444459496751
141,47438,0.5259480464488828
141,47439,0.2600335236215927
141,47440,0.4634365695432133
141,47441,0.6978661987895859
141,47442,0.701224057850885
141,47443,0.3185241753798787
141,47444,0.44303820768021585
141,47445,0.40467634784979867
141,47446,0.15087997174736414
141,47447,0.3391870156468687
141,47448,0.18767933667075515
141,47501,0.3153561630314325
141,47502,0.39283728775662025
141,47503,0.10588359029195507
141,47504,0.21393733952543906
141,47505,0.201820116580655
141,47506,0.304029935983823
141,47507,0.2433149899828418
141,47508,0.17538955936987025
141,47509,0.17994785499043614
141,47510,0.12851076798128266
141,47511,0.20667738567523686
141,47512,0.2866698793382076
141,47513,0.23473926386926908
141,47514,0.8745193339491986
141,47515,0.29221544507327196
141,47516,0.3510530729329463
141,47517,0.25815094578658176
141,47518,0.9232216792995269
141,47519,0.8704704358004828
141,47520,1.0093644983167596
141,47521,0.8793633993952668
141,47522,0.6006282993075704
141,47523,0.7873432039092567
141,47524,0.35858503550361925
141,47525,0.47452550257329335
141,47526,0.6229905721733513
141,47527,0.6888259046243993
141,47528,0.2618906635993998
141,47529,0.585671056150633
141,47530,0.46749253274562136
141,47531,0.3441227418338174
141,47532,0.5542794734023677
141,47533,0.3436835979323758
141,47534,0.3126867614027239
141,47535,0.34581801704101267
141,47536,0.5749182252171927
141,47537,1.1131533884264528
141,47538,0.9355104515829179
141,47539,0.6843097831356473
141,47540,0.5964278874177467
141,47541,0.28384276283185406
141,47542,0.7693937159111489
141,47543,0.5554076810028987
141,47544,0.47754958739136055
141,47545,0.26309838754746234
141,47546,0.20266614242605602
141,47547,0.3252460508252106
141,47548,0.2270108270709177
141,47601,0.13583500805973905
141,47602,0.3049432290104527
141,47603,0.30387589932241527
141,47604,0.18884507272271348
141,47605,0.21516228752253172
141,47606,0.3311111594660393
141,47607,0.12682791030726182
141,47608,0.17999438234087145
141,47609,0.1968600532656048
141,47610,0.09356372615945445
141,47611,0.18635790010355396
141,47612,0.15380961510852925
141,47613,0.3703279852748105
141,47614,0.719972022318052
141,47615,0.40056395731757277
141,47616,0.2462504324861721
141,47617,0.9468471358554934
141,47618,0.6937666205531989
141,47619,0.5608199945611639
141,47620,0.7671268114354882
141,47621,0.8125075048487825
141,47622,0.34745335505275643
141,47623,0.79928971183785
141,47624,0.21002895704346167
141,47625,0.35267659324488015
141,47626,0.40688153946658706
141,47627,0.6025909228206339
141,47628,1.1679599332457524
141,47629,0.46989411135329057
141,47630,0.29878515851988424
141,47631,0.19458721001998408
141,47632,0.6923647559206488
141,47633,0.433689784430583
141,47634,0.7937438133872651
141,47635,0.6839242417257003
141,47636,0.297743490284247
141,47637,0.8050190961098987
141,47638,0.24437284872067375
141,47639,1.0121976856196488
141,47640,0.5882573343187699
141,47641,0.7280599115635884
141,47642,0.6976444659454235
141,47643,0.4682957990109132
141,47644,0.30011545755444413
141,47645,0.19669740119087636
141,47646,0.380680166389303
141,47647,0.3013995473680488
141,47648,0.20448947371300544
141,47701,0.09730975251250915
141,47702,0.13815673439698942
141,47703,0.1695593134577751
141,47704,0.16769680195230469
141,47705,0.3132801366878362
141,47706,0.1286093819479565
141,47707,0.14711452383639434
141,47708,0.25897936081368045
141,47709,0.28848046087219303
141,47710,0.19683683547381378
141,47711,0.16666218551793943
141,47712,0.07898197291913131
141,47713,0.38210392427091205
141,47714,0.3015441393236448
141,47715,0.6957899420587013
141,47716,0.8372303321739378
141,47717,0.3611361817089447
141,47718,0.20200370421289
141,47719,0.7313579753338963
141,47720,0.967475245798256
141,47721,0.7463589049979437
141,47722,0.3652729167265077
141,47723,0.37489962331731724
141,47724,0.2054748597331394
141,47725,0.09662208635464832
141,47726,0.32406813568637627
141,47727,0.16329396571968363
141,47728,1.002708064354546
141,47729,0.46959198079711784
141,47730,0.3884016220294133
141,47731,0.5980943140971534
141,47732,0.5900910477870489
141,47733,0.409631275675558
141,47734,0.228761761581964
141,47735,0.7541152320745449
141,47736,0.6942384425286762
141,47737,0.3290465362249422
141,47738,0.22946125165224526
141,47739,0.4313110032074338
141,47740,0.2259612891302033
141,47741,0.46267170397207946
141,47742,0.2098616892286292
141,47743,0.5436000762619554
141,47744,0.4360356423130076
141,47745,0.5761251812655662
141,47746,0.23815062703971973
141,47747,0.37501433645196347
141,47748,0.18818848238154096
141,47801,0.16183235680854977
141,47802,0.20511276054617744
141,47803,0.19211137617384208
141,47804,0.32631922205154623
141,47805,0.17735169826373615
141,47806,0.19050101421480967
141,47807,0.2960356247272347
141,47808,0.2126593080571168
141,47809,0.1332055429738961
141,47810,0.16221248147767262
141,47811,0.23493029491399298
141,47812,0.2961745483711066
141,47813,0.14442296086081283
141,47814,0.423454416372506
141,47815,0.8003768386138788
141,47816,0.483436582184074
141,47817,0.6610487737971431
141,47818,0.3069726657770472
141,47819,0.21813949354852008
141,47820,0.49421107205921927
141,47821,0.7575114567481406
141,47822,0.24853874233896028
141,47823,1.4791076968051864
141,47824,0.6992055855666357
141,47825,1.0425534581876272
141,47826,1.4750402129680884
141,47827,0.3724932918945699
141,47828,1.4621535736206295
141,47829,0.2962308721853078
141,47830,0.5302717421135392
141,47831,0.1748103415396349
141,47832,0.24324967270926875
141,47833,0.2398786684767909
141,47834,0.08398643120828353
141,47835,0.1606576263201023
141,47836,0.19628193144815465
141,47837,0.2087810897330893
141,47838,0.28913798680134045
141,47839,0.08689530132000493
141,47840,0.1483882979346116
141,47841,0.30718240794278323
141,47842,0.34769894674757523
141,47843,0.22380982788402354
141,47844,0.24670830362567442
141,47845,0.15831330150941997
141,47846,0.2271159700690218
141,47847,0.18230731229400937
141,47848,0.28895752723223744
141,47901,0.2514625312363726
141,47902,0.33138708793900323
141,47903,0.2559531750839682
141,47904,0.30945577362097315
141,47905,0.10967460018527028
141,47906,0.23481650754508473
141,47907,0.07161928316896192
141,47908,0.22314837390493597
141,47909,0.20641438423889405
141,47910,0.15217264893071147
141,47911,0.07692165303277997
141,47912,0.09122385545518506
141,47913,0.46162022381253415
141,47914,0.2622224391169748
141,47915,0.500749833504936
141,47916,0.4976641866623317
141,47917,0.33389915675189996
141,47918,0.38446642496740335
141,47919,0.8572627182676081
141,47920,0.8347278162906778
141,47921,0.3167788135787327
141,47922,0.3507798780930921
141,47923,1.0681262492430692
141,47924,0.3478696948754085
141,47925,0.5617947581226006
141,47926,0.9075041160648113
141,47927,0.890699462919877
141,47928,1.1972227660795784
141,47929,1.8283813716608373
141,47930,1.2943641065564007
141,47931,1.2908773722347369
141,47932,1.7629677801695516
141,47933,0.30537390758472494
141,47934,0.3268802726899577
141,47935,1.156277686448063
141,47936,0.5175534818294732
141,47937,0.4803504636563955
141,47938,0.17945441862948333
141,47939,0.5903586730696052
141,47940,0.6328526733459663
141,47941,0.2858295377706963
141,47942,0.29939862659853606
141,47943,0.4078974703373872
141,47944,0.3491169820044604
141,47945,0.40330917315776005
141,47946,0.21890921965227442
141,47947,0.3108418274811244
141,47948,0.1333086983655648
141,48001,0.23537062225107705
141,48002,0.20463013343520112
141,48003,0.2286872747577547
141,48004,0.26082983437045687
141,48005,0.2504362279742474
141,48006,0.1695673599497451
141,48007,0.11192540485638543
141,48008,0.15749409691514574
141,48009,0.20998535655602604
141,48010,0.15135702566417775
141,48011,0.22681255271510156
141,48012,0.15701497931400746
141,48013,0.3274128010378434
141,48014,0.36031190583284867
141,48015,0.8895806346071414
141,48016,0.5999513719489649
141,48017,0.8480290312792474
141,48018,0.8452147193476437
141,48019,0.4458166644151879
141,48020,0.7412796975286299
141,48021,1.025488146301734
141,48022,0.4897707055369932
141,48023,0.8472037090575542
141,48024,0.46580505873433947
141,48025,0.9975229225224654
141,48026,0.4949150405090359
141,48027,0.5156298938951395
141,48028,0.7073309141913475
141,48029,0.5391208742325359
141,48030,0.14430267784888795
141,48031,0.14063030746327412
141,48032,0.25390746505946
141,48033,0.6794708897828822
141,48034,0.4720553786180249
141,48035,0.6903039327615731
141,48036,0.4927241218081535
141,48037,0.362645019152081
141,48038,0.4141157598284265
141,48039,0.26915875359002855
141,48040,0.5515136043271623
141,48041,0.19927099464094358
141,48042,0.2055979931455178
141,48043,0.37966670951238807
141,48044,0.5095120007314996
141,48045,0.4960506673958627
141,48046,0.40328950594880403
141,48047,0.13919692012351023
141,48048,0.12118465286032143
141,48101,0.08700965754952335
141,48102,0.09731090467200337
141,48103,0.2092396589307243
141,48104,0.14138114705404503
141,48105,0.24986796035269096
141,48106,0.25375027129922945
141,48107,0.23682934336888348
141,48108,0.06158704672746188
141,48109,0.0912329753253189
141,48110,0.19214480580451018
141,48111,0.2905956676935762
141,48112,0.36050651507310655
141,48113,0.31701121430621054
141,48114,0.8684320646170561
141,48115,0.763465504305641
141,48116,0.4979844759941998
141,48117,0.7499548458163348
141,48118,0.9687584280547178
141,48119,0.4357514792026686
141,48120,0.325018327022678
141,48121,0.36072008704763286
141,48122,0.512929180427324
141,48123,0.3130856148655792
141,48124,1.0540027684309905
141,48125,1.4058503497922281
141,48126,2.0222672249101574
141,48127,1.4863188457551681
141,48128,1.6405283295445496
141,48129,0.4623737071892113
141,48130,0.4830995564990384
141,48131,1.101320817242537
141,48132,0.48938693590091426
141,48133,0.6614490353143827
141,48134,0.2808447270216018
141,48135,0.7809869829703736
141,48136,1.0395519075707518
141,48137,0.5620007802668784
141,48138,0.7495941520284894
141,48139,0.8330694807202509
141,48140,0.4199536827793561
141,48141,0.5778557113518209
141,48142,0.7150970314036533
141,48143,0.5887231190001446
141,48144,0.47989957551828016
141,48145,0.47581211415588315
141,48146,0.5304017452309566
141,48147,0.3373029575601193
141,48148,0.36067383915420026
141,48201,0.2668720847113068
141,48202,0.14562936488532885
141,48203,0.11169403491435469
141,48204,0.12700080209246828
141,48205,0.23831703080006153
141,48206,0.3207489808649667
141,48207,0.27370456165371476
141,48208,0.1893044766408295
141,48209,0.20859938054599608
141,48210,0.17085829127008476
141,48211,0.27297523555958847
141,48212,0.16086895086235334
141,48213,0.25829505467424074
141,48214,1.212048201719794
141,48215,1.2925908823760286
141,48216,0.5681013595059745
141,48217,0.4611601897727765
141,48218,0.3531112584633832
141,48219,0.4034286450342825
141,48220,0.41900618564275155
141,48221,0.8706300777578894
141,48222,0.26859428327024953
141,48223,0.9654491798283635
141,48224,0.4194970444098015
141,48225,0.4576845401678992
141,48226,0.6613389842527819
141,48227,0.9508841946447776
141,48228,0.7468301582822503
141,48229,0.3540234123187349
141,48230,0.12028358481449201
141,48231,0.147370434919254
141,48232,1.1313858093291875
141,48233,0.8215101614532642
141,48234,0.23599797978758777
141,48235,0.41156921318792217
141,48236,0.8350573771906465
141,48237,0.41817466326344316
141,48238,0.5578716962054556
141,48239,0.5913313987737034
141,48240,0.20193731888396693
141,48241,0.43848491522169525
141,48242,0.4297013365824549
141,48243,0.33584984570350396
141,48244,1.6034953891515886
141,48245,1.3887540264101688
141,48246,0.40545147708623913
141,48247,0.28461649165482
141,48248,0.06191888831532987
141,48301,0.20917633506525293
141,48302,0.28879235799348185
141,48303,0.19346397821346903
141,48304,0.12271488120952566
141,48305,0.15524463065621588
141,48306,0.31052468009113504
141,48307,0.18785701075082284
141,48308,0.12342618353266684
141,48309,0.16456779009699624
141,48310,0.23650512441346677
141,48311,0.23193020660421526
141,48312,0.4028635768338768
141,48313,0.4021746514008524
141,48314,0.7971845166795934
141,48315,0.3733048778218728
141,48316,0.3933371767583877
141,48317,0.7527733787749064
141,48318,0.34102103851734233
141,48319,0.6835785057864661
141,48320,1.318608612044672
141,48321,0.49103137454700274
141,48322,0.47264767599678953
141,48323,0.4302234853800055
141,48324,0.26944706715596245
141,48325,0.7105957193855484
141,48326,0.9815386755356921
141,48327,0.3322713240881855
141,48328,0.5920798641092141
141,48329,1.122482441076495
141,48330,0.2012436265651234
141,48331,0.12993983861245553
141,48332,0.2851345383133636
141,48333,0.10928097235981427
141,48334,0.4919311379400687
141,48335,0.2218346863161679
141,48336,0.3357681927223399
141,48337,0.36107944250641155
141,48338,0.7678707210263703
141,48339,0.7376491689047623
141,48340,0.48657707626382507
141,48341,0.7811223214109283
141,48342,1.2369779934725673
141,48343,0.9614823166367582
141,48344,0.19022046229953027
141,48345,1.0117572804830497
141,48346,1.1170641163211907
141,48347,0.7532699754928657
141,48348,0.5684118123968012
141,48401,0.5546702779421802
141,48402,0.5013988862048637
141,48403,0.17778630603108217
141,48404,0.15429632020661166
141,48405,0.09261444291071591
141,48406,0.19813989645539798
141,48407,0.10626744517064192
141,48408,0.20245032398258322
141,48409,0.17230278098106813
141,48410,0.3039475984065942
141,48411,0.1268136517574822
141,48412,0.15858102409225655
141,48413,0.5014428929471425
141,48414,0.9270685534462098
141,48415,0.9146881522422932
141,48416,0.5270402760921076
141,48417,0.7858077518472834
141,48418,0.9762137494826485
141,48419,0.3914449157783246
141,48420,0.7613641354101146
141,48421,0.7117674004828083
141,48422,0.6779978101571723
141,48423,0.77184752920856
141,48424,2.044651557303248
141,48425,0.6761156917867839
141,48426,0.3737404498065561
141,48427,0.7282812139411593
141,48428,0.7934548359641753
141,48429,0.5350373217154359
141,48430,0.4857923015985526
141,48431,0.322270249119164
141,48432,0.6880914838709109
141,48433,0.2891605384390953
141,48434,0.14750954416664896
141,48435,0.13207251283830918
141,48436,0.2388434252187675
141,48437,0.40451354468491707
141,48438,0.125574740689711
141,48439,0.8911865687385581
141,48440,0.2921612254232568
141,48441,0.48868244241980574
141,48442,0.504120237329491
141,48443,0.5610032405378773
141,48444,0.3831549390236552
141,48445,0.5011245005196382
141,48446,0.6670360205953022
141,48447,0.7198310077480011
141,48448,0.494078153516676
141,48501,0.47108910432311013
141,48502,0.07574850406507895
141,48503,0.12837215628101967
141,48504,0.17887462722209976
141,48505,0.2535823478994553
141,48506,0.2231967642520924
141,48507,0.08117717324704248
141,48508,0.10506634969231421
141,48509,0.2362425624585003
141,48510,0.19820947921654453
141,48511,0.0684231556884864
141,48512,0.12097837123309448
141,48513,0.15490242168856477
141,48514,0.16550422724540373
141,48515,0.08803482793743253
141,48516,0.16734377968872105
141,48517,0.08494935184933211
141,48518,0.08876275509234038
141,48519,0.07120326651715207
141,48520,0.1360395637450365
141,48521,0.308132932267355
141,48522,0.27942120383825614
141,48523,0.2970216366760163
141,48524,0.24748717947923893
141,48525,0.21182866551776108
141,48526,0.2977188339909328
141,48527,0.12113510012295829
141,48528,0.12164290653586622
141,48529,0.36964583808629786
141,48530,0.1714398478412374
141,48531,0.05543186137924258
141,48532,0.1461140556658226
141,48533,0.11368892964119694
141,48534,0.24147228408655186
141,48535,0.3097246943369873
141,48536,0.4706196663329934
141,48537,0.7913108249559514
141,48538,0.5718788195827718
141,48539,0.49052531107223823
141,48540,0.4954288330280484
141,48541,0.08984176554858046
141,48542,0.29657451314147293
141,48543,0.260892474761342
141,48544,0.29901163536490194
141,48545,0.36103740242888505
141,48546,0.1329275873883589
141,48547,0.18945858756273742
141,48548,0.25920955854377065
141,48601,0.33259941514510905
141,48602,0.2876101141294741
141,48603,0.31582880773418515
141,48604,0.22558757468216753
141,48605,0.17827942448758258
141,48606,0.19931279560296317
141,48607,0.23523335376015883
141,48608,0.08169706836193744
141,48609,0.1964745202520155
141,48610,0.17430789892536067
141,48611,0.20001506115237144
141,48612,0.20073716177231
141,48613,0.22702586932218785
141,48614,0.7714663957891522
141,48615,0.6619618064561958
141,48616,0.6221364081245553
141,48617,0.6801362698198815
141,48618,0.5737236378336917
141,48619,0.824928290327847
141,48620,0.43734435809255423
141,48621,0.3076475436841294
141,48622,0.35549212317521756
141,48623,1.4871498050506557
141,48624,1.045934795341137
141,48625,0.787695215910672
141,48626,1.1383815888200657
141,48627,1.7780012501563442
141,48628,0.5814605301005557
141,48629,0.38886127325442943
141,48630,0.4256739418920857
141,48631,0.19117885263203682
141,48632,0.17017649791253103
141,48633,0.4030525415441205
141,48634,0.681149748781034
141,48635,0.4760459620172445
141,48636,0.21701553210524893
141,48637,0.9121364120470139
141,48638,0.2123224929976552
141,48639,0.5202643334699767
141,48640,0.28864234908359676
141,48641,0.4959862589271685
141,48642,0.19613444527623813
141,48643,0.40939433227808836
141,48644,0.433959105908234
141,48645,0.2648522520601291
141,48646,0.1741947496700664
141,48647,0.3242833602441745
141,48648,0.18865417487306022
141,48701,0.2234572825401711
141,48702,0.11227870886046543
141,48703,0.1463922880267025
141,48704,0.13614844774706514
141,48705,0.2816591775532223
141,48706,0.1997609144298692
141,48707,0.0640615650888901
141,48708,0.11846667852833542
141,48709,0.12378416305581225
141,48710,0.17273683641215376
141,48711,0.10292233762337546
141,48712,0.23175292636723838
141,48713,0.09064104597465521
141,48714,0.08517687084458532
141,48715,0.1981827802318493
141,48716,0.1729220915542098
141,48717,0.2687007690737284
141,48718,0.23031530196890918
141,48719,0.11674038003204648
141,48720,0.08625609900685999
141,48721,0.062297847317561
141,48722,0.15685309715138393
141,48723,0.07383229436517684
141,48724,0.08065586848862202
141,48725,0.09041754765394207
141,48726,0.23592501967410073
141,48727,0.04371016038195811
141,48728,0.191301429013353
141,48729,0.5644187395848131
141,48730,0.38702775137753287
141,48731,0.19720037747809857
141,48732,0.2876057836578256
141,48733,0.336408341089839
141,48734,0.13038993236263002
141,48735,0.44370630138227657
141,48736,0.44925955777344095
141,48737,0.3325673348580608
141,48738,0.19426900612237297
141,48739,0.7368381436666551
141,48740,0.566896554923221
141,48741,0.19190717003554206
141,48742,0.5048339753528311
141,48743,0.2288089303610245
141,48744,0.23134469637215474
141,48745,0.2775309228566104
141,48746,0.18554392812611528
141,48747,0.19426470223648695
141,48748,0.4274896657921257
141,48801,0.21309465097284838
141,48802,0.15127245320657307
141,48803,0.10942026443649386
141,48804,0.3253545212948086
141,48805,0.21101534354477752
141,48806,0.09392414904420245
141,48807,0.20397505340716615
141,48808,0.060776387756608076
141,48809,0.1877465152141404
141,48810,0.21122898603861734
141,48811,0.07310016003045167
141,48812,0.18256495639645773
141,48813,0.6639555835363952
141,48814,0.666076129505652
141,48815,0.33224307292800237
141,48816,0.6256020869557829
141,48817,0.9005646168813565
141,48818,0.4904806935605919
141,48819,0.8101927556801739
141,48820,0.3235138693293886
141,48821,1.530262792554425
141,48822,0.4955684024352771
141,48823,1.8015933894413458
141,48824,1.6169580931870977
141,48825,1.6440762893107597
141,48826,0.6920924930796793
141,48827,1.3577992734500948
141,48828,0.8249217190984803
141,48829,1.4218974996816314
141,48830,0.5570901924494359
141,48831,0.21791428956792525
141,48832,0.4193887851950522
141,48833,0.357030501360991
141,48834,0.5105216641816814
141,48835,0.35568978563655734
141,48836,0.3321199602008054
141,48837,0.95746108202617
141,48838,0.904758520990409
141,48839,0.8372011627375995
141,48840,0.2972401746494435
141,48841,0.5207334176207752
141,48842,0.6092357917598878
141,48843,0.4087676979559985
141,48844,0.5311608192557756
141,48845,0.1851304888271394
141,48846,0.4660149791851778
141,48847,0.1272763754839897
141,48848,0.0891933018958702
141,48901,0.22875570754205798
141,48902,0.3798666313181114
141,48903,0.3222652790843065
141,48904,0.1303924823105782
141,48905,0.135200735633671
141,48906,0.2366998074578582
141,48907,0.3702864336016119
141,48908,0.22649170901041932
141,48909,0.2194115677107104
141,48910,0.3485573658437647
141,48911,0.07171247158784413
141,48912,0.058342879247423415
141,48913,0.2619124462498901
141,48914,0.9308255112495263
141,48915,1.1900764839352342
141,48916,0.49874905417582766
141,48917,0.6251561472929766
141,48918,0.268378556395045
141,48919,0.39491188653867587
141,48920,0.23225916681911074
141,48921,0.4358695960977338
141,48922,0.5896431644766267
141,48923,0.497217931664368
141,48924,0.4457490707153418
141,48925,0.6627082006484663
141,48926,0.8574000702802382
141,48927,0.48237915896047223
141,48928,0.304819217657467
141,48929,0.49544816818863086
141,48930,0.07221032982091753
141,48931,0.07100006040022729
141,48932,0.08646527242556452
141,48933,0.3814937129006649
141,48934,0.1347617575481157
141,48935,0.22179170092900793
141,48936,0.31838303481618074
141,48937,0.317558102771587
141,48938,0.9468369031432764
141,48939,0.6769711247329081
141,48940,0.8659717861219334
141,48941,0.24793185011950084
141,48942,0.39727365874658344
141,48943,0.2850632469614058
141,48944,0.5437827687735957
141,48945,0.3640072438230098
141,48946,0.35599157554441246
141,48947,0.09748766344370517
141,48948,0.18865097655536997
141,49001,0.0741171183320938
141,49002,0.21662805300489493
141,49003,0.1384862375328691
141,49004,0.1674421494081697
141,49005,0.09620066311166345
141,49006,0.1890556241430166
141,49007,0.16345994836381275
141,49008,0.27170940971361435
141,49009,0.21999113786580074
141,49010,0.19955597429816935
141,49011,0.2001235560226647
141,49012,0.2003135028548743
141,49013,0.5242639905978344
141,49014,0.7912931607186381
141,49015,0.41472290541269674
141,49016,0.8251402074863518
141,49017,0.8685600775571075
141,49018,0.5630257512061113
141,49019,1.111924388004138
141,49020,0.4598899093959416
141,49021,1.0125794634451208
141,49022,0.7605765006962347
141,49023,0.4470828731401119
141,49024,0.5260210757686484
141,49025,0.644815846435797
141,49026,0.44658221697728073
141,49027,0.8354597945471369
141,49028,0.46073140733983053
141,49029,0.42006196645503674
141,49030,0.6553446670450958
141,49031,0.39860425348937134
141,49032,0.31067362274089444
141,49033,0.10942317913530453
141,49034,0.16579056084703678
141,49035,0.14428198743587314
141,49036,0.20013928583601548
141,49037,0.4326404070117492
141,49038,1.0109365229525797
141,49039,1.0204728892941957
141,49040,0.7714150685218485
141,49041,0.2792806315374381
141,49042,0.4446403930954039
141,49043,0.37277493491357033
141,49044,0.5341058639567531
141,49045,0.28228752249961886
141,49046,0.489701540917871
141,49047,0.40534967642430686
141,49048,0.31271279548283065
141,49101,0.08430791651617853
141,49102,0.07387965948853925
141,49103,0.20695776042686242
141,49104,0.147607161615438
141,49105,0.2286808796256994
141,49106,0.08305933312877829
141,49107,0.09103290237367327
141,49108,0.08609768576558385
141,49109,0.36018555975736205
141,49110,0.06557852694867444
141,49111,0.23100931640945838
141,49112,0.18874627773176555
141,49113,0.5570220842339946
141,49114,1.2481996319668058
141,49115,0.7241794258386552
141,49116,0.7992371441921496
141,49117,0.5357716253277938
141,49118,0.8205921349762716
141,49119,0.9251847361275104
141,49120,0.5568249333869361
141,49121,0.33749719310651155
141,49122,0.48484669247296835
141,49123,0.38590898994010403
141,49124,0.5128510210347789
141,49125,0.9362450465562495
141,49126,0.7011718840076288
141,49127,0.6185723963993119
141,49128,0.667577507849314
141,49129,0.5654830885020045
141,49130,0.501970612582909
141,49131,0.24704963268040106
141,49132,0.5131716455149237
141,49133,0.4793533918147203
141,49134,0.29999175370533887
141,49135,0.9868028883783719
141,49136,0.37902157090861
141,49137,0.526672329319874
141,49138,0.8474171479619705
141,49139,1.3395784971040103
141,49140,0.6057293038102117
141,49141,0.5502028505075047
141,49142,0.5532880866271874
141,49143,0.49330076178547755
141,49144,0.21075780470599523
141,49145,0.6292156550285369
141,49146,0.5671894754977731
141,49147,0.4090383689668185
141,49148,0.2518030521762856
141,49201,0.14376826087679853
141,49202,0.1904448881753576
141,49203,0.2614910731856451
141,49204,0.2210827858167903
141,49205,0.1393590294193797
141,49206,0.1151171078791329
141,49207,0.10527104931911979
141,49208,0.09062088198158617
141,49209,0.18780152201843878
141,49210,0.13420602004761814
141,49211,0.18213389949894265
141,49212,0.20760725088792506
141,49213,0.566365436454949
141,49214,0.9982032337803551
141,49215,0.5733429733683183
141,49216,0.6147586081177263
141,49217,0.8079438982550895
141,49218,0.9647730306833365
141,49219,0.7807802306960351
141,49220,0.41283423791357293
141,49221,0.3318572090145614
141,49222,1.601253094387341
141,49223,0.8997318998856734
141,49224,1.2395778826247894
141,49225,0.588375459923021
141,49226,0.5576799774864734
141,49227,0.32066287540796035
141,49228,1.2989565611397855
141,49229,0.9027989154109916
141,49230,0.3890975973644605
141,49231,0.09812472549071638
141,49232,0.20886837022290405
141,49233,0.30881880707174864
141,49234,0.06075286109234956
141,49235,0.12358974065370341
141,49236,0.28414838753369465
141,49237,0.22334097077852194
141,49238,0.3385596032890485
141,49239,0.18901054563095282
141,49240,0.5113189571131957
141,49241,0.39656373452808563
141,49242,0.140340548147167
141,49243,0.4760180551819108
141,49244,0.15009206961962704
141,49245,0.6207765215486946
141,49246,0.5249986447266031
141,49247,0.16520600630337898
141,49248,0.3007702100407404
141,49301,0.1289836447561045
141,49302,0.2775746072807848
141,49303,0.14921320389892906
141,49304,0.20191805446020375
141,49305,0.16784979551813134
141,49306,0.16079801120537376
141,49307,0.08814023684216303
141,49308,0.18372078390855776
141,49309,0.14031153152367712
141,49310,0.29522453805544435
141,49311,0.26537416710092376
141,49312,0.10701714626203081
141,49313,0.23835728741024076
141,49314,0.5847520009830955
141,49315,0.8150080271319298
141,49316,0.9229733923145165
141,49317,0.5630057788046962
141,49318,0.6435140296922557
141,49319,0.8790136615337437
141,49320,0.3867152633417022
141,49321,0.41991448378234897
141,49322,0.5750353403895474
141,49323,0.8822137532119022
141,49324,1.1065586627630308
141,49325,0.6376177376529686
141,49326,0.2583188688584284
141,49327,0.9347104956331164
141,49328,0.5162431515209743
141,49329,0.2111109710051359
141,49330,0.2733243455356701
141,49331,0.263134929174721
141,49332,0.173639730496712
141,49333,0.1432956655868428
141,49334,0.12518450395662575
141,49335,0.5070051599376554
141,49336,0.25975649111328347
141,49337,0.4476758720105014
141,49338,0.6491822070484331
141,49339,0.31444077704973494
141,49340,0.795239529974303
141,49341,1.0936686300960623
141,49342,1.0400122366219127
141,49343,0.48309816187587845
141,49344,0.41996150985962843
141,49345,0.21419101102476573
141,49346,0.495795173408362
141,49347,0.4544610319962531
141,49348,0.28746168805810973
141,49401,0.6237594630169994
141,49402,0.8571286807385898
141,49403,0.9460256834367837
141,49404,0.4053095298047766
141,49405,0.7643119818209977
141,49406,0.7248283316473935
141,49407,0.5707233170504894
141,49408,0.49418013217634266
141,49409,0.4794667921949521
141,49410,0.2142441438985804
141,49411,0.09921046836989347
141,49412,0.1812624488669364
141,49413,0.36851672787057066
141,49414,0.3757160258813127
141,49415,0.2827345157921298
141,49416,0.21940510183364653
141,49417,0.5698633366862889
141,49418,0.7079656638744577
141,49419,1.2123723261937818
141,49420,0.7729156447823111
141,49421,2.0473755208676354
141,49422,1.1523337572670824
141,49423,0.4150386242295612
141,49424,0.935788240806922
141,49425,1.5034867274308676
141,49426,1.3781245156869546
141,49427,0.9688570942924954
141,49428,1.325599804594492
141,49429,0.3119648736497667
141,49430,0.3140039902683643
141,49431,0.3011301361182543
141,49432,0.15982017956112607
141,49433,0.1451263469404757
141,49434,0.1204977862484688
141,49435,0.3353257694367165
141,49436,0.4625522664371728
141,49437,0.2819765163328424
141,49438,0.47769766399277147
141,49439,0.1550420365985516
141,49440,0.5473914681631575
141,49441,0.23919054662100456
141,49442,0.20639370418210276
141,49443,0.6382418504563453
141,49444,0.31577226750103443
141,49445,0.8568371576302994
141,49446,0.3911877344895211
141,49447,0.3668538580091704
141,49448,0.16223431462851867
141,49501,0.4765775517816938
141,49502,0.7659382247180376
141,49503,0.28344926500559287
141,49504,1.0446431048355584
141,49505,0.3631644878768012
141,49506,0.69975980006639
141,49507,0.3812835399873638
141,49508,0.9180772823334414
141,49509,0.4575936803075698
141,49510,0.12128510493103864
141,49511,0.08836832879192565
141,49512,0.1792528118470325
141,49513,0.31792214719047784
141,49514,0.8451349319344901
141,49515,2.757840025634533
141,49516,1.647036632938762
141,49517,1.670200204966787
141,49518,1.8968949777026727
141,49519,2.1547473490733133
141,49520,0.6670266389928144
141,49521,1.4487372172670507
141,49522,1.1529588657585386
141,49523,1.228932635208045
141,49524,0.47662403828684236
141,49525,0.7839881123441993
141,49526,1.0491074162787601
141,49527,0.8962059532314622
141,49528,0.748528667719762
141,49529,0.6066267704356412
141,49530,0.25126970273005456
141,49531,0.38148551869752323
141,49532,0.49994237798787183
141,49533,0.4502630172263439
141,49534,0.3202135191221493
141,49535,0.5517010052652588
141,49536,0.5123455543399588
141,49537,0.3931006272576377
141,49538,0.3092572043296658
141,49539,0.43562288081965783
141,49540,1.2677388645123566
141,49541,0.41715929059146906
141,49542,0.6757721369943588
141,49543,0.22646191344787414
141,49544,0.5979202504811002
141,49545,0.48408544054609853
141,49546,0.25719126718511137
141,49547,0.20858449311331964
141,49548,0.3966919610886641
141,49601,0.33950964881617085
141,49602,0.5815723785710156
141,49603,0.7109528871561821
141,49604,0.3157245752891474
141,49605,0.4219693441372298
141,49606,0.9345597837844041
141,49607,0.2237833788425782
141,49608,0.37664370543389625
141,49609,0.9188254956877531
141,49610,0.23645061307406637
141,49611,0.20634034388317926
141,49612,0.13837177966588837
141,49613,0.33443404799817744
141,49614,1.3326392670774296
141,49615,2.449152426618002
141,49616,0.9073732472561624
141,49617,0.9219181353275182
141,49618,0.5687265136711684
141,49619,0.6910891591970864
141,49620,0.10074831448375009
141,49621,0.534065779309027
141,49622,0.36397015890796836
141,49623,0.7596913350812761
141,49624,0.6705364424988641
141,49625,0.721208274409185
141,49626,0.7751146770604705
141,49627,0.6977546998495571
141,49628,0.5904488861084674
141,49629,0.1738042249612215
141,49630,0.1685815877232277
141,49631,0.1296209061501551
141,49632,0.30369106177734195
141,49633,0.1492282158242712
141,49634,0.2180278632554716
141,49635,0.3773060365839251
141,49636,0.15150517746835676
141,49637,0.37615475782802577
141,49638,0.24302771436033072
141,49639,0.9167854006188998
141,49640,1.5248891270170535
141,49641,0.2061431099657418
141,49642,0.35779796774097056
141,49643,0.8816554153838396
141,49644,0.9750285305274967
141,49645,0.8358332974293893
141,49646,0.5560633046589478
141,49647,0.4577908862755328
141,49648,0.4370508498708103
141,49701,0.7816942994264422
141,49702,0.6462658272084452
141,49703,0.985412140431108
141,49704,0.5125030545430594
141,49705,0.4723456701385221
141,49706,0.9651545127326817
141,49707,0.3506949982735116
141,49708,0.8657065147675467
141,49709,0.8555734588339
141,49710,0.17527360381226134
141,49711,0.2469011416376944
141,49712,0.33179744141900624
141,49713,1.4511924213385448
141,49714,2.2725632967829674
141,49715,2.877335270277071
141,49716,2.2505235503379026
141,49717,1.5354442278980522
141,49718,1.1150339847424489
141,49719,0.6097818431923251
141,49720,1.1597804498398723
141,49721,0.6262315002301126
141,49722,0.615775902114424
141,49723,0.49103812416076686
141,49724,0.8487118990453433
141,49725,0.5279532446438118
141,49726,0.6379936122694799
141,49727,0.6184768484156917
141,49728,0.8084545241604425
141,49729,1.0168589188609003
141,49730,0.8640627452515175
141,49731,0.09162074581363586
141,49732,0.40527346579031076
141,49733,0.2723628631657922
141,49734,0.32733526660354034
141,49735,0.443633439984402
141,49736,0.16088173557623944
141,49737,0.33318146648763747
141,49738,0.2164616542621069
141,49739,0.5081752283116742
141,49740,0.568069967497552
141,49741,0.3446936442988241
141,49742,0.9138313472087352
141,49743,1.0890327507270674
141,49744,0.35401083234266384
141,49745,0.3094533559256078
141,49746,0.22776138796506384
141,49747,0.3184467547320443
141,49748,0.11086775937937085
141,49801,0.4998523417584879
141,49802,0.49568598345081444
141,49803,0.5676044908141907
141,49804,0.6469932190309217
141,49805,0.9227639610813247
141,49806,0.7210134501623588
141,49807,0.38589881087871214
141,49808,0.6122429304970333
141,49809,0.22886219972304853
141,49810,0.18363889396842653
141,49811,0.09207848268039867
141,49812,1.9408728569674638
141,49813,2.278177915641092
141,49814,0.581053537902046
141,49815,1.4257128457582058
141,49816,1.0285086049792422
141,49817,0.807487026389421
141,49818,1.2623472540451248
141,49819,1.4441437920123885
141,49820,0.6041946654498702
141,49821,1.425833135537881
141,49822,0.5821961601272224
141,49823,0.8688935210168817
141,49824,0.4344281554738266
141,49825,0.6000806912580744
141,49826,0.22314713611814269
141,49827,0.3852336539286695
141,49828,0.7651474020691315
141,49829,0.5540501523088829
141,49830,0.14966606202318314
141,49831,0.3424393816868706
141,49832,0.6701400856306675
141,49833,0.6958193983170052
141,49834,0.5978023904507273
141,49835,0.6548428501514093
141,49836,0.5425534599412128
141,49837,0.4233835395717782
141,49838,0.4379988058509461
141,49839,0.312548238259773
141,49840,0.5039088148239925
141,49841,0.5082723971305236
141,49842,0.6325302430562842
141,49843,0.8819786011637046
141,49844,1.1224130353754622
141,49845,0.8798986538953693
141,49846,0.6567382169043728
141,49847,0.7461983617089797
141,49848,0.6431242909149278
141,49901,0.9092802635009453
141,49902,0.5712247903961454
141,49903,0.6298644316948556
141,49904,1.0234743999200764
141,49905,0.3778057379797953
141,49906,0.974103637746756
141,49907,0.864491541324886
141,49908,0.7916731586065805
141,49909,0.22452887890108084
141,49910,0.39075104352442774
141,49911,0.3969028977712748
141,49912,0.25239851110235895
141,49913,0.24757877067092796
141,49914,0.3604546675908357
141,49915,0.5369896724710117
141,49916,1.6911365649501664
141,49917,1.0611216214936157
141,49918,0.8516743607276342
141,49919,0.3625336041743198
141,49920,0.3285249326260255
141,49921,0.6773311363365334
141,49922,0.312004093946077
141,49923,1.1126078580155088
141,49924,0.5587096906226144
141,49925,0.5253946683712359
141,49926,0.6600966406104063
141,49927,0.5686074231194789
141,49928,0.6280619341941145
141,49929,0.39001151240872334
141,49930,0.35854008802201437
141,49931,0.36793142010477403
141,49932,0.2803707696438344
141,49933,0.5926942992867587
141,49934,0.2744508179498559
141,49935,0.5998039871149188
141,49936,0.24491346699949615
141,49937,0.771860223932114
141,49938,0.8909011229816212
141,49939,0.5217327664614394
141,49940,0.2633271384436847
141,49941,0.11052013139888407
141,49942,0.12150701329455094
141,49943,0.3786993039424523
141,49944,0.470769345250023
141,49945,0.14648471540030347
141,49946,0.39755370165904885
141,49947,0.3679582274346413
141,49948,0.11964492091684663
141,50001,0.6162535789109969
141,50002,1.017009907203903
141,50003,0.42300963472422404
141,50004,0.4570044897478247
141,50005,0.4986104196901259
141,50006,0.9094758426617658
141,50007,0.6827876131869479
141,50008,0.25108492779836866
141,50009,0.4687183648511326
141,50010,0.3186587499662581
141,50011,0.3363394975472748
141,50012,0.1439529811081129
141,50013,0.38848018307939886
141,50014,0.2551928010059595
141,50015,0.3031335332537468
141,50016,0.9138425715950146
141,50017,0.7004991805143442
141,50018,1.8736787275273137
141,50019,1.2981060902727979
141,50020,1.4494558119887357
141,50021,2.4026264616209483
141,50022,0.96252875968465
141,50023,1.0000302035797388
141,50024,0.9308941122805321
141,50025,1.0161131985711576
141,50026,0.9433723292849576
141,50027,0.7276924748873881
141,50028,0.7127232879646427
141,50029,0.27016733963914863
141,50030,0.14563518264079053
141,50031,0.32795794167024456
141,50032,0.07450301760044684
141,50033,0.09103160757860694
141,50034,0.28442023584225695
141,50035,0.2961692608310561
141,50036,0.5127830079681385
141,50037,0.5017456876390454
141,50038,0.8295517435263373
141,50039,1.8596374706423793
141,50040,0.4903245323634412
141,50041,0.5256009572327116
141,50042,0.6434451110940039
141,50043,1.024555147164123
141,50044,0.2207230411864209
141,50045,0.9716115796285153
141,50046,0.3489677917152218
141,50047,0.1786526314534446
141,50048,0.07280399242809786
141,50101,0.6771706619220388
141,50102,0.22800283361378604
141,50103,0.891534078731755
141,50104,0.4186819339555575
141,50105,0.25113822276687725
141,50106,0.5984400384673196
141,50107,0.2214250340876669
141,50108,0.5629737344777047
141,50109,0.5132002963053286
141,50110,0.16262135502772607
141,50111,0.9118799877259078
141,50112,2.059244192358679
141,50113,0.94957076047474
141,50114,0.9384210843704298
141,50115,1.7904351954739783
141,50116,2.001442529724409
141,50117,2.1183600289263036
141,50118,0.6676057299435767
141,50119,0.7152773172399323
141,50120,0.07824349665250153
141,50121,0.5459999575306727
141,50122,0.7750495343489318
141,50123,0.5507705861344064
141,50124,0.7056081792382957
141,50125,0.6044554775665509
141,50126,0.7301884917018097
141,50127,0.5770499701263762
141,50128,0.4608182682565043
141,50129,0.27533186123561343
141,50130,0.44182894095993197
141,50131,0.1569971535851648
141,50132,0.5587155692748991
141,50133,0.32742504233474906
141,50134,0.09478643527540838
141,50135,0.36952057087062523
141,50136,0.4380940248932095
141,50137,0.2690725428037608
141,50138,0.4726693501907947
141,50139,1.357294891423121
141,50140,0.8387151901942941
141,50141,0.2544003353480345
141,50142,0.2251948656447371
141,50143,0.17911392893230263
141,50144,0.7682195555165028
141,50145,0.5495008607952944
141,50146,0.5415700947216087
141,50147,0.2245797087720895
141,50148,0.4563859982758277
141,50201,0.8805218475700365
141,50202,0.700067063682184
141,50203,0.45368155778233116
141,50204,0.855991972565549
141,50205,0.5612462252510979
141,50206,0.5946647945482242
141,50207,0.8145077982227954
141,50208,0.28855666171611705
141,50209,0.1921268566083551
141,50210,0.24183824996256473
141,50211,0.3202722909608799
141,50212,0.21936238707142505
141,50213,0.39973498108779965
141,50214,1.8276896238880052
141,50215,2.4830546929668404
141,50216,2.3568587107197656
141,50217,1.9156236982969943
141,50218,2.4459831135467436
141,50219,0.5109822490092857
141,50220,1.6327467451419129
141,50221,0.5624067365856084
141,50222,0.45852376618340895
141,50223,0.3391935318959033
141,50224,0.2895863776464296
141,50225,1.129179489826682
141,50226,1.1649990233487866
141,50227,0.35135983727673503
141,50228,0.729786293585922
141,50229,0.7949295872807461
141,50230,0.2008910177589626
141,50231,0.12018211497817353
141,50232,0.32106526743777686
141,50233,0.3817850464664595
141,50234,1.1490127241383865
141,50235,0.3158101419590898
141,50236,0.5686166858580055
141,50237,0.15751951640348122
141,50238,0.26393646419618527
141,50239,0.8291910715973287
141,50240,1.0502906108832115
141,50241,0.6231272452786824
141,50242,0.3729705263467941
141,50243,0.525942241734703
141,50244,0.7548898310474863
141,50245,0.7599580332564623
141,50246,0.566861160923813
141,50247,0.5079608766475093
141,50248,0.3394874905874378
141,50301,0.2765645206646864
141,50302,0.32451883114739466
141,50303,0.42646854136176704
141,50304,0.5619307162035232
141,50305,0.4263322291695429
141,50306,0.4959538106548825
141,50307,1.0481750110875154
141,50308,0.3387310516202799
141,50309,0.6827408392085355
141,50310,0.17076866690406323
141,50311,0.245274655973857
141,50312,0.1047023392688207
141,50313,0.39662377194474047
141,50314,1.0971420008576016
141,50315,1.0320882031459426
141,50316,0.8233316644007885
141,50317,0.9311860420442971
141,50318,1.1344047771928842
141,50319,0.7857559982164324
141,50320,0.4458947328427747
141,50321,0.6503073240451305
141,50322,0.9132052723887208
141,50323,0.6995918181272286
141,50324,0.8733795175068817
141,50325,0.2978176927821623
141,50326,0.4257184876213567
141,50327,0.8899210143183768
141,50328,0.7689010402288367
141,50329,0.2490989873707546
141,50330,0.10706928323804617
141,50331,0.16793416478772236
141,50332,0.2380703324301686
141,50333,0.14065018145649563
141,50334,0.2517046809136828
141,50335,0.3302645442653569
141,50336,0.29064235473842964
141,50337,0.4099787821590949
141,50338,1.131690139779304
141,50339,1.1837895849517648
141,50340,0.20252632925115122
141,50341,0.35502761318104975
141,50342,0.6138760633305472
141,50343,0.4680864927102813
141,50344,0.7782268085039449
141,50345,0.43769652963702926
141,50346,0.31396815158351665
141,50347,0.346000153396991
141,50348,0.2710857669548722
141,50401,0.643125244644522
141,50402,0.9729702100061367
141,50403,0.8264395495895858
141,50404,0.8851848255756303
141,50405,0.8874689967736946
141,50406,0.2264754069600841
141,50407,0.22376368143004238
141,50408,0.8289952458958683
141,50409,0.7953704051672645
141,50410,0.31345816255813536
141,50411,0.3899382640015149
141,50412,1.0946789939233725
141,50413,2.4937554635483044
141,50414,0.5008499630272019
141,50415,1.3506768795048725
141,50416,1.5709905884764472
141,50417,2.1444289612853664
141,50418,1.629043799584486
141,50419,1.6796524870837568
141,50420,0.660249007050294
141,50421,0.23841769049777742
141,50422,0.5141244047002033
141,50423,0.36334970477589823
141,50424,0.5668510772357355
141,50425,0.2750354625994389
141,50426,0.4826580417637029
141,50427,0.2753613926958676
141,50428,0.3919329430851238
141,50429,0.12909961569842293
141,50430,0.1946274359662714
141,50431,0.501063930198711
141,50432,0.34631232481634605
141,50433,0.22630521251013827
141,50434,0.5174004262802363
141,50435,0.3585204199875248
141,50436,0.367026426679829
141,50437,0.5175138412653516
141,50438,0.44011318652449233
141,50439,0.2125718830221778
141,50440,0.362294305724044
141,50441,1.5016180977602849
141,50442,0.3322725444692586
141,50443,0.7415998765088073
141,50444,0.456979542950749
141,50445,0.4774844311401877
141,50446,0.2562720345280406
141,50447,0.16357479004654724
141,50448,0.30149133558000785
141,50501,0.6489417537569284
141,50502,0.36158103763234445
141,50503,0.8474750793511955
141,50504,0.8371399815069448
141,50505,0.2583155436921028
141,50506,0.8434375642673054
141,50507,0.3680865697676962
141,50508,0.8195173853653847
141,50509,0.9110757907284458
141,50510,0.19236980895771413
141,50511,0.12100607381099168
141,50512,0.32194357058793466
141,50513,0.14213513496806243
141,50514,1.3064081581515166
141,50515,2.3117542791075687
141,50516,1.9938599414898344
141,50517,0.6634167829068516
141,50518,1.7933484628383507
141,50519,0.6923430916496939
141,50520,1.1078512741424826
141,50521,0.8862336761467735
141,50522,0.7648752765369629
141,50523,0.9663632356954045
141,50524,0.47737225079059314
141,50525,0.23536376416346544
141,50526,1.13173585584156
141,50527,1.1317011031348396
141,50528,0.6935050770994726
141,50529,0.44388640140150226
141,50530,0.41705086448370543
141,50531,0.1417905970241772
141,50532,0.1437246679245344
141,50533,0.5104815522821533
141,50534,0.5736836513701628
141,50535,0.4210394730873943
141,50536,0.23239518795974798
141,50537,0.5101974849824488
141,50538,0.3663522575854018
141,50539,1.436178864280626
141,50540,1.354407099865974
141,50541,0.7454378049320904
141,50542,0.4187106320899724
141,50543,0.5245624495013735
141,50544,0.30915630179297154
141,50545,0.6664370376412085
141,50546,0.39709798593954515
141,50547,0.6349005078336215
141,50548,0.7691081735357255
141,50601,0.4985555070340548
141,50602,0.47088282902924705
141,50603,0.9780152744931282
141,50604,0.9596140790399469
141,50605,0.6792374057972731
141,50606,1.076500842157482
141,50607,0.72732254195166
141,50608,0.3366771491419112
141,50609,0.19783337997207504
141,50610,0.24471188048644332
141,50611,0.2876638947648543
141,50612,0.1316972511385352
141,50613,0.21456603532285892
141,50614,0.23826607017257545
141,50615,0.12857111021003056
141,50616,0.11768386393735339
141,50617,0.3255154134485572
141,50618,0.36654302080067525
141,50619,0.12584438133509793
141,50620,0.055205353836555324
141,50621,0.6487370856725664
141,50622,0.5850177368391422
141,50623,1.0218112637970391
141,50624,0.41231200208889207
141,50625,0.8237286855275828
141,50626,0.3871608280754961
141,50627,0.7478732573047603
141,50628,0.5791083693894314
141,50629,0.5373008422406875
141,50630,0.18603354434213282
141,50631,0.27128358242100425
141,50632,0.060422736513048726
141,50633,0.21608696495348492
141,50634,0.12479018215223803
141,50635,0.07316945030281567
141,50636,0.19405039243405459
141,50637,0.18592958916638136
141,50638,0.18021449254720104
141,50639,0.2125689217259124
141,50640,0.26561892733177633
141,50641,0.17303211939761148
141,50642,0.10526815605728954
141,50643,0.17614997548895797
141,50644,0.3898866886669516
141,50645,0.13943599778229504
141,50646,0.3869573677427785
141,50647,0.322479527776547
141,50648,0.13724445838833255
141,50701,0.5505424461120116
141,50702,0.8070007141578135
141,50703,0.865470417552815
141,50704,0.9192737547426797
141,50705,0.6533851729907041
141,50706,0.3706008348028474
141,50707,0.8439042771037868
141,50708,0.8442006435875364
141,50709,0.9247419006510672
141,50710,0.21166087434780667
141,50711,0.2169032357963319
141,50712,0.38427766835124305
141,50713,0.11310855801547778
141,50714,0.22705382475555516
141,50715,0.2273802637136572
141,50716,0.22226246795294818
141,50717,0.12224943763792182
141,50718,0.07972158557970674
141,50719,0.32389752845907505
141,50720,0.2570858266648428
141,50721,0.2700910807085778
141,50722,0.8930664000211709
141,50723,1.1112539700293105
141,50724,1.001561098049274
141,50725,1.1596348868133877
141,50726,0.6751033959196698
141,50727,1.143141203577891
141,50728,0.3882495152090406
141,50729,0.7399043442212562
141,50730,0.13256275532800108
141,50731,0.32271646883897337
141,50732,0.0850728301558507
141,50733,0.2722639230028969
141,50734,0.48990627059650077
141,50735,0.848882348619288
141,50736,0.3937142363520413
141,50737,0.7756543137002947
141,50738,0.5707134635874228
141,50739,0.8701819282513183
141,50740,0.9090450698446116
141,50741,0.39360818999506186
141,50742,0.14442856925411213
141,50743,0.394962809968044
141,50744,0.2654209139705086
141,50745,0.41343942498411385
141,50746,0.39559956453346184
141,50747,0.4209791189793331
141,50748,0.44132704997761474
141,50801,0.5871566113521977
141,50802,0.532216354038782
141,50803,0.7109425229374674
141,50804,0.32188278664778147
141,50805,0.32254908776161334
141,50806,1.0351656992664047
141,50807,1.0859430036080036
141,50808,0.5949360514011879
141,50809,0.4688731275297425
141,50810,0.41143017662123404
141,50811,0.3288683955138938
141,50812,0.05734845032192304
141,50813,0.25367912291176825
141,50814,0.26785258637969106
141,50815,0.3324102913048298
141,50816,0.2749827452782082
141,50817,0.10765434504434368
141,50818,0.20546906769566764
141,50819,0.16038700037990578
141,50820,0.25812314421467353
141,50821,0.49239816882690624
141,50822,0.6631505909157269
141,50823,0.33775210836575303
141,50824,0.883551832885789
141,50825,0.6982845496669996
141,50826,1.293813852015675
141,50827,0.7759416439154936
141,50828,1.087083825539953
141,50829,0.24679715073595335
141,50830,0.14014202581093976
141,50831,0.31126713790677474
141,50832,0.5478701325647661
141,50833,0.4778214147416729
141,50834,0.25293153131373614
141,50835,0.1631951964235391
141,50836,0.49342429561734624
141,50837,0.3598377097380787
141,50838,0.4426875883014965
141,50839,0.21054815751831268
141,50840,0.475946797360651
141,50841,0.471051370214807
141,50842,0.6042770334599367
141,50843,0.6427295183848192
141,50844,0.6954519656514971
141,50845,0.19668117284470935
141,50846,0.28509024606397415
141,50847,0.25346147352025017
141,50848,0.30101542627370936
141,50901,0.8088028214281315
141,50902,0.8060821119531171
141,50903,1.0806617188952083
141,50904,0.5041511592579566
141,50905,1.052012625847927
141,50906,0.7808904399256507
141,50907,0.7212789626176036
141,50908,0.7529204499186227
141,50909,0.7982744856526002
141,50910,0.20480570743360385
141,50911,0.24208847423242072
141,50912,0.09866493787868648
141,50913,0.33762310934025974
141,50914,0.1409004792555894
141,50915,0.23656875853906564
141,50916,0.4705976076875633
141,50917,0.34950751439184735
141,50918,0.06661274645183912
141,50919,0.27213951409106646
141,50920,0.12523093191212836
141,50921,0.3526928019810323
141,50922,0.8947342653925026
141,50923,0.7299801844823481
141,50924,0.5172470582823906
141,50925,0.43029522098701334
141,50926,1.248321175638799
141,50927,0.9332535070680852
141,50928,0.3619854631787808
141,50929,0.2935568959833392
141,50930,0.2718504859833785
141,50931,0.10499493543302106
141,50932,0.3270162208109562
141,50933,0.3668195913731547
141,50934,0.7707500981674449
141,50935,0.32990901281130713
141,50936,0.5004410453867048
141,50937,0.7908533800102452
141,50938,0.5048969449485785
141,50939,0.38713782421460247
141,50940,0.8439466054145232
141,50941,1.116107050833757
141,50942,0.39427723386827807
141,50943,0.5469003980206498
141,50944,0.44203737230422196
141,50945,0.6077162399709111
141,50946,0.5404399332764394
141,50947,0.3384193828243427
141,50948,0.21004367212130265
141,51001,0.3251368576092175
141,51002,1.0383745464569387
141,51003,0.7545105350284773
141,51004,0.42281481623548994
141,51005,0.7049076608929445
141,51006,0.629241225840811
141,51007,0.38712339039442417
141,51008,0.9318340601802065
141,51009,0.27722263880448145
141,51010,0.14122837339582325
141,51011,0.06691469595959437
141,51012,0.17223758181093257
141,51013,0.06988980311820266
141,51014,0.3241264879938925
141,51015,0.1963342036695082
141,51016,0.5708483633197965
141,51017,0.27571242143425334
141,51018,0.16498312143802932
141,51019,0.07692216875760335
141,51020,0.20904299908549015
141,51021,0.5831488611428745
141,51022,0.25880314810402644
141,51023,0.8444903703891637
141,51024,0.6753680908485171
141,51025,0.738444843016003
141,51026,0.8889702184208955
141,51027,0.5737862293072049
141,51028,0.39428673326077246
141,51029,0.1892348417336095
141,51030,0.11672464114987041
141,51031,0.08237482739796059
141,51032,0.5549220229784968
141,51033,0.2068635954074069
141,51034,0.5309460429630329
141,51035,0.4568072080982613
141,51036,0.19652696366319952
141,51037,0.35295249297919207
141,51038,0.2644847789900497
141,51039,0.3512388169784351
141,51040,0.596099892340751
141,51041,0.7730697809820297
141,51042,0.21570919725087762
141,51043,0.21864957860637083
141,51044,0.21846748360075144
141,51045,0.3021161528418983
141,51046,0.3221204918336411
141,51047,0.14044964235831803
141,51048,0.28107249418394054
141,51101,0.40025579861535876
141,51102,0.348714169885287
141,51103,0.9195248055468701
141,51104,0.5866897424379163
141,51105,0.6976059615987587
141,51106,0.5442140590325583
141,51107,0.4103963123863193
141,51108,0.5284078320460307
141,51109,0.6328383350831008
141,51110,0.17862766978085673
141,51111,0.22629194216583653
141,51112,0.25778905826113835
141,51113,0.18638240188032068
141,51114,0.23732469136490972
141,51115,0.26317733873710175
141,51116,0.37444771341382593
141,51117,0.06881973043173388
141,51118,0.18207155246711643
141,51119,0.30461700684128407
141,51120,0.9001102968942444
141,51121,0.532698533833342
141,51122,0.7976771226993805
141,51123,0.4306804983480797
141,51124,1.268016514881988
141,51125,0.7262584780884925
141,51126,0.4742293655874835
141,51127,1.0295688782623298
141,51128,0.41029285018972284
141,51129,0.19771542003751674
141,51130,0.17422268202517385
141,51131,0.1458489380177482
141,51132,0.2467584736985688
141,51133,0.6966888831992359
141,51134,0.15050098319163766
141,51135,0.136533558686007
141,51136,0.5427587507656879
141,51137,0.484327043025463
141,51138,0.2584553443236889
141,51139,0.3100581199541685
141,51140,0.36908154459150433
141,51141,1.2557161565021941
141,51142,0.41007970837788793
141,51143,0.23910795998718393
141,51144,0.42119798216092263
141,51145,0.6009513066050776
141,51146,0.42055448270234075
141,51147,0.4002228219513275
141,51148,0.12042695016174464
141,51201,0.6253606709977432
141,51202,0.45203267182696727
141,51203,0.9050814689753801
141,51204,0.2901630749179946
141,51205,0.4823088874406672
141,51206,0.6048332515638728
141,51207,0.2549831857254507
141,51208,0.34368144378691245
141,51209,0.40266182810301915
141,51210,0.10901340897407878
141,51211,0.09426856995380901
141,51212,0.20747386960733288
141,51213,0.09976816576935969
141,51214,0.2626702353463109
141,51215,0.1867761077499783
141,51216,0.2941787491952623
141,51217,0.2945082809134047
141,51218,0.36742652602761866
141,51219,0.15238782202860615
141,51220,0.15895001514383697
141,51221,1.509047482978875
141,51222,1.4667241496923
141,51223,0.6032945475233887
141,51224,0.7387650654104356
141,51225,0.49997346659917125
141,51226,1.0974750772054136
141,51227,1.1185504212789823
141,51228,0.7284052040983606
141,51229,0.17596654952763827
141,51230,1.1086486841188834
141,51231,0.2766889512676429
141,51232,0.23397644686951463
141,51233,0.3663411470165673
141,51234,0.3612880506563835
141,51235,0.45076968734102135
141,51236,0.648629136216973
141,51237,0.3332807082674046
141,51238,0.38028040583570494
141,51239,0.7576768187102307
141,51240,0.517071980613291
141,51241,0.39730785405561947
141,51242,0.4187933249982659
141,51243,0.4553597811092393
141,51244,0.3638942678852113
141,51245,0.454708696141432
141,51246,0.5604641612447269
141,51247,0.5657922495129848
141,51248,0.6024657507443949
141,51301,0.25734699374319236
141,51302,0.3434678170105202
141,51303,0.5702048437164458
141,51304,0.24243792435920056
141,51305,0.6457162233760065
141,51306,0.676680737443927
141,51307,0.8403031535446563
141,51308,0.6775352719740283
141,51309,0.42880359239793064
141,51310,0.12129738834048664
141,51311,0.2314381332422678
141,51312,0.18049295859326728
141,51313,0.08694942316948505
141,51314,0.16149232040631273
141,51315,0.2108688130416115
141,51316,0.2762486921168772
141,51317,0.6941720366556082
141,51318,0.108824432296387
141,51319,0.091809180636914
141,51320,0.12862685802325693
141,51321,1.0024248526327315
141,51322,0.5502127757329718
141,51323,0.6490356122319835
141,51324,1.4015495198702868
141,51325,1.20146048610102
141,51326,0.8017523593104992
141,51327,1.291932276305411
141,51328,0.9173207108273529
141,51329,0.6231738344075543
141,51330,0.36322246998023805
141,51331,0.1198614296022832
141,51332,0.18780365640926047
141,51333,0.36834878840455365
141,51334,0.10037078708792409
141,51335,0.11835877916511292
141,51336,0.3914951804837263
141,51337,0.32621872289741827
141,51338,0.9772928036724122
141,51339,0.4633121191601246
141,51340,0.63245912312524
141,51341,0.2621504512595497
141,51342,0.3888280574328478
141,51343,0.7498593235796274
141,51344,0.7577348669610551
141,51345,0.4722476304331236
141,51346,0.31337296176288465
141,51347,0.5157191511202328
141,51348,0.6103494284641314
141,51401,0.997235713758158
141,51402,0.4105307954561182
141,51403,0.5475880859416503
141,51404,0.5403147815281595
141,51405,1.0213184699661015
141,51406,0.23542102019149586
141,51407,0.7565081115756949
141,51408,0.7188560801073203
141,51409,0.34715549476001417
141,51410,0.21039469458293025
141,51411,0.09335896011100646
141,51412,0.06176444562925676
141,51413,0.0552974400369416
141,51414,0.10566863617519814
141,51415,0.1396030042852407
141,51416,0.2458755230170594
141,51417,0.3799499746544952
141,51418,0.18701354345794402
141,51419,0.14190126367923644
141,51420,0.17125749445181052
141,51421,0.4182230176605139
141,51422,0.9611426351166618
141,51423,0.5652315798483911
141,51424,1.0424715130578042
141,51425,0.7164542304018245
141,51426,0.6656645616159911
141,51427,0.6253977174201322
141,51428,0.5444098548174299
141,51429,0.5614596005271703
141,51430,0.24686043185695858
141,51431,0.15262417570463052
141,51432,0.25179996269821314
141,51433,0.5930033572575188
141,51434,0.15131465613600684
141,51435,0.12453584683837328
141,51436,0.527158999684489
141,51437,0.6013514704589857
141,51438,1.3950735826213805
141,51439,0.6433050773660757
141,51440,1.3232758620961158
141,51441,0.763059035037482
141,51442,0.4778257446101353
141,51443,1.108405167711137
141,51444,0.9743868735791489
141,51445,2.151772664319314
141,51446,0.40776423538647233
141,51447,0.2651719857924461
141,51448,0.35041582417169037
141,51501,0.473569188897428
141,51502,0.7210474913309449
141,51503,0.7703662088267849
141,51504,0.6399344742326861
141,51505,0.2517275815681134
141,51506,0.9029197615655081
141,51507,0.8040202441734154
141,51508,0.37471849860584655
141,51509,0.6280193402696836
141,51510,0.25275802257244145
141,51511,0.22495906435924656
141,51512,0.2269165221315758
141,51513,0.11468320420827256
141,51514,0.12651113219824034
141,51515,0.4693198273523491
141,51516,0.32151913220501427
141,51517,0.2513168712303766
141,51518,1.1098429513733896
141,51519,0.5904779762258667
141,51520,1.5496306124461587
141,51521,3.0370196999645946
141,51522,1.908376204613083
141,51523,1.0727721517239481
141,51524,1.4814811815187
141,51525,1.5001523156414018
141,51526,2.5501754799051874
141,51527,0.35707322668685887
141,51528,1.132208810614477
141,51529,0.38222709479118205
141,51530,0.17527333535114872
141,51531,0.15824787006795132
141,51532,0.20260339975922384
141,51533,0.15019387479274854
141,51534,0.08502959980560902
141,51535,0.36518153191546565
141,51536,0.48457120371620716
141,51537,0.2345277516500892
141,51538,0.8595630793925473
141,51539,0.8480569860766631
141,51540,0.5867579226378219
141,51541,0.4300599595637914
141,51542,0.15361388232796014
141,51543,0.44208049364605956
141,51544,0.3998111216587412
141,51545,0.49908933753596946
141,51546,0.5050851136535612
141,51547,0.3172503883255729
141,51548,0.1633217753285166
141,51601,0.4496919866672779
141,51602,0.3008978563130009
141,51603,0.37561109351150196
141,51604,0.8915556160809825
141,51605,0.4598493732897489
141,51606,0.3244878573122172
141,51607,0.7943122073923595
141,51608,0.42862121925107416
141,51609,0.23640999977520089
141,51610,0.1354667342494361
141,51611,0.17101007062465365
141,51612,0.18362249396267305
141,51613,0.5559172083981038
141,51614,1.315898752899744
141,51615,1.6059085511123043
141,51616,0.9246374770271659
141,51617,0.45381927921710075
141,51618,1.3536396650651192
141,51619,1.2118932545933003
141,51620,0.7511007141368621
141,51621,1.7100961883399337
141,51622,0.9693706686272208
141,51623,0.7915402284291007
141,51624,1.0871336806344563
141,51625,1.3680648589478448
141,51626,0.8043756788697909
141,51627,0.6081913023919194
141,51628,1.0810569604899198
141,51629,0.39037790487639557
141,51630,0.4312479472857755
141,51631,0.5424475932052025
141,51632,1.0126133010259442
141,51633,0.16616657223932055
141,51634,0.17404250987089623
141,51635,0.48220543691338724
141,51636,0.40073351155053105
141,51637,0.5663101075109763
141,51638,0.4176079804603782
141,51639,0.6111391431927693
141,51640,0.7744547139951221
141,51641,0.3227075421903266
141,51642,0.2326088568855364
141,51643,0.5344245916859286
141,51644,0.28842963153262935
141,51645,0.5969705742910507
141,51646,0.5641869006034156
141,51647,0.2771871247416973
141,51648,0.2530424517846282
141,51701,0.30102728033441933
141,51702,0.6224578003704994
141,51703,0.47424054329725646
141,51704,0.43085047172413043
141,51705,0.3073932559497511
141,51706,0.34657169697001083
141,51707,0.7194590888069319
141,51708,0.9489983668391605
141,51709,0.3589744820497834
141,51710,0.2356662246262906
141,51711,0.21535134740512546
141,51712,0.6977113157816001
141,51713,0.8139237399697167
141,51714,0.9011380912142003
141,51715,1.3778591536966625
141,51716,0.4200111432638814
141,51717,1.0879913197582556
141,51718,1.0535790225558734
141,51719,1.0526260687427462
141,51720,0.30360895912898067
141,51721,0.4523966874654369
141,51722,0.23755347301363317
141,51723,0.9032871683789657
141,51724,0.703960927223416
141,51725,0.7605627686315017
141,51726,0.2949200080342101
141,51727,0.2874398093196437
141,51728,1.0593244783937004
141,51729,0.4429020889674828
141,51730,0.19942368977383787
141,51731,0.08359315873818761
141,51732,0.26282695802691436
141,51733,0.6636195690983331
141,51734,0.5317693583367881
141,51735,0.1420933022642444
141,51736,0.28897489357184075
141,51737,0.7183504126026644
141,51738,0.4220714327453186
141,51739,1.010364054932067
141,51740,0.3547540946634248
141,51741,0.6126568890092543
141,51742,0.6956044278423716
141,51743,0.6237160167277069
141,51744,0.6325598066208387
141,51745,0.7650532467285494
141,51746,0.4381271674171069
141,51747,0.5498889782754052
141,51748,0.4388818830551529
141,51801,0.7442812436388015
141,51802,0.3423311901297601
141,51803,1.0489700574901213
141,51804,1.0339546914669724
141,51805,0.9414901417950844
141,51806,0.3231422491021458
141,51807,0.24246368173478494
141,51808,0.836790176295536
141,51809,0.44257140209936574
141,51810,0.22636925030432772
141,51811,0.16148469409240654
141,51812,0.2530566287850108
141,51813,0.17421360310925113
141,51814,0.21665916281962389
141,51815,0.3891888806273924
141,51816,0.278037284214943
141,51817,0.15576104781102082
141,51818,0.2110103074037269
141,51819,0.22471921628741998
141,51820,0.7320584023992855
141,51821,0.529389432375944
141,51822,0.2808251915691495
141,51823,0.46757795244581096
141,51824,0.8777666147493707
141,51825,0.8278312702879106
141,51826,0.5743372015302004
141,51827,0.6641136761587305
141,51828,0.7197525596562268
141,51829,0.11132216158361036
141,51830,0.3982171166572913
141,51831,0.2680179937697885
141,51832,0.23135801282880322
141,51833,0.33880379995206633
141,51834,0.12241739311347571
141,51835,0.10211208896536877
141,51836,0.34040944426534003
141,51837,0.4867437349189652
141,51838,0.40273561259351426
141,51839,0.47044047923441595
141,51840,0.42679319302432306
141,51841,1.304626874677015
141,51842,0.2914072145877785
141,51843,0.4820459505538142
141,51844,0.6232647482980161
141,51845,0.33869023079091115
141,51846,0.2889629904989321
141,51847,0.17983706296750487
141,51848,0.5643558814292368
141,51901,0.2876713244278391
141,51902,0.7081259061841322
141,51903,0.4354956486993874
141,51904,0.9121719723740404
141,51905,1.019548378229102
141,51906,0.3756276179805425
141,51907,0.6119806459227027
141,51908,0.41357150064641746
141,51909,0.47839921314469624
141,51910,0.0920688390079965
141,51911,0.21641450255279476
141,51912,0.19962962755029515
141,51913,0.06952882854120288
141,51914,0.12153035771250073
141,51915,0.4044421386161509
141,51916,0.15481208543216549
141,51917,0.28299079200048877
141,51918,0.11393722178583299
141,51919,0.2690286999956998
141,51920,0.08969298056056095
141,51921,0.2989310117477367
141,51922,0.7138489503900751
141,51923,0.4424839490117631
141,51924,0.5386583783993748
141,51925,1.2449061701634163
141,51926,0.5795254162176963
141,51927,0.5597696008328962
141,51928,0.7481686870426084
141,51929,0.13675616350224712
141,51930,0.16029209232335245
141,51931,0.19976805362563002
141,51932,0.429900156120093
141,51933,0.36850036487942406
141,51934,0.31488429737005236
141,51935,0.1989685327562508
141,51936,0.3069447185202096
141,51937,0.20028034066608053
141,51938,0.48710480235884396
141,51939,1.3122623394281865
141,51940,0.8598428328368108
141,51941,0.43832144913789267
141,51942,0.4146089315238414
141,51943,0.5384057644067259
141,51944,0.4208607928145772
141,51945,0.3557275633235176
141,51946,0.3856888991084957
141,51947,0.14546494803259516
141,51948,0.13935287101803634
141,52001,0.5747531727784139
141,52002,0.7595514477261961
141,52003,0.5562133991084749
141,52004,0.6834828218640382
141,52005,0.8200277305490437
141,52006,0.8193167662190595
141,52007,0.7382435851227307
141,52008,0.7097961642978027
141,52009,0.6149064600243255
141,52010,0.07896513440537839
141,52011,0.06301669960712637
141,52012,0.12671207661724734
141,52013,0.21391974859850557
141,52014,0.2512290879922609
141,52015,0.19846237183672422
141,52016,0.21798202678489312
141,52017,0.20257336089846142
141,52018,0.25169578305744644
141,52019,0.42585272368381627
141,52020,1.9577843091471618
141,52021,2.0137681028540917
141,52022,0.6565572460236717
141,52023,0.8956939996210864
141,52024,1.1167245835790212
141,52025,0.37638570005780797
141,52026,1.0874995726330325
141,52027,0.969737185640871
141,52028,0.5803501104712225
141,52029,0.2177507591467515
141,52030,0.31914387367711833
141,52031,0.2479096161766748
141,52032,0.060838031482336
141,52033,0.13801295044643624
141,52034,0.09803010024320481
141,52035,0.11517020856538437
141,52036,0.19910496828869384
141,52037,0.3096289510652206
141,52038,0.08371240328225961
141,52039,0.11973982162081617
141,52040,0.06680201072471881
141,52041,0.3250406992995766
141,52042,0.386277800228572
141,52043,0.14922319299166778
141,52044,0.47039959155812694
141,52045,0.23317050393233432
141,52046,0.17259530382441465
141,52047,0.11176744636835806
141,52048,0.10683610507528972
141,52101,0.5058417506153241
141,52102,0.7793627911646825
141,52103,0.30977735682209445
141,52104,1.0380953707679303
141,52105,0.728360272235066
141,52106,0.5431151114525796
141,52107,0.9660469875270591
141,52108,0.39317735085633837
141,52109,0.7699706699014962
141,52110,0.130636611362623
141,52111,0.19235067430355846
141,52112,0.2436348500488219
141,52113,0.2454830020654197
141,52114,1.0280328685012223
141,52115,2.446333620361584
141,52116,2.7090814727443253
141,52117,1.3379634047039226
141,52118,1.3831204243527961
141,52119,1.7807490713238825
141,52120,1.8083139647922972
141,52121,1.7228981562213947
141,52122,1.3962507469477714
141,52123,0.488810142564216
141,52124,0.331523735003929
141,52125,0.5173106470007819
141,52126,0.2817373708148292
141,52127,0.34587696115084693
141,52128,0.5831175827016968
141,52129,0.3542571391984432
141,52130,0.1107027559685853
141,52131,0.14059556819057836
141,52132,0.1737051225588324
141,52133,0.5573643558619165
141,52134,0.5215235169307021
141,52135,0.7258423868891222
141,52136,1.0439517637988045
141,52137,0.7468631696056165
141,52138,0.2727135468234334
141,52139,0.5921220921086021
141,52140,0.8316750922941928
141,52141,0.7693569182641706
141,52142,0.5037103284490873
141,52143,0.4188378125261438
141,52144,0.6789574055263718
141,52145,0.40540605926226464
141,52146,0.663581546009403
141,52147,0.5147362737314136
141,52148,0.4388086372701894
141,52201,0.6567831464127473
141,52202,0.8102784407226721
141,52203,0.48458183267673366
141,52204,0.4327998913434371
141,52205,0.9132671762404957
141,52206,0.35581708508022364
141,52207,0.4029646846588182
141,52208,0.7673399099597735
141,52209,0.3515829738924505
141,52210,0.2554352264992232
141,52211,0.14536451085909263
141,52212,0.1584364031736655
141,52213,0.16288984895374145
141,52214,0.1466339766990503
141,52215,0.5053652245758077
141,52216,0.32398748640622116
141,52217,0.12342498056348175
141,52218,0.2004131069648394
141,52219,0.10508315113202521
141,52220,0.5120295561258881
141,52221,1.5273233147927645
141,52222,2.515333168486876
141,52223,1.2553037002116452
141,52224,0.914217514517383
141,52225,1.6135848916187356
141,52226,0.8204686113852426
141,52227,1.2500667993742023
141,52228,0.7655158026359584
141,52229,0.9417727009884642
141,52230,0.14213752339080682
141,52231,0.8410728392865626
141,52232,0.4533899878582567
141,52233,0.28708106398212524
141,52234,0.12495828298184686
141,52235,0.46381544166568256
141,52236,0.506941806374762
141,52237,0.14690180495374053
141,52238,0.24227195393970777
141,52239,0.3481483031824165
141,52240,0.7170820984052756
141,52241,0.3360769856262297
141,52242,1.125971987423738
141,52243,0.4173344921896939
141,52244,0.5699994134130494
141,52245,1.1343508999398317
141,52246,0.3465641957602281
141,52247,0.1646276060486371
141,52248,0.3253187319894203
141,52301,0.6420896271413801
141,52302,0.8120417273423072
141,52303,0.31086059336679756
141,52304,0.5944381166120604
141,52305,0.6689398421181448
141,52306,0.8774807720347689
141,52307,0.8566024687194488
141,52308,0.6310033519698905
141,52309,0.6321680359558395
141,52310,0.23369936832166588
141,52311,0.14936573196677963
141,52312,0.20959623451524254
141,52313,2.050800112613257
141,52314,1.9832024129011336
141,52315,1.3418528822163915
141,52316,0.9766495559530411
141,52317,0.6991452472384315
141,52318,2.2359658621638476
141,52319,1.9669933443835559
141,52320,1.4906039247744387
141,52321,1.3889363490243543
141,52322,2.5307231856023717
141,52323,1.049628661859037
141,52324,1.6489959632507618
141,52325,1.2812955892992797
141,52326,0.5262805152296753
141,52327,0.5504571250219055
141,52328,0.7559492379745306
141,52329,0.24789251651836403
141,52330,0.5893362213038271
141,52331,0.29524538262087247
141,52332,0.21953998939205174
141,52333,0.7869781167638361
141,52334,0.18130500415347905
141,52335,0.25720089771559695
141,52336,0.4915575010194021
141,52337,0.3040017921393892
141,52338,0.46745484425681005
141,52339,0.5020750310915867
141,52340,1.0251171924690725
141,52341,0.8403076634803524
141,52342,0.45484924446394065
141,52343,0.8998412032457623
141,52344,0.316932541331527
141,52345,0.25713678818338
141,52346,0.4057462270708381
141,52347,0.14394365381282806
141,52348,0.16016570835898353
141,52401,0.1638757202708175
141,52402,0.66690690912686
141,52403,0.9667924217547095
141,52404,0.7827610638953283
141,52405,0.736703313771046
141,52406,0.2743605944723872
141,52407,0.5320607572314008
141,52408,0.5519854310867198
141,52409,0.6392700971496901
141,52410,0.2741613136112207
141,52411,0.12465612873516191
141,52412,0.2260103264753532
141,52413,0.7129066330071575
141,52414,0.7722783880426616
141,52415,1.1442497288170372
141,52416,2.6215908073695857
141,52417,2.1065294643005275
141,52418,0.5763861808791838
141,52419,0.26649143671798287
141,52420,0.1868371451485251
141,52421,0.2105236155101214
141,52422,0.5757068963278267
141,52423,0.2728054774120308
141,52424,0.39758251062126626
141,52425,0.2617853205212677
141,52426,0.5525654097188202
141,52427,0.825775455362202
141,52428,0.8331372352954817
141,52429,0.30251264422152113
141,52430,0.22167905019623402
141,52431,0.12475861782602589
141,52432,0.164521915059504
141,52433,0.382246220298264
141,52434,0.5912629526035444
141,52435,0.37614576349581036
141,52436,0.2992717542303396
141,52437,0.5539156238231427
141,52438,0.24421563750454392
141,52439,0.3963385363904774
141,52440,0.5423799527566107
141,52441,0.3588984128184574
141,52442,0.6699943318249055
141,52443,0.3971296433643073
141,52444,0.167669326207172
141,52445,0.4226677625590185
141,52446,0.636738458565675
141,52447,0.12742481837445
141,52448,0.16670069162702747
141,52501,0.29078340949154596
141,52502,0.45198140663560427
141,52503,0.42765080811944406
141,52504,0.7031894235867326
141,52505,0.5620641998674368
141,52506,0.2605828134111178
141,52507,0.953540368771695
141,52508,0.8756687153694264
141,52509,0.8249459842505746
141,52510,1.637230062591701
141,52511,1.2892099023591381
141,52512,0.9149522919016789
141,52513,1.5663561576443197
141,52514,0.6963654808260825
141,52515,1.5088336970384155
141,52516,1.5986131270341275
141,52517,1.9040308992646178
141,52518,1.4638701127878857
141,52519,0.9880924926627063
141,52520,1.8835621468961814
141,52521,1.2912161452467577
141,52522,0.6442062907603048
141,52523,0.5772131424234179
141,52524,0.2824706938345447
141,52525,0.6451310815478881
141,52526,0.6475469636565399
141,52527,0.4196319868109676
141,52528,0.3883320077429647
141,52529,0.47243395467960486
141,52530,0.138133948431392
141,52531,0.2192236456298519
141,52532,0.28791450530781015
141,52533,0.4493688647955534
141,52534,0.5121629606146624
141,52535,0.2433037475826361
141,52536,0.5223757569965819
141,52537,0.4042360271048811
141,52538,0.7848118140894197
141,52539,0.3853191000508762
141,52540,0.14750624543351565
141,52541,0.21309177972124413
141,52542,0.31447810851887453
141,52543,0.20917486963977064
141,52544,0.37881702561136504
141,52545,0.158017511868972
141,52546,0.5047507509262134
141,52547,0.11399373975075056
141,52548,0.19514963848853317
141,52601,0.312376809214076
141,52602,0.46384283988453157
141,52603,0.5834250208567506
141,52604,0.7472263556846164
141,52605,0.30270079083945645
141,52606,0.5033144090289733
141,52607,0.8607069667238127
141,52608,0.47158645416379696
141,52609,0.2942882761789049
141,52610,0.7614595915670684
141,52611,0.853644545806718
141,52612,2.4914612776365113
141,52613,1.3567174475220294
141,52614,1.2244932111957432
141,52615,1.5600339560291192
141,52616,0.7610167047234467
141,52617,0.6971798553215107
141,52618,2.310762538632861
141,52619,1.739215501169592
141,52620,2.0186132160536596
141,52621,0.9270181784812317
141,52622,0.4196817749740004
141,52623,1.5960976788198054
141,52624,0.7694159650636571
141,52625,1.0035824724891653
141,52626,0.7775226237826283
141,52627,0.6227662608139838
141,52628,0.8071279755131128
141,52629,0.33899112706919116
141,52630,0.5989556562549965
141,52631,0.583256210064545
141,52632,0.390109568011687
141,52633,0.7903886343147299
141,52634,1.0309595417404174
141,52635,0.83627289468094
141,52636,1.416087814958135
141,52637,1.6585942697427507
141,52638,0.22591464745992335
141,52639,0.5187362554839028
141,52640,0.790446357310098
141,52641,0.2695720860865976
141,52642,0.3280776532920481
141,52643,0.6030944209000458
141,52644,0.3083229745791709
141,52645,0.7736051916308861
141,52646,0.6521881837883593
141,52647,0.29362366643476756
141,52648,0.43582026273697877
141,52701,0.7050018780086359
141,52702,1.0052041004961025
141,52703,0.34087424567297614
141,52704,0.3963597416849232
141,52705,0.8447057207548428
141,52706,0.8467188015351886
141,52707,0.8264641588103927
141,52708,0.617875955646238
141,52709,0.722612206722579
141,52710,0.14486372097183367
141,52711,0.1869459020503089
141,52712,0.19223366967671102
141,52713,0.8962012536584026
141,52714,1.055478024327774
141,52715,1.0013590691454457
141,52716,2.227873872620178
141,52717,2.277081437604379
141,52718,1.2371135091971643
141,52719,1.4832480086006048
141,52720,1.398490870713302
141,52721,0.837213427380972
141,52722,0.7329790124455171
141,52723,0.6477279531934119
141,52724,0.9128636094775927
141,52725,0.689612187698153
141,52726,0.9200221824061252
141,52727,0.24667598220396322
141,52728,0.604583462561594
141,52729,0.34383169032901906
141,52730,0.2527710369428835
141,52731,0.7117661411420692
141,52732,0.3240382097777678
141,52733,0.33802242027735807
141,52734,0.2844637813894186
141,52735,0.2635352423438775
141,52736,0.20897342117076753
141,52737,0.35024210565470487
141,52738,0.651183247829808
141,52739,0.3269616061314468
141,52740,0.3885574085996556
141,52741,0.14624629711164489
141,52742,0.4031775625066959
141,52743,0.24859920160033064
141,52744,0.2664683571289661
141,52745,0.23635743687358976
141,52746,0.3170063769390866
141,52747,0.11273999664117165
141,52748,0.21763284827043286
141,52801,0.20909388439574958
141,52802,0.5212672424889624
141,52803,0.5493878736167622
141,52804,0.8686200984862593
141,52805,0.9472447592890755
141,52806,0.8333901669626718
141,52807,0.2981882370669852
141,52808,0.6003118442274203
141,52809,0.22036862343158958
141,52810,0.13184764382929057
141,52811,0.05983996702456148
141,52812,0.14518135655571493
141,52813,0.11273035898560718
141,52814,0.2883473304685726
141,52815,0.07875288086478786
141,52816,0.7234589575812009
141,52817,1.0992746994066867
141,52818,0.724990771231277
141,52819,1.0320100733132103
141,52820,0.48312237202431574
141,52821,1.0051155566464576
141,52822,2.112461277815136
141,52823,1.5984949051773727
141,52824,0.999711248703624
141,52825,0.7169959418060415
141,52826,0.6281564885240203
141,52827,1.0273625576093544
141,52828,1.55932161836531
141,52829,0.8715171773941771
141,52830,0.6145539899891441
141,52831,1.2570335094271274
141,52832,1.4499908242390964
141,52833,1.1189576454472405
141,52834,1.5876560711069414
141,52835,1.230839725290383
141,52836,1.4525320282442717
141,52837,1.7177586486912775
141,52838,0.5177187506709902
141,52839,0.9554801427885647
141,52840,0.6836293771078321
141,52841,0.5392171066668233
141,52842,0.22713940545402136
141,52843,0.2760959202117772
141,52844,0.5142896408218723
141,52845,0.4330783831270638
141,52846,0.34972668112415156
141,52847,0.3223909900744387
141,52848,0.39336868432358707
141,52901,0.38577153631934824
141,52902,0.6074470198109791
141,52903,0.7782021300244898
141,52904,0.7201549314802203
141,52905,0.5516934758451362
141,52906,0.9907572468180543
141,52907,0.9207181707377148
141,52908,0.44457362698371183
141,52909,0.698411354460547
141,52910,0.4559948504919112
141,52911,0.17639540350361096
141,52912,0.222624946254919
141,52913,0.4095734149636192
141,52914,0.13599594264500622
141,52915,0.08477386689814378
141,52916,0.06952030738640273
141,52917,0.30502554147923694
141,52918,0.19899489487777086
141,52919,0.06407471857874726
141,52920,0.09490316230954618
141,52921,0.4803289989144233
141,52922,1.1521677413441056
141,52923,0.894176243345437
141,52924,1.3828410069847128
141,52925,0.6717767672196803
141,52926,0.9979363578417433
141,52927,0.5745601176974879
141,52928,0.5947772920697632
141,52929,0.4330732625781817
141,52930,0.41364913875051423
141,52931,1.9476830722617477
141,52932,1.550948057662511
141,52933,1.5030880339382608
141,52934,1.1263668935910867
141,52935,0.6220544782034982
141,52936,1.2197864055610492
141,52937,0.5988936434891067
141,52938,0.4287215193830657
141,52939,1.8170004669967847
141,52940,0.6664709196608709
141,52941,0.7990799329437697
141,52942,1.1717845461563074
141,52943,1.3745645107012567
141,52944,0.912105602737201
141,52945,0.41082785939974154
141,52946,1.2999994100359384
141,52947,1.1176837739864192
141,52948,0.7135670761852408
141,53001,0.485243734935409
141,53002,0.2608841397156257
141,53003,0.3880251563358564
141,53004,0.9367957273375258
141,53005,0.8985348574557512
141,53006,0.5320095007934955
141,53007,0.35572435955370635
141,53008,0.49864590906062667
141,53009,0.30742687422613774
141,53010,0.6950194367545516
141,53011,0.8541472282465523
141,53012,0.6558514501266786
141,53013,2.1532237393829377
141,53014,1.7845112000920096
141,53015,2.0839324696952812
141,53016,1.958840689583527
141,53017,1.318801846618974
141,53018,0.8023557649155768
141,53019,0.5146529426119921
141,53020,1.475953349265388
141,53021,1.0780434655180546
141,53022,0.9145217556254978
141,53023,0.9897289050918321
141,53024,1.7221507696141343
141,53025,0.9089856157104805
141,53026,1.1208510213846221
141,53027,0.37556568252561534
141,53028,1.2061585719205559
141,53029,0.6661765755371711
141,53030,1.4648226164309976
141,53031,0.5751414147571792
141,53032,0.2265096807656077
141,53033,0.71878450431415
141,53034,0.592413763881175
141,53035,0.6944469772773607
141,53036,0.44459608965595515
141,53037,0.4954546061167196
141,53038,0.697717663283745
141,53039,0.4093555559332478
141,53040,0.8112831774734758
141,53041,0.5320364276142447
141,53042,0.3046892843585841
141,53043,0.9932415478559987
141,53044,0.7993297105930338
141,53045,0.4179724796920745
141,53046,0.5707590654916521
141,53047,0.5394844907530302
141,53048,0.20095670633762158
141,53101,0.4539700299404596
141,53102,0.3204928028182271
141,53103,0.4232523588750936
141,53104,0.5417098807610103
141,53105,0.359500478232506
141,53106,0.29041184156713373
141,53107,0.76532190703223
141,53108,0.2558573938678607
141,53109,0.34243278661984383
141,53110,0.3391821167519295
141,53111,0.2961659910106159
141,53112,0.22686955448141122
141,53113,1.6934149093256199
141,53114,1.9062649759655494
141,53115,1.2071193568346639
141,53116,1.113548960755198
141,53117,1.4048484316191578
141,53118,1.006146369614446
141,53119,0.22471169715038058
141,53120,0.1174868571831775
141,53121,0.10909244243362866
141,53122,0.2942152489733717
141,53123,0.7536298376566203
141,53124,0.23784457086081612
141,53125,0.4458546798216046
141,53126,0.5945300079026077
141,53127,0.5823512750014177
141,53128,0.9359862151214148
141,53129,1.0415141761565885
141,53130,0.23140655838665927
141,53131,0.43791626148879664
141,53132,0.36928354874562835
141,53133,0.6876527233384575
141,53134,0.25429618612263866
141,53135,0.29671785853591337
141,53136,0.4007232323790047
141,53137,0.4570396209633391
141,53138,0.5070399263214949
141,53139,0.5938643730046802
141,53140,0.5490958160784418
141,53141,0.41214820024960525
141,53142,0.6293108530120092
141,53143,0.3776176097184832
141,53144,0.22276074599166196
141,53145,0.318500210516137
141,53146,0.6269323049334321
141,53147,0.27261830110619995
141,53148,0.40572973823310093
141,53201,0.1636140935956797
141,53202,0.414630713979335
141,53203,0.6395862279667519
141,53204,0.8962782872268329
141,53205,0.2815119646657257
141,53206,0.6723435640204214
141,53207,0.8967553213061789
141,53208,0.9968093529590806
141,53209,0.9575698002579796
141,53210,0.252813050080316
141,53211,0.112349629268198
141,53212,1.4824703964764556
141,53213,1.3316316546244662
141,53214,1.6502519322949962
141,53215,0.9600993411291996
141,53216,1.2016855600684624
141,53217,1.1139008197228917
141,53218,1.2896017584949906
141,53219,1.0913285845883889
141,53220,1.5912350338070207
141,53221,1.602385635670538
141,53222,0.28988698853778727
141,53223,0.4084522023296458
141,53224,1.0117066501181904
141,53225,0.643635378772522
141,53226,0.6155113757311488
141,53227,0.7581130630068375
141,53228,0.7401047798454771
141,53229,0.9691236214922428
141,53230,0.345415095456172
141,53231,0.8572495997379149
141,53232,0.5621721431450403
141,53233,0.22057135386939686
141,53234,1.1171654413298109
141,53235,0.3626456285709723
141,53236,0.3112159942283498
141,53237,0.3028608878674073
141,53238,0.3132226533824808
141,53239,0.8022054329114549
141,53240,0.5654985633109579
141,53241,1.5419117347937827
141,53242,0.7597657862005432
141,53243,0.7469529397329251
141,53244,0.4071128163940438
141,53245,0.6057631274047934
141,53246,0.6782074001966749
141,53247,0.5928565999789195
141,53248,0.49941821264117925
141,53301,0.3582431677610119
141,53302,0.3903753866762505
141,53303,0.5706713187975243
141,53304,0.3780056419787508
141,53305,0.758383705138662
141,53306,0.8147562206190531
141,53307,0.27600550877048563
141,53308,0.47232775334212523
141,53309,0.3602375118417201
141,53310,0.42722787658733047
141,53311,0.0891832747493035
141,53312,0.1717700989404073
141,53313,0.25168718189203937
141,53314,0.07018014180674934
141,53315,0.32678450415582627
141,53316,0.3445612330521166
141,53317,0.21141860589499067
141,53318,0.23038051128116116
141,53319,0.09106653737250522
141,53320,0.32045750823493424
141,53321,0.17040200175364464
141,53322,0.24856307105792902
141,53323,0.5712705494851575
141,53324,0.4505290047185013
141,53325,0.8887152906836838
141,53326,2.121338278423281
141,53327,1.0497193815524573
141,53328,0.5751743299246891
141,53329,0.8489813841149546
141,53330,0.6507090808040602
141,53331,0.7423891769908755
141,53332,0.38056110743658506
141,53333,0.13503672486179935
141,53334,0.4359750433592044
141,53335,0.26558482906686953
141,53336,0.4387553149771447
141,53337,0.39560391267320566
141,53338,0.5468660913733773
141,53339,0.21289491005851038
141,53340,1.274916188588677
141,53341,0.35015010762528415
141,53342,0.5927062644992153
141,53343,0.7368686894649753
141,53344,0.885964611148937
141,53345,0.5956320013467564
141,53346,0.6494060169342871
141,53347,0.16065167472449302
141,53348,0.17151863528027023
141,53401,0.08641264975368157
141,53402,0.4119965557293338
141,53403,0.9140652821278397
141,53404,0.542211803237852
141,53405,0.4133388620089568
141,53406,0.26953587344028157
141,53407,0.5188595550314656
141,53408,0.9862290791089133
141,53409,0.879457603360862
141,53410,0.9337344644213541
141,53411,0.054802542911278826
141,53412,0.1125621308148287
141,53413,0.1371489616632676
141,53414,0.17892763932681197
141,53415,0.11424036320358032
141,53416,0.20164282275218431
141,53417,0.13967776076019384
141,53418,0.32222907002650103
141,53419,0.07370724043422769
141,53420,0.12174231415698017
141,53421,0.10947413156022104
141,53422,0.7027183479984765
141,53423,1.1611785430534525
141,53424,1.0280870487961273
141,53425,0.44651911566986824
141,53426,0.3006904215620649
141,53427,0.5512719983226764
141,53428,0.830178521040973
141,53429,0.5530277445760193
141,53430,0.6945699102434121
141,53431,0.11403628005720659
141,53432,0.13651037809687994
141,53433,0.0907667847853708
141,53434,0.17395333585701342
141,53435,0.22714163020966346
141,53436,0.5579860009177727
141,53437,0.5751251357817228
141,53438,0.7994610580596483
141,53439,0.18537170832624514
141,53440,0.12775674579570748
141,53441,0.38019915886708444
141,53442,0.34176771120626176
141,53443,0.13788956303946578
141,53444,0.1349285506015507
141,53445,0.1766929026515383
141,53446,0.4468565831153394
141,53447,0.5480955582895879
141,53448,0.3686308123023369
141,53501,0.2250530324789216
141,53502,0.4278387987642756
141,53503,0.7074960979537568
141,53504,0.35355438605068645
141,53505,0.40468451760500335
141,53506,0.43186625520308014
141,53507,0.25149394096645267
141,53508,0.4389215452877477
141,53509,0.4771521433280437
141,53510,0.3013790325288723
141,53511,0.27104438618377175
141,53512,0.0948054245339999
141,53513,0.1255639657582605
141,53514,1.0355825035866444
141,53515,2.0288065722763613
141,53516,1.8025872220750383
141,53517,1.1976657488751241
141,53518,1.922190638374031
141,53519,1.4723674295063196
141,53520,0.6863801479997649
141,53521,2.277363651643399
141,53522,0.6057297125682543
141,53523,1.1127441642735676
141,53524,0.7280808497580592
141,53525,0.7321528399547022
141,53526,0.7978027126861711
141,53527,0.8837258203108509
141,53528,0.9271097227827848
141,53529,0.48994846668506337
141,53530,0.3502458649703363
141,53531,0.05868536952743805
141,53532,0.10298168401255356
141,53533,1.1799103546450207
141,53534,0.6331071488149478
141,53535,0.7770712502618337
141,53536,1.0252295183266367
141,53537,1.3362741874192867
141,53538,1.2298913020445128
141,53539,0.9314902845040406
141,53540,1.5732771717368774
141,53541,0.5696288826769708
141,53542,0.7882434156384125
141,53543,1.3697272357853791
141,53544,0.8965528817138844
141,53545,0.7329065798165562
141,53546,0.6122101550559572
141,53547,1.259850766548703
141,53548,0.2537943067697197
141,53601,0.2079865086502618
141,53602,0.35876089296960567
141,53603,0.6927945210539684
141,53604,0.2589575738447538
141,53605,0.5698338480772489
141,53606,0.9446777203945529
141,53607,0.8562638121415684
141,53608,0.4313358852052777
141,53609,0.3993564142897256
141,53610,0.9765560987259357
141,53611,0.17421118889723503
141,53612,0.13480904840241498
141,53613,0.30255628102294585
141,53614,2.3261582057640937
141,53615,1.045922546200749
141,53616,2.1923524129853793
141,53617,2.0311253946795076
141,53618,1.5538344040407437
141,53619,0.5025831725785995
141,53620,0.12361761802373905
141,53621,0.18644580301915956
141,53622,0.35076644759372766
141,53623,0.7712692269724362
141,53624,0.2441740618177223
141,53625,0.6611195449840245
141,53626,0.990604008221889
141,53627,0.3117401955327537
141,53628,0.7978764084304693
141,53629,0.929021908411341
141,53630,0.7780387318638691
141,53631,0.13740172690986838
141,53632,0.2538715362277639
141,53633,0.11115810502060704
141,53634,0.2870137008871659
141,53635,0.2906272157118388
141,53636,0.328164798377087
141,53637,0.1391196275587299
141,53638,0.5876798234584968
141,53639,0.20545884348410107
141,53640,0.8679988799723962
141,53641,0.5370313868760138
141,53642,0.8614522942348078
141,53643,0.6334850174647475
141,53644,0.832080672418799
141,53645,0.7202597558951613
141,53646,0.592548930065225
141,53647,0.3442692793473569
141,53648,0.21889341637232407
141,53701,0.13340394010482662
141,53702,0.3685506381174297
141,53703,0.820723911679087
141,53704,0.3697093289778133
141,53705,0.2622209111362229
141,53706,0.3921820989671227
141,53707,0.8539055721674539
141,53708,0.22006863940306126
141,53709,0.6920238005636578
141,53710,0.3583233109496669
141,53711,0.14840080137396103
141,53712,0.1746754426252251
141,53713,0.2835325626538703
141,53714,0.7619687463058478
141,53715,1.9295682732583026
141,53716,1.1403381182497792
141,53717,0.6111368547508845
141,53718,0.6859005451592133
141,53719,1.2145968307347081
141,53720,0.2102745087975197
141,53721,0.3249301366750173
141,53722,0.3574703877107851
141,53723,0.5562637021700246
141,53724,0.4339201328700793
141,53725,0.24362672436244237
141,53726,0.8461998711608425
141,53727,0.5425509586942413
141,53728,0.3946494713392351
141,53729,0.5898083193130607
141,53730,0.5745800026453707
141,53731,0.1842151832327445
141,53732,0.18339905389490233
141,53733,0.32800338822415404
141,53734,0.31289816006713417
141,53735,0.18624138442387816
141,53736,0.6268205042389008
141,53737,0.41230170940419364
141,53738,0.6318076630434883
141,53739,0.5062591932728433
141,53740,0.9806096335087857
141,53741,0.36291874943636815
141,53742,0.30586459525144644
141,53743,1.0513829392605767
141,53744,0.8269538065995514
141,53745,0.7721081281498972
141,53746,0.5236776602001628
141,53747,0.4361436172042557
141,53748,0.7336048662851039
141,53801,0.2180648492557371
141,53802,0.2399029200396296
141,53803,0.7856449382902609
141,53804,0.6765124018801048
141,53805,0.8880221055351114
141,53806,0.8377223755640061
141,53807,0.26823287218830044
141,53808,0.4254624983494008
141,53809,0.5164016595897515
141,53810,0.715092536965356
141,53811,0.18105826785362308
141,53812,0.14724834855782465
141,53813,0.6547632794983896
141,53814,1.8228734105762348
141,53815,2.959312397364944
141,53816,0.7468363345704792
141,53817,2.322598536158185
141,53818,0.8549830010705008
141,53819,1.8977927805799004
141,53820,0.0572350312175541
141,53821,0.058347911750936454
141,53822,0.2732864443000168
141,53823,0.9816160653704087
141,53824,0.8736426497077565
141,53825,0.2704934210549249
141,53826,0.2293679591579843
141,53827,0.6671212709892156
141,53828,0.24796925505937245
141,53829,0.28232596597594634
141,53830,0.3983326391766484
141,53831,0.1906181937071605
141,53832,0.3061451187133917
141,53833,0.46126057025828676
141,53834,0.1915632852949887
141,53835,0.4539103041357154
141,53836,0.29903633924963446
141,53837,0.5059932570181891
141,53838,0.7344662412845222
141,53839,1.002607418599999
141,53840,1.536214333897538
141,53841,0.7256847300976912
141,53842,0.21108934754109462
141,53843,0.3041293489396817
141,53844,0.5399699553140336
141,53845,0.3766449398777678
141,53846,0.5310569287479641
141,53847,0.22926032449346329
141,53848,0.485335638069536
141,53901,0.18964085610603057
141,53902,0.4487388015685459
141,53903,0.7630190162225509
141,53904,0.3820756782916103
141,53905,0.44830719975288447
141,53906,0.8161428990936546
141,53907,0.6015841021036125
141,53908,0.46851606769959264
141,53909,0.3939343224400169
141,53910,0.752248923326874
141,53911,0.19811657734979607
141,53912,0.20641786726378453
141,53913,0.178995444921054
141,53914,1.7208938567103125
141,53915,2.0388405559471954
141,53916,1.4697249883140397
141,53917,2.353350599157358
141,53918,2.0376456918007873
141,53919,1.7886294680042856
141,53920,1.7180483293351778
141,53921,0.7274573165212603
141,53922,1.6340751712240806
141,53923,0.34727106116167844
141,53924,0.7623663272338861
141,53925,1.1810034089813124
141,53926,0.9878878960726412
141,53927,0.650540793230736
141,53928,0.931448670669298
141,53929,0.6121817448446404
141,53930,0.3032396576326307
141,53931,0.4248453443958791
141,53932,0.29611098029121
141,53933,0.13889618677646434
141,53934,0.30622672853179655
141,53935,0.3757012260189094
141,53936,0.2420017214273837
141,53937,0.7616658956758169
141,53938,0.7901256700850954
141,53939,0.6882358090173576
141,53940,0.48602073901907905
141,53941,0.779109212338818
141,53942,0.5923855971659464
141,53943,0.5448627279602535
141,53944,0.2349924404284337
141,53945,0.4508284081904271
141,53946,0.6705349856130002
141,53947,0.15630507050462394
141,53948,0.17868205410944094
141,54001,0.3151785206641956
141,54002,0.43771891939899843
141,54003,0.6919404087180417
141,54004,0.5980881583414768
141,54005,0.5591434200532763
141,54006,0.6270134551405517
141,54007,0.8797783889137221
141,54008,0.42789769065099326
141,54009,0.8793117865854357
141,54010,0.6764230863261247
141,54011,0.18388233979213947
141,54012,0.18392378320195682
141,54013,0.21179668161640117
141,54014,1.562404784901659
141,54015,0.779545006711114
141,54016,0.7676550987056785
141,54017,1.4342849577482881
141,54018,1.2146211725509997
141,54019,0.7141912601869003
141,54020,0.1253829368018877
141,54021,0.4099180492535352
141,54022,0.32810732558709055
141,54023,0.5163589617226522
141,54024,0.8839702500333985
141,54025,0.8118479482463377
141,54026,0.25419003703499127
141,54027,0.35253793105645514
141,54028,0.8746434962202828
141,54029,0.5665021470484316
141,54030,0.1914498773669594
141,54031,0.2852983884113931
141,54032,0.2334383971570998
141,54033,0.257620886362082
141,54034,0.263635837490822
141,54035,0.26835912437188847
141,54036,0.2551285539949144
141,54037,0.5531358305382422
141,54038,0.3204310710474803
141,54039,0.25366917263190586
141,54040,0.46334108330153
141,54041,0.21000357123848556
141,54042,0.37379563818579287
141,54043,0.5529385159986575
141,54044,0.7039462169154797
141,54045,0.6338155365947579
141,54046,0.6200545519381421
141,54047,0.5138964285869576
141,54048,0.19669260927303514
141,54101,0.2570237723460024
141,54102,0.6227263023972711
141,54103,0.7816138882012617
141,54104,0.33987852004316815
141,54105,0.4211100906581876
141,54106,0.7225384022451646
141,54107,0.4236386603637179
141,54108,0.2837630248302685
141,54109,0.2316572941588962
141,54110,0.9975473809056381
141,54111,0.290860528297975
141,54112,0.2104109646253182
141,54113,0.2967075761822245
141,54114,0.1333071966850667
141,54115,0.07888433881600189
141,54116,0.1375718023817621
141,54117,1.8114552779673792
141,54118,1.4714889925042927
141,54119,2.4417068225224345
141,54120,1.9755573389037215
141,54121,2.160321845740917
141,54122,2.4908019471337974
141,54123,0.7206691796411323
141,54124,0.6249785509376766
141,54125,0.6807134215632716
141,54126,0.418790075186265
141,54127,0.9807540801328192
141,54128,0.9249506111699036
141,54129,0.7898007625075174
141,54130,0.4879111159221375
141,54131,0.3975714137963909
141,54132,0.18371552203580968
141,54133,0.22987684377232906
141,54134,0.2614252329897493
141,54135,0.1406647320414761
141,54136,0.2062879838650234
141,54137,0.42015494436676076
141,54138,0.16813309507406704
141,54139,0.56574840845087
141,54140,0.4220464492784739
141,54141,0.4225551929849359
141,54142,0.5391452330427725
141,54143,0.6197717382782337
141,54144,0.5063479640434781
141,54145,0.7336430172370138
141,54146,0.21475330056367442
141,54147,0.18308444888576345
141,54148,0.45101071198994486
141,54201,0.35134358444059205
141,54202,0.25369136917298685
141,54203,0.7823962638552788
141,54204,0.6571154347160126
141,54205,0.43770913513384374
141,54206,0.3419897896714951
141,54207,0.22016401629282617
141,54208,0.8179492046801737
141,54209,0.8707782770326689
141,54210,0.32958075949026217
141,54211,0.15698595101423918
141,54212,0.28597055931391346
141,54213,0.37726877864416575
141,54214,0.2627507367636285
141,54215,0.07406459245584134
141,54216,0.06989839541379991
141,54217,0.16860656284008663
141,54218,1.6624565377734737
141,54219,1.6384376015232847
141,54220,1.914113261234809
141,54221,1.0443561206057128
141,54222,0.9909188420256515
141,54223,0.4732813645593998
141,54224,0.7872408025891257
141,54225,0.6130931932817523
141,54226,0.7422103955378703
141,54227,2.0801855549867416
141,54228,0.28384460236943376
141,54229,0.8241107343060933
141,54230,0.38061259086110144
141,54231,0.5369747555145988
141,54232,0.4345555659502243
141,54233,0.5181362912765782
141,54234,0.553208634870559
141,54235,0.7481584327480256
141,54236,0.8625896528285624
141,54237,0.7026218127023991
141,54238,0.26052695185949487
141,54239,1.3565204158775541
141,54240,1.3780382769716948
141,54241,0.7533852388387798
141,54242,0.693368291021733
141,54243,1.0266727870524703
141,54244,0.9980972123965421
141,54245,0.5666412696581151
141,54246,0.4035459952032859
141,54247,0.20909645391786105
141,54248,0.32821865032926983
